0 0.404296875 0.4736328125 0.025390625 0.013671875
0 0.6416015625 0.6484375 0.025390625 0.013671875
0 0.916015625 0.748046875 0.025390625 0.013671875
0 0.625 0.4697265625 0.025390625 0.013671875
0 0.9169921875 0.6484375 0.025390625 0.013671875
0 0.9501953125 0.6748046875 0.025390625 0.013671875
0 0.9169921875 0.5166015625 0.025390625 0.013671875
0 0.3818359375 0.3515625 0.025390625 0.013671875
0 0.6416015625 0.697265625 0.025390625 0.013671875
0 0.6259765625 0.2880859375 0.025390625 0.013671875
0 0.8271484375 0.697265625 0.025390625 0.013671875
0 0.6240234375 0.3828125 0.025390625 0.013671875
0 0.380859375 0.2822265625 0.025390625 0.013671875
0 0.9482421875 0.4921875 0.025390625 0.013671875
0 0.8271484375 0.6484375 0.025390625 0.013671875