0 0.9501953125 0.6748046875 0.025390625 0.013671875
0 0.4501953125 0.3759765625 0.025390625 0.013671875
0 0.826171875 0.4716796875 0.025390625 0.013671875
0 0.404296875 0.4736328125 0.025390625 0.013671875
0 0.9169921875 0.701171875 0.025390625 0.013671875
0 0.8251953125 0.744140625 0.025390625 0.013671875
0 0.6240234375 0.3828125 0.025390625 0.013671875
0 0.947265625 0.7216796875 0.025390625 0.013671875
0 0.6259765625 0.2880859375 0.025390625 0.013671875
0 0.916015625 0.4697265625 0.025390625 0.013671875
0 0.8271484375 0.697265625 0.025390625 0.013671875
0 0.625 0.3359375 0.025390625 0.013671875
0 0.6416015625 0.6484375 0.025390625 0.013671875
0 0.8271484375 0.5185546875 0.025390625 0.013671875
0 0.4033203125 0.572265625 0.025390625 0.013671875