0 0.3427734375 0.5947265625 0.025390625 0.013671875
0 0.341796875 0.5478515625 0.025390625 0.013671875
0 0.380859375 0.3984375 0.025390625 0.013671875
0 0.8583984375 0.7216796875 0.025390625 0.013671875
0 0.625 0.4697265625 0.025390625 0.013671875
0 0.861328125 0.6728515625 0.025390625 0.013671875
0 0.9169921875 0.5166015625 0.025390625 0.013671875
0 0.6416015625 0.6484375 0.025390625 0.013671875
0 0.4501953125 0.3046875 0.025390625 0.013671875
0 0.8251953125 0.744140625 0.025390625 0.013671875
0 0.9169921875 0.6484375 0.025390625 0.013671875
0 0.380859375 0.2822265625 0.025390625 0.013671875