0 0.9169921875 0.701171875 0.025390625 0.013671875
0 0.9501953125 0.6748046875 0.025390625 0.013671875
0 0.625 0.3359375 0.025390625 0.013671875
0 0.341796875 0.5478515625 0.025390625 0.013671875
0 0.67578125 0.7685546875 0.025390625 0.013671875
0 0.3447265625 0.6767578125 0.025390625 0.013671875
0 0.380859375 0.3984375 0.025390625 0.013671875
0 0.8271484375 0.6484375 0.025390625 0.013671875
0 0.8271484375 0.697265625 0.025390625 0.013671875
0 0.4501953125 0.3759765625 0.025390625 0.013671875
0 0.916015625 0.748046875 0.025390625 0.013671875