0 0.947265625 0.33984375 0.025390625 0.013671875
0 0.6240234375 0.3828125 0.025390625 0.013671875
0 0.4169921875 0.3291015625 0.025390625 0.013671875
0 0.380859375 0.2822265625 0.025390625 0.013671875
0 0.9482421875 0.388671875 0.025390625 0.013671875
0 0.8251953125 0.744140625 0.025390625 0.013671875
0 0.4033203125 0.572265625 0.025390625 0.013671875
0 0.9482421875 0.29296875 0.025390625 0.013671875
0 0.8271484375 0.5185546875 0.025390625 0.013671875
0 0.640625 0.74609375 0.025390625 0.013671875
0 0.341796875 0.5478515625 0.025390625 0.013671875
0 0.625 0.4697265625 0.025390625 0.013671875
0 0.6416015625 0.794921875 0.025390625 0.013671875
0 0.67578125 0.7685546875 0.025390625 0.013671875