0 0.49221246006389774 0.2106299212598425 0.009984025559105431 0.011811023622047244
0 0.9726437699680511 0.2983689538807649 0.009984025559105431 0.011811023622047244
0 0.42671725239616615 0.8652980877390326 0.009984025559105431 0.011811023622047244
0 0.6735223642172524 0.9417885264341957 0.009984025559105431 0.011811023622047244
0 0.4790335463258786 0.9114173228346457 0.009984025559105431 0.011811023622047244
0 0.9291134185303515 0.4620359955005624 0.009984025559105431 0.011811023622047244
0 0.9257188498402555 0.8101799775028121 0.00878594249201278 0.012935883014623173
0 0.659944089456869 0.18250843644544432 0.009984025559105431 0.011811023622047244
0 0.7865415335463258 0.6510123734533183 0.009984025559105431 0.011811023622047244
0 0.9376996805111821 0.9266029246344207 0.00878594249201278 0.012935883014623173
0 0.1619408945686901 0.7792463442069741 0.009984025559105431 0.011811023622047244
0 0.9265175718849841 0.9502249718785152 0.00878594249201278 0.012935883014623173
0 0.49181309904153353 0.3737345331833521 0.009984025559105431 0.011811023622047244