0 0.9059645351961311 0.29422930903568717 0.017195056421278884 0.017463933181473046
0 0.5572272971520688 0.5918754745634016 0.017195056421278884 0.017463933181473046
0 0.5900053734551316 0.26917236142748674 0.017195056421278884 0.017463933181473046
0 0.7635679742074154 0.4054669703872437 0.010746910263299301 0.016704631738800303
0 0.7549704459967759 0.8234624145785877 0.017195056421278884 0.017463933181473046
0 0.7635679742074154 0.4533029612756264 0.010746910263299301 0.016704631738800303
0 0.9054271896829661 0.3375094912680334 0.017195056421278884 0.017463933181473046
0 0.5857066093498119 0.785876993166287 0.010746910263299301 0.016704631738800303
0 0.5142396560988716 0.6116173120728929 0.017195056421278884 0.017463933181473046
0 0.47178936055883935 0.7414578587699316 0.017195056421278884 0.017463933181473046
0 0.7565824825362708 0.9191343963553531 0.017195056421278884 0.017463933181473046
0 0.800644814615798 0.7566438876233865 0.017195056421278884 0.017463933181473046
0 0.7635679742074154 0.49658314350797267 0.010746910263299301 0.016704631738800303
0 0.5878559914024718 0.7198177676537585 0.010746910263299301 0.016704631738800303
0 0.9247716281569048 0.3621867881548975 0.010746910263299301 0.016704631738800303