0 0.6136752136752137 0.5306204673650282 0.018233618233618232 0.016921837228041903
0 0.46096866096866096 0.3356164383561644 0.012535612535612535 0.015310233682514102
0 0.4928774928774929 0.3106365834004835 0.012535612535612535 0.015310233682514102
0 0.4905982905982906 0.9254633360193393 0.018233618233618232 0.016921837228041903
0 0.4598290598290598 0.08501208702659147 0.012535612535612535 0.015310233682514102
0 0.8575498575498576 0.403303787268332 0.018233618233618232 0.016921837228041903
0 0.45356125356125354 0.7006446414182111 0.018233618233618232 0.016921837228041903
0 0.8547008547008547 0.9125705076551168 0.018233618233618232 0.016921837228041903
0 0.7356125356125356 0.9286865431103949 0.018233618233618232 0.016921837228041903
0 0.6153846153846154 0.927880741337631 0.018233618233618232 0.016921837228041903
0 0.7333333333333333 0.3920225624496374 0.018233618233618232 0.016921837228041903
0 0.0962962962962963 0.9609186140209508 0.018233618233618232 0.016921837228041903