0 0.9692307692307692 0.19298952457695406 0.018233618233618232 0.016921837228041903
0 0.8575498575498576 0.403303787268332 0.018233618233618232 0.016921837228041903
0 0.6153846153846154 0.15995165189363417 0.018233618233618232 0.016921837228041903
0 0.4603988603988604 0.13336019339242547 0.012535612535612535 0.015310233682514102
0 0.3037037037037037 0.3098307816277196 0.018233618233618232 0.016921837228041903
0 0.09515669515669516 0.8311845286059629 0.018233618233618232 0.016921837228041903
0 0.30427350427350425 0.17767929089443996 0.018233618233618232 0.016921837228041903
0 0.49002849002849 0.5572119258662369 0.018233618233618232 0.016921837228041903
0 0.4905982905982906 0.9254633360193393 0.018233618233618232 0.016921837228041903
0 0.6136752136752137 0.5306204673650282 0.018233618233618232 0.016921837228041903
0 0.49173789173789173 0.3597904915390814 0.012535612535612535 0.015310233682514102
0 0.8575498575498576 0.35576148267526186 0.018233618233618232 0.016921837228041903
0 0.19829059829059828 0.3098307816277196 0.018233618233618232 0.016921837228041903
0 0.19886039886039886 0.830378726833199 0.018233618233618232 0.016921837228041903