0 0.8547008547008547 0.6522965350523772 0.018233618233618232 0.016921837228041903
0 0.7356125356125356 0.34206285253827556 0.018233618233618232 0.016921837228041903
0 0.6153846153846154 0.8771152296535052 0.018233618233618232 0.016921837228041903
0 0.9692307692307692 0.7747784045124899 0.018233618233618232 0.016921837228041903
0 0.852991452991453 0.5427074939564867 0.018233618233618232 0.016921837228041903
0 0.8575498575498576 0.35576148267526186 0.018233618233618232 0.016921837228041903
0 0.6136752136752137 0.5306204673650282 0.018233618233618232 0.016921837228041903
0 0.2 0.17767929089443996 0.018233618233618232 0.016921837228041903
0 0.7356125356125356 0.7038678485092668 0.018233618233618232 0.016921837228041903
0 0.4905982905982906 0.8763094278807413 0.018233618233618232 0.016921837228041903
0 0.09515669515669516 0.7006446414182111 0.018233618233618232 0.016921837228041903
0 0.30427350427350425 0.17767929089443996 0.018233618233618232 0.016921837228041903
0 0.8552706552706553 0.9536663980660758 0.018233618233618232 0.016921837228041903