0 0.5025655644241733 0.9403225806451613 0.013112884834663626 0.01935483870967742
0 0.5028506271379704 0.8387096774193549 0.013112884834663626 0.01935483870967742
0 0.34806157354618017 0.6709677419354839 0.01767388825541619 0.01935483870967742
0 0.6934150513112884 0.3157258064516129 0.016818700114025087 0.01935483870967742
0 0.7363169897377423 0.9604838709677419 0.013112884834663626 0.01935483870967742
0 0.9615165336374002 0.8887096774193548 0.013112884834663626 0.01935483870967742
0 0.5025655644241733 0.9641129032258065 0.013112884834663626 0.01935483870967742
0 0.27765108323831245 0.8673387096774193 0.013112884834663626 0.01935483870967742
0 0.30273660205245156 0.8661290322580645 0.013112884834663626 0.01935483870967742
0 0.30273660205245156 0.8358870967741936 0.013112884834663626 0.01935483870967742
0 0.7202109464082098 0.6201612903225806 0.02708095781071836 0.02338709677419355
0 0.5276510832383124 0.9141129032258064 0.013112884834663626 0.01935483870967742