0 0.4847491448118586 0.6391129032258065 0.016818700114025087 0.01935483870967742
0 0.7363169897377423 0.932258064516129 0.013112884834663626 0.01935483870967742
0 0.08338084378563283 0.6838709677419355 0.033352337514253136 0.020967741935483872
0 0.34806157354618017 0.6709677419354839 0.01767388825541619 0.01935483870967742
0 0.7363169897377423 0.9032258064516129 0.013112884834663626 0.01935483870967742
0 0.7202109464082098 0.6201612903225806 0.02708095781071836 0.02338709677419355
0 0.5276510832383124 0.8879032258064516 0.013112884834663626 0.01935483870967742
0 0.5028506271379704 0.8637096774193549 0.013112884834663626 0.01935483870967742
0 0.5028506271379704 0.8387096774193549 0.013112884834663626 0.01935483870967742
0 0.5034207525655644 0.8887096774193548 0.013112884834663626 0.01935483870967742
0 0.5276510832383124 0.9395161290322581 0.013112884834663626 0.01935483870967742
0 0.21336944127708096 0.425 0.033352337514253136 0.020967741935483872
0 0.5034207525655644 0.9153225806451613 0.013112884834663626 0.01935483870967742
0 0.5276510832383124 0.964516129032258 0.013112884834663626 0.01935483870967742