0 0.3414771810998226 0.40849486887115166 0.007901951298177712 0.013683010262257697
0 0.49564586357039186 0.38768529076396807 0.007901951298177712 0.013683010262257697
0 0.7643122077084341 0.8722919042189282 0.007901951298177712 0.013683010262257697
0 0.49564586357039186 0.4284492588369441 0.007901951298177712 0.013683010262257697
0 0.49548459925818417 0.30758266818700114 0.007901951298177712 0.013683010262257697
0 0.7510885341074021 0.5883694412770809 0.007901951298177712 0.013683010262257697
0 0.3229317851959361 0.636259977194983 0.007901951298177712 0.013683010262257697
0 0.9292855990969199 0.7155074116305588 0.007901951298177712 0.013683010262257697
0 0.49564586357039186 0.32867730900798175 0.007901951298177712 0.013683010262257697
0 0.48774391227221414 0.6901368301026226 0.007901951298177712 0.013683010262257697
0 0.6694887921303015 0.620866590649943 0.007901951298177712 0.013683010262257697
0 0.4779067892275439 0.36801596351197263 0.007901951298177712 0.013683010262257697
0 0.341799709724238 0.48916761687571264 0.007901951298177712 0.013683010262257697