0 0.739477503628447 0.7180729760547321 0.007901951298177712 0.013683010262257697
0 0.4779067892275439 0.4284492588369441 0.007901951298177712 0.013683010262257697
0 0.49564586357039186 0.4284492588369441 0.007901951298177712 0.013683010262257697
0 0.8380099983873569 0.87115165336374 0.007901951298177712 0.013683010262257697
0 0.8372036768263184 0.7180729760547321 0.007901951298177712 0.013683010262257697
0 0.4779067892275439 0.306442417331813 0.007901951298177712 0.013683010262257697
0 0.28326076439283987 0.7186431014823261 0.007901951298177712 0.013683010262257697
0 0.3377681019190453 0.6083238312428735 0.007901951298177712 0.013683010262257697
0 0.30793420416061923 0.8814139110604333 0.007901951298177712 0.013683010262257697
0 0.3084179970972424 0.346921322690992 0.007901951298177712 0.013683010262257697
0 0.5259635542654411 0.4888825541619156 0.007901951298177712 0.013683010262257697
0 0.3261570714400903 0.30758266818700114 0.007901951298177712 0.013683010262257697