0 0.7363169897377423 0.9032258064516129 0.013112884834663626 0.01935483870967742
0 0.6948403648802737 0.3439516129032258 0.016818700114025087 0.01935483870967742
0 0.3675883694412771 0.425 0.033352337514253136 0.020967741935483872
0 0.34734891676168755 0.6427419354838709 0.016248574686431014 0.01532258064516129
0 0.5025655644241733 0.9403225806451613 0.013112884834663626 0.01935483870967742
0 0.7363169897377423 0.9604838709677419 0.013112884834663626 0.01935483870967742
0 0.34806157354618017 0.6709677419354839 0.01767388825541619 0.01935483870967742
0 0.5034207525655644 0.8887096774193548 0.013112884834663626 0.01935483870967742
0 0.9370011402508552 0.8455645161290323 0.013112884834663626 0.01935483870967742
0 0.9372862029646523 0.9358870967741936 0.013112884834663626 0.01935483870967742
0 0.9378563283922463 0.8887096774193548 0.013112884834663626 0.01935483870967742