0 0.9378563283922463 0.8887096774193548 0.013112884834663626 0.01935483870967742
0 0.9372862029646523 0.9358870967741936 0.013112884834663626 0.01935483870967742
0 0.8710091220068416 0.2979838709677419 0.016818700114025087 0.01935483870967742
0 0.9615165336374002 0.8887096774193548 0.013112884834663626 0.01935483870967742
0 0.5276510832383124 0.964516129032258 0.013112884834663626 0.01935483870967742
0 0.27765108323831245 0.8673387096774193 0.013112884834663626 0.01935483870967742
0 0.7363169897377423 0.8459677419354839 0.013112884834663626 0.01935483870967742
0 0.5276510832383124 0.9395161290322581 0.013112884834663626 0.01935483870967742
0 0.5034207525655644 0.9153225806451613 0.013112884834663626 0.01935483870967742
0 0.7363169897377423 0.8754032258064516 0.013112884834663626 0.01935483870967742
0 0.512115165336374 0.3443548387096774 0.016818700114025087 0.01935483870967742