0 0.3377681019190453 0.6083238312428735 0.007901951298177712 0.013683010262257697
0 0.9597645541041767 0.8115735461801596 0.007901951298177712 0.013683010262257697
0 0.5109659732301242 0.4888825541619156 0.007901951298177712 0.013683010262257697
0 0.33760683760683763 0.8269669327251995 0.007901951298177712 0.013683010262257697
0 0.471778745363651 0.790193842645382 0.007901951298177712 0.013683010262257697
0 0.341799709724238 0.48916761687571264 0.007901951298177712 0.013683010262257697
0 0.8617158522818901 0.6120296465222349 0.007901951298177712 0.013683010262257697
0 0.9271891630382196 0.17759407069555302 0.007901951298177712 0.013683010262257697
0 0.47242380261248185 0.9144811858608894 0.007901951298177712 0.013683010262257697
0 0.9217061764231576 0.21949828962371723 0.007901951298177712 0.013683010262257697
0 0.739477503628447 0.6111744583808438 0.007901951298177712 0.013683010262257697
0 0.47774552491533623 0.5088369441277081 0.007901951298177712 0.013683010262257697