0 0.5552039381153305 0.3576388888888889 0.009142053445850914 0.012152777777777778
0 0.30063291139240506 0.8893229166666666 0.009142053445850914 0.014756944444444444
0 0.5566104078762306 0.6892361111111112 0.009142053445850914 0.012152777777777778
0 0.22749648382559776 0.2764756944444444 0.009142053445850914 0.014756944444444444
0 0.24859353023909986 0.14366319444444445 0.009142053445850914 0.014756944444444444
0 0.26547116736990156 0.2339409722222222 0.009142053445850914 0.014756944444444444
0 0.299929676511955 0.7365451388888888 0.009142053445850914 0.014756944444444444
0 0.5580168776371308 0.12239583333333333 0.009142053445850914 0.012152777777777778
0 0.5559071729957806 0.8255208333333334 0.009142053445850914 0.012152777777777778
0 0.22749648382559776 0.3424479166666667 0.009142053445850914 0.014756944444444444
0 0.26758087201125175 0.7096354166666666 0.009142053445850914 0.014756944444444444
0 0.22679324894514769 0.2339409722222222 0.009142053445850914 0.014756944444444444
0 0.22609001406469761 0.14453125 0.009142053445850914 0.014756944444444444
0 0.26476793248945146 0.5464409722222222 0.009142053445850914 0.014756944444444444