0 0.22749648382559776 0.2764756944444444 0.009142053445850914 0.014756944444444444
0 0.2661744022503516 0.7365451388888888 0.009142053445850914 0.014756944444444444
0 0.5566104078762306 0.5347222222222222 0.009142053445850914 0.012152777777777778
0 0.5566104078762306 0.6892361111111112 0.009142053445850914 0.012152777777777778
0 0.26476793248945146 0.27734375 0.009142053445850914 0.014756944444444444
0 0.2289029535864979 0.51171875 0.009142053445850914 0.014756944444444444
0 0.26476793248945146 0.3763020833333333 0.009142053445850914 0.014756944444444444
0 0.5566104078762306 0.6310763888888888 0.009142053445850914 0.012152777777777778
0 0.26547116736990156 0.8381076388888888 0.009142053445850914 0.014756944444444444
0 0.22679324894514769 0.2339409722222222 0.009142053445850914 0.014756944444444444
0 0.5566104078762306 0.9583333333333334 0.009142053445850914 0.012152777777777778
0 0.21554149085794655 0.5785590277777778 0.009142053445850914 0.014756944444444444
0 0.22679324894514769 0.37890625 0.009142053445850914 0.014756944444444444
0 0.26758087201125175 0.7096354166666666 0.009142053445850914 0.014756944444444444
0 0.24859353023909986 0.14366319444444445 0.009142053445850914 0.014756944444444444