0 0.5573136427566807 0.25 0.009142053445850914 0.012152777777777778
0 0.2795358649789029 0.1449652777777778 0.009142053445850914 0.012152777777777778
0 0.5566104078762306 0.8619791666666666 0.009142053445850914 0.012152777777777778
0 0.5566104078762306 0.6510416666666666 0.009142053445850914 0.012152777777777778
0 0.26476793248945146 0.2009548611111111 0.009142053445850914 0.014756944444444444
0 0.5566104078762306 0.4375 0.009142053445850914 0.012152777777777778
0 0.30063291139240506 0.86328125 0.009142053445850914 0.014756944444444444
0 0.2661744022503516 0.5134548611111112 0.009142053445850914 0.014756944444444444
0 0.5566104078762306 0.8810763888888888 0.009142053445850914 0.012152777777777778
0 0.26476793248945146 0.5464409722222222 0.009142053445850914 0.014756944444444444
0 0.26476793248945146 0.3111979166666667 0.009142053445850914 0.014756944444444444
0 0.22538677918424754 0.5464409722222222 0.009142053445850914 0.014756944444444444
0 0.26547116736990156 0.8901909722222222 0.009142053445850914 0.014756944444444444
0 0.21554149085794655 0.5785590277777778 0.009142053445850914 0.014756944444444444
0 0.22749648382559776 0.4110243055555556 0.009142053445850914 0.014756944444444444