0 0.6421875 0.6176795580110497 0.00859375 0.011049723756906077
0 0.641015625 0.9204419889502763 0.00859375 0.011049723756906077
0 0.182421875 0.2861878453038674 0.00859375 0.011049723756906077
0 0.1640625 0.6961325966850829 0.00859375 0.011049723756906077
0 0.1625 0.474585635359116 0.00859375 0.011049723756906077
0 0.906640625 0.5359116022099447 0.00859375 0.011049723756906077
0 0.428515625 0.4176795580110497 0.00859375 0.011049723756906077
0 0.89609375 0.9226519337016574 0.00859375 0.011049723756906077
0 0.225 0.3430939226519337 0.00859375 0.011049723756906077
0 0.162890625 0.32486187845303865 0.00859375 0.011049723756906077
0 0.8921875 0.3430939226519337 0.00859375 0.011049723756906077
0 0.1625 0.3983425414364641 0.00859375 0.011049723756906077
0 0.95546875 0.48066298342541436 0.00859375 0.011049723756906077
0 0.20546875 0.6215469613259669 0.00859375 0.011049723756906077
0 0.922265625 0.9419889502762431 0.00859375 0.011049723756906077