0 0.450390625 0.874585635359116 0.00859375 0.011049723756906077
0 0.428515625 0.5806629834254143 0.00859375 0.011049723756906077
0 0.891015625 0.5176795580110497 0.00859375 0.011049723756906077
0 0.641796875 0.24972375690607734 0.00859375 0.011049723756906077
0 0.1625 0.7690607734806629 0.00859375 0.011049723756906077
0 0.20546875 0.6215469613259669 0.00859375 0.011049723756906077
0 0.8921875 0.25082872928176797 0.00859375 0.011049723756906077
0 0.204296875 0.6950276243093922 0.00859375 0.011049723756906077
0 0.896875 0.9613259668508287 0.00859375 0.011049723756906077
0 0.2046875 0.6585635359116022 0.00859375 0.011049723756906077
0 0.225390625 0.7530386740331492 0.00859375 0.011049723756906077
0 0.162890625 0.24861878453038674 0.00859375 0.011049723756906077
0 0.225 0.3430939226519337 0.00859375 0.011049723756906077
0 0.1625 0.2861878453038674 0.00859375 0.011049723756906077
0 0.18359375 0.26795580110497236 0.0078125 0.009944751381215469