0 0.9479166666666666 0.29837303893085415 0.0425 0.01801278326554329
0 0.3929166666666667 0.6022661243463103 0.0425 0.01801278326554329
0 0.9479166666666666 0.2547937245787333 0.0425 0.01801278326554329
0 0.3929166666666667 0.41807088901801276 0.0425 0.01801278326554329
0 0.9479166666666666 0.4848925043579314 0.0425 0.01801278326554329
0 0.44625 0.41807088901801276 0.0425 0.01801278326554329
0 0.4479166666666667 0.12289366647298082 0.0425 0.01801278326554329
0 0.44625 0.35008715862870426 0.0425 0.01801278326554329
0 0.39375 0.35066821615339916 0.0425 0.01801278326554329
0 0.39625 0.12289366647298082 0.0425 0.01801278326554329
0 0.9470833333333334 0.689424753050552 0.0425 0.01801278326554329