0 0.724476439790576 0.7615740740740741 0.013089005235602094 0.019444444444444445
0 0.40772251308900526 0.4375 0.013089005235602094 0.019444444444444445
0 0.762434554973822 0.3050925925925926 0.013089005235602094 0.019444444444444445
0 0.762434554973822 0.25046296296296294 0.013089005235602094 0.019444444444444445
0 0.725130890052356 0.38657407407407407 0.013089005235602094 0.019444444444444445
0 0.8730366492146597 0.36157407407407405 0.013089005235602094 0.019444444444444445
0 0.9469895287958116 0.14444444444444443 0.014397905759162303 0.022222222222222223
0 0.4083769633507853 0.6300925925925925 0.013089005235602094 0.019444444444444445
0 0.9509162303664922 0.6800925925925926 0.013089005235602094 0.019444444444444445
0 0.8880890052356021 0.7106481481481481 0.013089005235602094 0.019444444444444445
0 0.800392670157068 0.5208333333333334 0.013089005235602094 0.019444444444444445
0 0.762434554973822 0.3587962962962963 0.013089005235602094 0.019444444444444445