0 0.9103403141361257 0.19768518518518519 0.013089005235602094 0.019444444444444445
0 0.9096858638743456 0.2763888888888889 0.013089005235602094 0.019444444444444445
0 0.9116492146596858 0.33194444444444443 0.013089005235602094 0.019444444444444445
0 0.7977748691099477 0.4125 0.013089005235602094 0.019444444444444445
0 0.7990837696335078 0.27824074074074073 0.013089005235602094 0.019444444444444445
0 0.7905759162303665 0.6263888888888889 0.013089005235602094 0.019444444444444445
0 0.7990837696335078 0.1439814814814815 0.013089005235602094 0.019444444444444445
0 0.725130890052356 0.6273148148148148 0.013089005235602094 0.019444444444444445
0 0.7990837696335078 0.24953703703703703 0.013089005235602094 0.019444444444444445
0 0.40772251308900526 0.4375 0.013089005235602094 0.019444444444444445
0 0.724476439790576 0.46805555555555556 0.013089005235602094 0.019444444444444445
0 0.8723821989528796 0.38657407407407407 0.013089005235602094 0.019444444444444445