0 0.17801047120418848 0.6291666666666667 0.013089005235602094 0.019444444444444445
0 0.7617801047120419 0.4125 0.013089005235602094 0.019444444444444445
0 0.4083769633507853 0.6300925925925925 0.013089005235602094 0.019444444444444445
0 0.725130890052356 0.35694444444444445 0.013089005235602094 0.019444444444444445
0 0.8730366492146597 0.36157407407407405 0.013089005235602094 0.019444444444444445
0 0.887434554973822 0.6236111111111111 0.013089005235602094 0.019444444444444445
0 0.8887434554973822 0.736574074074074 0.013089005235602094 0.019444444444444445
0 0.9103403141361257 0.4412037037037037 0.013089005235602094 0.019444444444444445
0 0.8717277486910995 0.2800925925925926 0.013089005235602094 0.019444444444444445
0 0.7977748691099477 0.4125 0.013089005235602094 0.019444444444444445
0 0.9502617801047121 0.7078703703703704 0.013089005235602094 0.019444444444444445
0 0.9476439790575916 0.30833333333333335 0.014397905759162303 0.022222222222222223
0 0.7990837696335078 0.24953703703703703 0.013089005235602094 0.019444444444444445
0 0.9456806282722513 0.17222222222222222 0.014397905759162303 0.022222222222222223