0 0.7886125654450262 0.7893518518518519 0.013089005235602094 0.019444444444444445
0 0.9096858638743456 0.38842592592592595 0.013089005235602094 0.019444444444444445
0 0.762434554973822 0.3050925925925926 0.013089005235602094 0.019444444444444445
0 0.9103403141361257 0.4412037037037037 0.013089005235602094 0.019444444444444445
0 0.9077225130890052 0.1439814814814815 0.013089005235602094 0.019444444444444445
0 0.8723821989528796 0.2523148148148148 0.013089005235602094 0.019444444444444445
0 0.762434554973822 0.3587962962962963 0.013089005235602094 0.019444444444444445
0 0.725130890052356 0.35694444444444445 0.013089005235602094 0.019444444444444445
0 0.7990837696335078 0.22268518518518518 0.013089005235602094 0.019444444444444445
0 0.7990837696335078 0.27824074074074073 0.013089005235602094 0.019444444444444445
0 0.7257853403141361 0.4162037037037037 0.013089005235602094 0.019444444444444445