0 0.623046875 0.5205078125 0.025390625 0.013671875
12 0.947265625 0.33984375 0.025390625 0.013671875
0 0.4501953125 0.3759765625 0.025390625 0.013671875
10 0.826171875 0.4716796875 0.025390625 0.013671875
10 0.9169921875 0.6484375 0.025390625 0.013671875
0 0.3818359375 0.3515625 0.025390625 0.013671875
0 0.8271484375 0.5185546875 0.025390625 0.013671875
0 0.9482421875 0.29296875 0.025390625 0.013671875
10 0.947265625 0.7216796875 0.025390625 0.013671875
0 0.8583984375 0.494140625 0.025390625 0.013671875
0 0.341796875 0.5478515625 0.025390625 0.013671875
11 0.6416015625 0.697265625 0.025390625 0.013671875
10 0.8583984375 0.7216796875 0.025390625 0.013671875