0 0.826171875 0.4716796875 0.025390625 0.013671875
10 0.8271484375 0.6484375 0.025390625 0.013671875
0 0.67578125 0.7685546875 0.025390625 0.013671875
7 0.67578125 0.7216796875 0.025390625 0.013671875
10 0.9482421875 0.388671875 0.025390625 0.013671875
7 0.341796875 0.5478515625 0.025390625 0.013671875
0 0.3427734375 0.5947265625 0.025390625 0.013671875
3 0.916015625 0.4697265625 0.025390625 0.013671875
10 0.8583984375 0.7216796875 0.025390625 0.013671875
11 0.6240234375 0.3828125 0.025390625 0.013671875
0 0.947265625 0.33984375 0.025390625 0.013671875
11 0.8583984375 0.494140625 0.025390625 0.013671875