3 0.9482421875 0.4921875 0.025390625 0.013671875
0 0.4501953125 0.3759765625 0.025390625 0.013671875
0 0.8583984375 0.494140625 0.025390625 0.013671875
3 0.9501953125 0.6748046875 0.025390625 0.013671875
10 0.826171875 0.4716796875 0.025390625 0.013671875
1 0.380859375 0.2822265625 0.025390625 0.013671875
10 0.9482421875 0.29296875 0.025390625 0.013671875
10 0.6416015625 0.697265625 0.025390625 0.013671875
10 0.6416015625 0.6484375 0.025390625 0.013671875
10 0.625 0.4697265625 0.025390625 0.013671875
11 0.6240234375 0.3828125 0.025390625 0.013671875
3 0.8271484375 0.5185546875 0.025390625 0.013671875
4 0.916015625 0.748046875 0.025390625 0.013671875