6 0.3427734375 0.701171875 0.025390625 0.013671875
2 0.6259765625 0.2880859375 0.025390625 0.013671875
10 0.3818359375 0.3515625 0.025390625 0.013671875
0 0.4501953125 0.3759765625 0.025390625 0.013671875
10 0.625 0.4697265625 0.025390625 0.013671875
0 0.8271484375 0.5185546875 0.025390625 0.013671875
1 0.3427734375 0.498046875 0.025390625 0.013671875
6 0.3427734375 0.5947265625 0.025390625 0.013671875
2 0.9482421875 0.4921875 0.025390625 0.013671875
10 0.623046875 0.5205078125 0.025390625 0.013671875
10 0.8271484375 0.6484375 0.025390625 0.013671875
10 0.8583984375 0.7216796875 0.025390625 0.013671875
11 0.9169921875 0.701171875 0.025390625 0.013671875