10 0.404296875 0.4736328125 0.025390625 0.013671875
0 0.625 0.3359375 0.025390625 0.013671875
11 0.3447265625 0.6767578125 0.025390625 0.013671875
4 0.4501953125 0.3046875 0.025390625 0.013671875
5 0.9169921875 0.701171875 0.025390625 0.013671875
11 0.9169921875 0.6484375 0.025390625 0.013671875
10 0.3818359375 0.3515625 0.025390625 0.013671875
12 0.4501953125 0.3759765625 0.025390625 0.013671875
0 0.4033203125 0.572265625 0.025390625 0.013671875
9 0.380859375 0.2822265625 0.025390625 0.013671875
0 0.6259765625 0.2880859375 0.025390625 0.013671875
10 0.404296875 0.5224609375 0.025390625 0.013671875
10 0.341796875 0.5478515625 0.025390625 0.013671875
0 0.916015625 0.4697265625 0.025390625 0.013671875
9 0.640625 0.74609375 0.025390625 0.013671875