10 0.9501953125 0.6748046875 0.025390625 0.013671875
10 0.9482421875 0.29296875 0.025390625 0.013671875
0 0.3427734375 0.498046875 0.025390625 0.013671875
0 0.916015625 0.748046875 0.025390625 0.013671875
10 0.3427734375 0.5947265625 0.025390625 0.013671875
2 0.8583984375 0.494140625 0.025390625 0.013671875
12 0.9169921875 0.701171875 0.025390625 0.013671875
0 0.380859375 0.3984375 0.025390625 0.013671875
10 0.9169921875 0.5166015625 0.025390625 0.013671875
10 0.916015625 0.4697265625 0.025390625 0.013671875
0 0.625 0.3359375 0.025390625 0.013671875
10 0.6416015625 0.697265625 0.025390625 0.013671875