11 0.640625 0.74609375 0.025390625 0.013671875
10 0.4501953125 0.3759765625 0.025390625 0.013671875
11 0.341796875 0.5478515625 0.025390625 0.013671875
10 0.6240234375 0.3828125 0.025390625 0.013671875
1 0.404296875 0.4736328125 0.025390625 0.013671875
0 0.3427734375 0.701171875 0.025390625 0.013671875
10 0.623046875 0.5205078125 0.025390625 0.013671875
10 0.947265625 0.33984375 0.025390625 0.013671875
10 0.67578125 0.7685546875 0.025390625 0.013671875
12 0.6416015625 0.6484375 0.025390625 0.013671875
0 0.916015625 0.4697265625 0.025390625 0.013671875
0 0.3427734375 0.498046875 0.025390625 0.013671875
10 0.8583984375 0.7216796875 0.025390625 0.013671875
10 0.3447265625 0.6767578125 0.025390625 0.013671875