6 0.916015625 0.4697265625 0.025390625 0.013671875
10 0.4501953125 0.3046875 0.025390625 0.013671875
4 0.3427734375 0.701171875 0.025390625 0.013671875
12 0.6259765625 0.2880859375 0.025390625 0.013671875
0 0.9482421875 0.29296875 0.025390625 0.013671875
10 0.9482421875 0.388671875 0.025390625 0.013671875
11 0.9501953125 0.6748046875 0.025390625 0.013671875
10 0.9169921875 0.701171875 0.025390625 0.013671875
10 0.341796875 0.5478515625 0.025390625 0.013671875
0 0.8583984375 0.7216796875 0.025390625 0.013671875
1 0.3818359375 0.3515625 0.025390625 0.013671875
11 0.67578125 0.7685546875 0.025390625 0.013671875
10 0.826171875 0.4716796875 0.025390625 0.013671875
10 0.640625 0.74609375 0.025390625 0.013671875