0 0.380859375 0.3984375 0.025390625 0.013671875
0 0.916015625 0.748046875 0.025390625 0.013671875
0 0.3818359375 0.3515625 0.025390625 0.013671875
0 0.380859375 0.2822265625 0.025390625 0.013671875
12 0.9501953125 0.6748046875 0.025390625 0.013671875
10 0.8271484375 0.5185546875 0.025390625 0.013671875
7 0.9169921875 0.6484375 0.025390625 0.013671875
10 0.67578125 0.7216796875 0.025390625 0.013671875
0 0.4501953125 0.3759765625 0.025390625 0.013671875
2 0.9482421875 0.29296875 0.025390625 0.013671875
10 0.947265625 0.33984375 0.025390625 0.013671875
0 0.9169921875 0.5166015625 0.025390625 0.013671875
0 0.625 0.3359375 0.025390625 0.013671875
0 0.4501953125 0.3046875 0.025390625 0.013671875
0 0.6240234375 0.3828125 0.025390625 0.013671875