0 0.49181309904153353 0.49015748031496065 0.009984025559105431 0.011811023622047244
7 0.3113019169329074 0.32761529808773904 0.009984025559105431 0.011811023622047244
10 0.6619408945686901 0.9648481439820022 0.009984025559105431 0.011811023622047244
11 0.6539536741214057 0.7162542182227222 0.009984025559105431 0.011811023622047244
11 0.9380990415335463 0.8309898762654668 0.00878594249201278 0.012935883014623173
0 0.18430511182108625 0.9429133858267716 0.009984025559105431 0.011811023622047244
10 0.14636581469648563 0.2753093363329584 0.009984025559105431 0.011811023622047244
0 0.7869408945686901 0.5576490438695163 0.009984025559105431 0.011811023622047244
11 0.16114217252396165 0.8084926884139483 0.009984025559105431 0.011811023622047244
0 0.9494808306709265 0.20613048368953882 0.009984025559105431 0.011811023622047244
10 0.9388977635782748 0.7168166479190101 0.00878594249201278 0.012935883014623173
0 0.6759185303514377 0.577334083239595 0.009984025559105431 0.011811023622047244
12 0.8097044728434505 0.20219347581552305 0.009984025559105431 0.011811023622047244
10 0.14556709265175719 0.6183914510686164 0.009984025559105431 0.011811023622047244