10 0.29972044728434505 0.7466254218222722 0.009984025559105431 0.011811023622047244
10 0.49221246006389774 0.2106299212598425 0.009984025559105431 0.011811023622047244
0 0.4862220447284345 0.7275028121484814 0.009984025559105431 0.011811023622047244
10 0.14556709265175719 0.3838582677165354 0.009984025559105431 0.011811023622047244
0 0.9768370607028753 0.7629358830146231 0.00878594249201278 0.012935883014623173
6 0.1459664536741214 0.20500562429696287 0.009984025559105431 0.011811023622047244
0 0.3113019169329074 0.32761529808773904 0.009984025559105431 0.011811023622047244
10 0.29972044728434505 0.7944319460067492 0.009984025559105431 0.011811023622047244
10 0.4910143769968051 0.30568053993250843 0.009984025559105431 0.011811023622047244
12 0.8097044728434505 0.20219347581552305 0.009984025559105431 0.011811023622047244
0 0.7865415335463258 0.6510123734533183 0.009984025559105431 0.011811023622047244
10 0.7869408945686901 0.5576490438695163 0.009984025559105431 0.011811023622047244
0 0.3101038338658147 0.5598987626546682 0.009984025559105431 0.011811023622047244
10 0.9726437699680511 0.2983689538807649 0.009984025559105431 0.011811023622047244
0 0.16114217252396165 0.8084926884139483 0.009984025559105431 0.011811023622047244