10 0.14636581469648563 0.3219910011248594 0.009984025559105431 0.011811023622047244
10 0.6539536741214057 0.7162542182227222 0.009984025559105431 0.011811023622047244
0 0.49181309904153353 0.3737345331833521 0.009984025559105431 0.011811023622047244
10 0.47863418530351437 0.8658605174353206 0.009984025559105431 0.011811023622047244
7 0.9726437699680511 0.2983689538807649 0.009984025559105431 0.011811023622047244
11 0.4914137380191693 0.2567491563554556 0.009984025559105431 0.011811023622047244
10 0.9291134185303515 0.22862767154105737 0.009984025559105431 0.011811023622047244
0 0.45507188498402557 0.5604611923509561 0.009984025559105431 0.011811023622047244
10 0.4862220447284345 0.7275028121484814 0.009984025559105431 0.011811023622047244
4 0.3101038338658147 0.37429696287964004 0.009984025559105431 0.011811023622047244
0 0.9388977635782748 0.7629358830146231 0.00878594249201278 0.012935883014623173
0 0.3117012779552716 0.4423509561304837 0.009984025559105431 0.011811023622047244