0 0.6619408945686901 0.9648481439820022 0.009984025559105431 0.011811023622047244
7 0.45467252396166136 0.44460067491563554 0.009984025559105431 0.011811023622047244
12 0.3105031948881789 0.41929133858267714 0.009984025559105431 0.011811023622047244
10 0.45307507987220447 0.8883577052868391 0.009984025559105431 0.011811023622047244
10 0.1459664536741214 0.22919010123734535 0.009984025559105431 0.011811023622047244
8 0.45307507987220447 0.9114173228346457 0.009984025559105431 0.011811023622047244
0 0.9291134185303515 0.22862767154105737 0.009984025559105431 0.011811023622047244
1 0.6559504792332268 0.328740157480315 0.009984025559105431 0.011811023622047244
10 0.4862220447284345 0.7275028121484814 0.009984025559105431 0.011811023622047244
11 0.4914137380191693 0.2567491563554556 0.009984025559105431 0.011811023622047244
11 0.8085063897763578 0.29611923509561305 0.009984025559105431 0.011811023622047244
10 0.29972044728434505 0.8861079865016873 0.009984025559105431 0.011811023622047244
10 0.8049121405750799 0.8264904386951631 0.009984025559105431 0.011811023622047244
0 0.6547523961661342 0.3765466816647919 0.009984025559105431 0.011811023622047244
10 0.42631789137380194 0.9356017997750281 0.009984025559105431 0.011811023622047244