10 0.45307507987220447 0.8883577052868391 0.009984025559105431 0.011811023622047244
10 0.9388977635782748 0.6217660292463442 0.00878594249201278 0.012935883014623173
5 0.9388977635782748 0.7168166479190101 0.00878594249201278 0.012935883014623173
10 0.8085063897763578 0.29611923509561305 0.009984025559105431 0.011811023622047244
10 0.659944089456869 0.18250843644544432 0.009984025559105431 0.011811023622047244
4 0.45307507987220447 0.9114173228346457 0.009984025559105431 0.011811023622047244
8 0.6735223642172524 0.9417885264341957 0.009984025559105431 0.011811023622047244
0 0.14556709265175719 0.3838582677165354 0.009984025559105431 0.011811023622047244
0 0.7873402555910544 0.6037682789651294 0.009984025559105431 0.011811023622047244
3 0.14636581469648563 0.6858830146231721 0.009984025559105431 0.011811023622047244
0 0.6559504792332268 0.328740157480315 0.009984025559105431 0.011811023622047244