0 0.8085063897763578 0.24887514060742408 0.009984025559105431 0.011811023622047244
0 0.9388977635782748 0.7629358830146231 0.00878594249201278 0.012935883014623173
0 0.30011980830670926 0.8394263217097863 0.009984025559105431 0.011811023622047244
0 0.659944089456869 0.18250843644544432 0.009984025559105431 0.011811023622047244
0 0.45467252396166136 0.32761529808773904 0.009984025559105431 0.011811023622047244
10 0.8085063897763578 0.29611923509561305 0.009984025559105431 0.011811023622047244
11 0.14636581469648563 0.6858830146231721 0.009984025559105431 0.011811023622047244
10 0.9265175718849841 0.9502249718785152 0.00878594249201278 0.012935883014623173
11 0.9784345047923323 0.8804836895388076 0.00878594249201278 0.012935883014623173
4 0.6531549520766773 0.7623734533183352 0.009984025559105431 0.011811023622047244
10 0.14636581469648563 0.6633858267716536 0.009984025559105431 0.011811023622047244
0 0.14556709265175719 0.2516872890888639 0.009984025559105431 0.011811023622047244
10 0.6539536741214057 0.7162542182227222 0.009984025559105431 0.011811023622047244
0 0.14636581469648563 0.2753093363329584 0.009984025559105431 0.011811023622047244