10 0.9376996805111821 0.9266029246344207 0.00878594249201278 0.012935883014623173
0 0.7877396166134185 0.18082114735658042 0.009984025559105431 0.011811023622047244
10 0.8085063897763578 0.29611923509561305 0.009984025559105431 0.011811023622047244
0 0.9544728434504792 0.96822272215973 0.00878594249201278 0.012935883014623173
10 0.42631789137380194 0.9356017997750281 0.009984025559105431 0.011811023622047244
5 0.6607428115015974 0.2297525309336333 0.009984025559105431 0.011811023622047244
0 0.455870607028754 0.18644544431946006 0.009984025559105431 0.011811023622047244
0 0.9726437699680511 0.2983689538807649 0.009984025559105431 0.011811023622047244
0 0.1459664536741214 0.20500562429696287 0.009984025559105431 0.011811023622047244
10 0.4854233226837061 0.6830708661417323 0.009984025559105431 0.011811023622047244
8 0.45507188498402557 0.234251968503937 0.009984025559105431 0.011811023622047244
0 0.45307507987220447 0.9114173228346457 0.009984025559105431 0.011811023622047244
10 0.2985223642172524 0.6521372328458943 0.009984025559105431 0.011811023622047244