7 0.45507188498402557 0.234251968503937 0.009984025559105431 0.011811023622047244
0 0.9388977635782748 0.7629358830146231 0.00878594249201278 0.012935883014623173
10 0.18430511182108625 0.9429133858267716 0.009984025559105431 0.011811023622047244
10 0.6743210862619808 0.6240157480314961 0.009984025559105431 0.011811023622047244
10 0.9376996805111821 0.9266029246344207 0.00878594249201278 0.012935883014623173
9 0.9768370607028753 0.7629358830146231 0.00878594249201278 0.012935883014623173
0 0.29972044728434505 0.6971316085489314 0.009984025559105431 0.011811023622047244
10 0.7869408945686901 0.22581552305961755 0.009984025559105431 0.011811023622047244
10 0.14636581469648563 0.3219910011248594 0.009984025559105431 0.011811023622047244
0 0.14556709265175719 0.6183914510686164 0.009984025559105431 0.011811023622047244
11 0.8057108626198083 0.8484251968503937 0.009984025559105431 0.011811023622047244