0 0.1459664536741214 0.29893138357705284 0.009984025559105431 0.011811023622047244
10 0.7869408945686901 0.27249718785151855 0.009984025559105431 0.011811023622047244
10 0.9257188498402555 0.8101799775028121 0.00878594249201278 0.012935883014623173
1 0.14556709265175719 0.2516872890888639 0.009984025559105431 0.011811023622047244
0 0.6743210862619808 0.6240157480314961 0.009984025559105431 0.011811023622047244
0 0.14676517571884984 0.40635545556805397 0.009984025559105431 0.011811023622047244
7 0.49181309904153353 0.5385264341957255 0.009984025559105431 0.011811023622047244
0 0.1615415335463259 0.8360517435320585 0.009984025559105431 0.011811023622047244
0 0.3101038338658147 0.37429696287964004 0.009984025559105431 0.011811023622047244
8 0.9494808306709265 0.20613048368953882 0.009984025559105431 0.011811023622047244
0 0.4910143769968051 0.4204161979752531 0.009984025559105431 0.011811023622047244
10 0.6535543130990416 0.42604049493813273 0.009984025559105431 0.011811023622047244
10 0.45467252396166136 0.32761529808773904 0.009984025559105431 0.011811023622047244
5 0.14636581469648563 0.18363329583802024 0.009984025559105431 0.011811023622047244