11 0.738312735088662 0.24715261958997722 0.017195056421278884 0.017463933181473046
7 0.4723267060720043 0.5075930144267274 0.017195056421278884 0.017463933181473046
7 0.5577646426652337 0.5508731966590736 0.017195056421278884 0.017463933181473046
2 0.2262224610424503 0.6655277145026576 0.017195056421278884 0.017463933181473046
10 0.5889306824288018 0.44267274107820803 0.010746910263299301 0.016704631738800303
2 0.28694250403009136 0.8230827638572513 0.010746910263299301 0.016704631738800303
10 0.47178936055883935 0.7414578587699316 0.017195056421278884 0.017463933181473046
10 0.2864051585169264 0.31624905087319666 0.017195056421278884 0.017463933181473046
3 0.7372380440623321 0.4263477600607441 0.017195056421278884 0.017463933181473046
0 0.2262224610424503 0.626044039483675 0.017195056421278884 0.017463933181473046
7 0.7565824825362708 0.9191343963553531 0.017195056421278884 0.017463933181473046
0 0.26276195593766793 0.9259681093394078 0.017195056421278884 0.017463933181473046