10 0.28694250403009136 0.8230827638572513 0.010746910263299301 0.016704631738800303
0 0.47340139709833423 0.6974183750949127 0.017195056421278884 0.017463933181473046
11 0.7555077915099409 0.781700835231587 0.017195056421278884 0.017463933181473046
0 0.7549704459967759 0.8234624145785877 0.017195056421278884 0.017463933181473046
7 0.22568511552928533 0.5842824601366743 0.017195056421278884 0.017463933181473046
6 0.9032778076303063 0.2486712224753227 0.017195056421278884 0.017463933181473046
10 0.17033852767329394 0.564540622627183 0.017195056421278884 0.017463933181473046
7 0.5921547555077915 0.24943052391799544 0.017195056421278884 0.017463933181473046
0 0.5137023105857066 0.5721336370539104 0.017195056421278884 0.017463933181473046
11 0.737775389575497 0.5652999240698557 0.017195056421278884 0.017463933181473046
6 0.5916174099946265 0.3344722854973424 0.017195056421278884 0.017463933181473046
10 0.28747984954325634 0.3830675778283979 0.017195056421278884 0.017463933181473046
0 0.9043524986566363 0.4741837509491268 0.017195056421278884 0.017463933181473046