11 0.5583019881783987 0.4832953682611997 0.017195056421278884 0.017463933181473046
0 0.28801719505642126 0.4058466211085801 0.017195056421278884 0.017463933181473046
11 0.5577646426652337 0.5508731966590736 0.017195056421278884 0.017463933181473046
0 0.7549704459967759 0.6829916476841306 0.017195056421278884 0.017463933181473046
12 0.5572272971520688 0.4643128321943812 0.017195056421278884 0.017463933181473046
11 0.737775389575497 0.5652999240698557 0.017195056421278884 0.017463933181473046
10 0.47178936055883935 0.7414578587699316 0.017195056421278884 0.017463933181473046
10 0.4707146695325094 0.4832953682611997 0.017195056421278884 0.017463933181473046
2 0.739387426114992 0.33675018982536065 0.017195056421278884 0.017463933181473046
0 0.7635679742074154 0.49658314350797267 0.010746910263299301 0.016704631738800303
0 0.5561526061257388 0.8029612756264237 0.017195056421278884 0.017463933181473046