0 0.261687264911338 0.8409263477600607 0.017195056421278884 0.017463933181473046
3 0.7571198280494358 0.7323462414578588 0.017195056421278884 0.017463933181473046
11 0.5561526061257388 0.8029612756264237 0.017195056421278884 0.017463933181473046
12 0.28801719505642126 0.6063022019741837 0.017195056421278884 0.017463933181473046
0 0.7619559376679205 0.31662870159453305 0.010746910263299301 0.016704631738800303
10 0.7372380440623321 0.4263477600607441 0.017195056421278884 0.017463933181473046
11 0.9059645351961311 0.29422930903568717 0.017195056421278884 0.017463933181473046
0 0.22568511552928533 0.5842824601366743 0.017195056421278884 0.017463933181473046
0 0.9048898441698012 0.4286256643887623 0.017195056421278884 0.017463933181473046
0 0.5561526061257388 0.6366742596810934 0.017195056421278884 0.017463933181473046
10 0.47340139709833423 0.7839787395596052 0.017195056421278884 0.017463933181473046
10 0.7635679742074154 0.49658314350797267 0.010746910263299301 0.016704631738800303
10 0.5137023105857066 0.5721336370539104 0.017195056421278884 0.017463933181473046
0 0.5857066093498119 0.785876993166287 0.010746910263299301 0.016704631738800303