10 0.47178936055883935 0.4415337889141989 0.017195056421278884 0.017463933181473046
11 0.2864051585169264 0.31624905087319666 0.017195056421278884 0.017463933181473046
1 0.5878559914024718 0.530751708428246 0.010746910263299301 0.016704631738800303
0 0.738312735088662 0.24715261958997722 0.017195056421278884 0.017463933181473046
0 0.261687264911338 0.8014426727410782 0.017195056421278884 0.017463933181473046
11 0.26276195593766793 0.7619589977220956 0.017195056421278884 0.017463933181473046
0 0.28694250403009136 0.2486712224753227 0.017195056421278884 0.017463933181473046
10 0.28747984954325634 0.7805618830675778 0.010746910263299301 0.016704631738800303
10 0.5878559914024718 0.7198177676537585 0.010746910263299301 0.016704631738800303
5 0.9247716281569048 0.49582384206529995 0.010746910263299301 0.016704631738800303
10 0.9247716281569048 0.3621867881548975 0.010746910263299301 0.016704631738800303