0 0.9247716281569048 0.4510250569476082 0.010746910263299301 0.016704631738800303
0 0.5577646426652337 0.7634776006074412 0.017195056421278884 0.017463933181473046
0 0.28694250403009136 0.27145026575550496 0.017195056421278884 0.017463933181473046
10 0.800644814615798 0.7088078967350038 0.017195056421278884 0.017463933181473046
10 0.5572272971520688 0.5918754745634016 0.017195056421278884 0.017463933181473046
11 0.5857066093498119 0.785876993166287 0.010746910263299301 0.016704631738800303
0 0.7635679742074154 0.357630979498861 0.010746910263299301 0.016704631738800303
11 0.7571198280494358 0.8728170083523159 0.017195056421278884 0.017463933181473046
10 0.9043524986566363 0.517463933181473 0.017195056421278884 0.017463933181473046
6 0.9043524986566363 0.3838268792710706 0.017195056421278884 0.017463933181473046
10 0.5126276195593766 0.6564160971905847 0.017195056421278884 0.017463933181473046