0 0.0962962962962963 0.9609186140209508 0.018233618233618232 0.016921837228041903
11 0.9692307692307692 0.6232876712328768 0.018233618233618232 0.016921837228041903
7 0.6153846153846154 0.8771152296535052 0.018233618233618232 0.016921837228041903
10 0.20056980056980056 0.701450443190975 0.018233618233618232 0.016921837228041903
0 0.9663817663817664 0.23892022562449639 0.018233618233618232 0.016921837228041903
0 0.7350427350427351 0.24133763094278807 0.018233618233618232 0.016921837228041903
10 0.6153846153846154 0.4484286865431104 0.018233618233618232 0.016921837228041903
10 0.20113960113960114 0.9601128122481869 0.018233618233618232 0.016921837228041903
11 0.19886039886039886 0.4371474617244158 0.018233618233618232 0.016921837228041903
0 0.7350427350427351 0.290491539081386 0.018233618233618232 0.016921837228041903
10 0.4547008547008547 0.5330378726833199 0.018233618233618232 0.016921837228041903
5 0.8547008547008547 0.9125705076551168 0.018233618233618232 0.016921837228041903
10 0.09515669515669516 0.7006446414182111 0.018233618233618232 0.016921837228041903