6 0.19829059829059828 0.3098307816277196 0.018233618233618232 0.016921837228041903
10 0.4598290598290598 0.08501208702659147 0.012535612535612535 0.015310233682514102
10 0.49002849002849 0.5572119258662369 0.018233618233618232 0.016921837228041903
10 0.8547008547008547 0.6522965350523772 0.018233618233618232 0.016921837228041903
10 0.20113960113960114 0.9601128122481869 0.018233618233618232 0.016921837228041903
7 0.4905982905982906 0.9254633360193393 0.018233618233618232 0.016921837228041903
0 0.09515669515669516 0.8311845286059629 0.018233618233618232 0.016921837228041903
11 0.4547008547008547 0.5330378726833199 0.018233618233618232 0.016921837228041903
10 0.9686609686609686 0.5435132957292506 0.018233618233618232 0.016921837228041903
0 0.6148148148148148 0.30257856567284447 0.018233618233618232 0.016921837228041903
0 0.7350427350427351 0.6555197421434327 0.018233618233618232 0.016921837228041903
3 0.45356125356125354 0.7006446414182111 0.018233618233618232 0.016921837228041903
10 0.7356125356125356 0.4903303787268332 0.018233618233618232 0.016921837228041903