10 0.4905982905982906 0.725624496373892 0.018233618233618232 0.016921837228041903
10 0.30427350427350425 0.17767929089443996 0.018233618233618232 0.016921837228041903
10 0.6153846153846154 0.8771152296535052 0.018233618233618232 0.016921837228041903
0 0.30313390313390315 0.43795326349717967 0.018233618233618232 0.016921837228041903
10 0.6136752136752137 0.5306204673650282 0.018233618233618232 0.016921837228041903
0 0.19886039886039886 0.4371474617244158 0.018233618233618232 0.016921837228041903
10 0.9669515669515669 0.4443996776792909 0.018233618233618232 0.016921837228041903
11 0.6153846153846154 0.15995165189363417 0.018233618233618232 0.016921837228041903
0 0.7350427350427351 0.19218372280419016 0.018233618233618232 0.016921837228041903
0 0.8575498575498576 0.403303787268332 0.018233618233618232 0.016921837228041903
0 0.4905982905982906 0.9254633360193393 0.018233618233618232 0.016921837228041903
0 0.9692307692307692 0.19298952457695406 0.018233618233618232 0.016921837228041903
0 0.9675213675213675 0.2937147461724416 0.018233618233618232 0.016921837228041903
10 0.8552706552706553 0.9536663980660758 0.018233618233618232 0.016921837228041903
3 0.49173789173789173 0.10757453666398066 0.012535612535612535 0.015310233682514102