7 0.8558404558404559 0.21232876712328766 0.018233618233618232 0.016921837228041903
10 0.4547008547008547 0.5330378726833199 0.018233618233618232 0.016921837228041903
10 0.4905982905982906 0.9254633360193393 0.018233618233618232 0.016921837228041903
0 0.4603988603988604 0.23569701853344077 0.012535612535612535 0.015310233682514102
0 0.4928774928774929 0.3106365834004835 0.012535612535612535 0.015310233682514102
0 0.09515669515669516 0.7006446414182111 0.018233618233618232 0.016921837228041903
10 0.9692307692307692 0.6232876712328768 0.018233618233618232 0.016921837228041903
0 0.46096866096866096 0.3356164383561644 0.012535612535612535 0.015310233682514102
10 0.19886039886039886 0.4371474617244158 0.018233618233618232 0.016921837228041903
12 0.19886039886039886 0.830378726833199 0.018233618233618232 0.016921837228041903
10 0.8552706552706553 0.25825946817082995 0.018233618233618232 0.016921837228041903
10 0.4603988603988604 0.2832393231265109 0.012535612535612535 0.015310233682514102