12 0.9294468634091275 0.9187571265678449 0.007901951298177712 0.013683010262257697
10 0.3564747621351395 0.30672748004561 0.007901951298177712 0.013683010262257697
10 0.6148201902918884 0.33238312428734323 0.007901951298177712 0.013683010262257697
1 0.1523141428801806 0.3013112884834664 0.007901951298177712 0.013683010262257697
10 0.3087405257216578 0.2870581527936146 0.007901951298177712 0.013683010262257697
0 0.3698597000483793 0.7451539338654504 0.007901951298177712 0.013683010262257697
10 0.3529269472665699 0.7177879133409351 0.007901951298177712 0.013683010262257697
10 0.7517335913562329 0.8956670467502851 0.007901951298177712 0.013683010262257697
10 0.5109659732301242 0.3674458380843786 0.007901951298177712 0.013683010262257697
10 0.4779067892275439 0.4284492588369441 0.007901951298177712 0.013683010262257697
10 0.30728914691178844 0.8281071835803877 0.007901951298177712 0.013683010262257697
2 0.5596677955168521 0.9236031927023945 0.007901951298177712 0.013683010262257697
11 0.28309950008063217 0.8540478905359179 0.007901951298177712 0.013683010262257697
10 0.4779067892275439 0.306442417331813 0.007901951298177712 0.013683010262257697