0 0.20469798657718122 0.24258600237247924 0.008389261744966443 0.013048635824436536
11 0.5671140939597316 0.5 0.008389261744966443 0.013048635824436536
10 0.5679530201342282 0.48102016607354686 0.008389261744966443 0.013048635824436536
10 0.8968120805369127 0.13345195729537365 0.008389261744966443 0.013048635824436536
9 0.9664429530201343 0.5688018979833926 0.008389261744966443 0.013048635824436536
12 0.20553691275167785 0.2615658362989324 0.008389261744966443 0.013048635824436536
0 0.20553691275167785 0.22716488730723605 0.008389261744966443 0.013048635824436536
10 0.4773489932885906 0.6637010676156584 0.008389261744966443 0.013048635824436536
0 0.8062080536912751 0.5154211150652431 0.008389261744966443 0.013048635824436536
4 0.8062080536912751 0.46441281138790036 0.008389261744966443 0.013048635824436536
9 0.7080536912751678 0.37544483985765126 0.008389261744966443 0.013048635824436536
11 0.9471476510067114 0.28647686832740216 0.008389261744966443 0.013048635824436536