2 0.22902684563758388 0.31494661921708184 0.008389261744966443 0.013048635824436536
12 0.5679530201342282 0.48102016607354686 0.008389261744966443 0.013048635824436536
11 0.947986577181208 0.3066429418742586 0.008389261744966443 0.013048635824436536
0 0.9471476510067114 0.34104389086595494 0.008389261744966443 0.013048635824436536
10 0.25 0.702846975088968 0.008389261744966443 0.013048635824436536
8 0.8968120805369127 0.13345195729537365 0.008389261744966443 0.013048635824436536
11 0.9714765100671141 0.28647686832740216 0.008389261744966443 0.013048635824436536
11 0.6124161073825504 0.21648873072360617 0.008389261744966443 0.013048635824436536
0 0.46308724832214765 0.1785290628706999 0.008389261744966443 0.013048635824436536
0 0.6031879194630873 0.8760379596678529 0.008389261744966443 0.013048635824436536
10 0.2516778523489933 0.6672597864768683 0.008389261744966443 0.013048635824436536
0 0.8062080536912751 0.533214709371293 0.008389261744966443 0.013048635824436536
0 0.9010067114093959 0.3766310794780546 0.008389261744966443 0.013048635824436536