6 0.5566750629722922 0.32977461447212336 0.010075566750629723 0.014234875444839857
0 0.6087321578505458 0.1387900355871886 0.010075566750629723 0.014234875444839857
12 0.6221662468513854 0.2823250296559905 0.010075566750629723 0.014234875444839857
8 0.5071368597816961 0.36061684460260973 0.010075566750629723 0.014234875444839857
8 0.025608732157850547 0.7568208778173191 0.01595298068849706 0.02372479240806643
0 0.013853904282115869 0.8030842230130486 0.009235936188077247 0.009489916963226572
10 0.5197313182199832 0.265717674970344 0.010075566750629723 0.014234875444839857
11 0.5205709487825357 0.1542111506524318 0.010075566750629723 0.014234875444839857
0 0.5205709487825357 0.17319098457888493 0.010075566750629723 0.014234875444839857
0 0.17170445004198154 0.3274021352313167 0.009235936188077247 0.009489916963226572
10 0.17170445004198154 0.3701067615658363 0.009235936188077247 0.009489916963226572
0 0.014693534844668345 0.49940688018979834 0.009235936188077247 0.009489916963226572
0 0.5608732157850546 0.24673784104389088 0.010075566750629723 0.014234875444839857