10 0.30273660205245156 0.8661290322580645 0.013112884834663626 0.01935483870967742
4 0.2127993158494869 0.6838709677419355 0.033352337514253136 0.020967741935483872
10 0.5276510832383124 0.8879032258064516 0.013112884834663626 0.01935483870967742
0 0.34734891676168755 0.6427419354838709 0.016248574686431014 0.01532258064516129
10 0.7363169897377423 0.932258064516129 0.013112884834663626 0.01935483870967742
10 0.34806157354618017 0.6709677419354839 0.01767388825541619 0.01935483870967742
0 0.5028506271379704 0.8637096774193549 0.013112884834663626 0.01935483870967742
10 0.27765108323831245 0.8673387096774193 0.013112884834663626 0.01935483870967742
10 0.51154503990878 0.3153225806451613 0.016818700114025087 0.01935483870967742
12 0.5276510832383124 0.9395161290322581 0.013112884834663626 0.01935483870967742
10 0.6942702394526796 0.3725806451612903 0.016818700114025087 0.01935483870967742
10 0.08338084378563283 0.6838709677419355 0.033352337514253136 0.020967741935483872
10 0.34763397947548463 0.725 0.016818700114025087 0.01935483870967742
10 0.5276510832383124 0.964516129032258 0.013112884834663626 0.01935483870967742
11 0.5034207525655644 0.8887096774193548 0.013112884834663626 0.01935483870967742