12 0.5071368597816961 0.24673784104389088 0.010075566750629723 0.014234875444839857
0 0.5734676742233418 0.2823250296559905 0.010075566750629723 0.014234875444839857
10 0.013853904282115869 0.8030842230130486 0.009235936188077247 0.009489916963226572
0 0.5566750629722922 0.32977461447212336 0.010075566750629723 0.014234875444839857
11 0.1809403862300588 0.465005931198102 0.01595298068849706 0.02372479240806643
10 0.5205709487825357 0.2846975088967972 0.010075566750629723 0.014234875444839857
1 0.6087321578505458 0.17319098457888493 0.010075566750629723 0.014234875444839857
0 0.1809403862300588 0.2918149466192171 0.01595298068849706 0.02372479240806643
12 0.5079764903442485 0.2669039145907473 0.010075566750629723 0.014234875444839857
0 0.5205709487825357 0.17319098457888493 0.010075566750629723 0.014234875444839857
11 0.5734676742233418 0.1376037959667853 0.010075566750629723 0.014234875444839857
0 0.5734676742233418 0.17319098457888493 0.010075566750629723 0.014234875444839857
1 0.5734676742233418 0.19217081850533807 0.010075566750629723 0.014234875444839857
8 0.5608732157850546 0.15658362989323843 0.010075566750629723 0.014234875444839857