1 0.28309950008063217 0.8278221208665907 0.007901951298177712 0.013683010262257697
0 0.4780680535397517 0.2460091220068415 0.007901951298177712 0.013683010262257697
0 0.3377681019190453 0.6915621436716077 0.007901951298177712 0.013683010262257697
10 0.49548459925818417 0.30758266818700114 0.007901951298177712 0.013683010262257697
10 0.370020964360587 0.6354047890535918 0.007901951298177712 0.013683010262257697
0 0.5114497661667473 0.2870581527936146 0.007901951298177712 0.013683010262257697
9 0.6156265118529269 0.5057012542759407 0.007901951298177712 0.013683010262257697
10 0.3569585550717626 0.4290193842645382 0.007901951298177712 0.013683010262257697
10 0.3084179970972424 0.2668187001140251 0.007901951298177712 0.013683010262257697
0 0.8604257377842284 0.4885974914481186 0.007901951298177712 0.013683010262257697
4 0.48774391227221414 0.6616305587229191 0.007901951298177712 0.013683010262257697
5 0.8604257377842284 0.39481185860889395 0.007901951298177712 0.013683010262257697
10 0.7643122077084341 0.8722919042189282 0.007901951298177712 0.013683010262257697
4 0.3414771810998226 0.468072976054732 0.007901951298177712 0.013683010262257697
11 0.7517335913562329 0.8956670467502851 0.007901951298177712 0.013683010262257697