0 0.025608732157850547 0.9395017793594306 0.01595298068849706 0.02372479240806643
0 0.5205709487825357 0.1542111506524318 0.010075566750629723 0.014234875444839857
10 0.1809403862300588 0.465005931198102 0.01595298068849706 0.02372479240806643
9 0.1801007556675063 0.6132858837485172 0.01595298068849706 0.02372479240806643
10 0.5071368597816961 0.2265717674970344 0.010075566750629723 0.014234875444839857
0 0.5608732157850546 0.17319098457888493 0.010075566750629723 0.014234875444839857
0 0.17170445004198154 0.3428232502965599 0.009235936188077247 0.009489916963226572
11 0.5608732157850546 0.20877817319098457 0.010075566750629723 0.014234875444839857
2 0.023089840470193114 0.18861209964412812 0.014273719563392108 0.018979833926453145
1 0.5734676742233418 0.19217081850533807 0.010075566750629723 0.014234875444839857
0 0.5071368597816961 0.34519572953736655 0.010075566750629723 0.014234875444839857
1 0.6087321578505458 0.15658362989323843 0.010075566750629723 0.014234875444839857
2 0.18429890848026867 0.7615658362989324 0.01595298068849706 0.02372479240806643