3 0.4773489932885906 0.6969157769869514 0.008389261744966443 0.013048635824436536
11 0.5679530201342282 0.3956109134045077 0.008389261744966443 0.013048635824436536
11 0.20553691275167785 0.2615658362989324 0.008389261744966443 0.013048635824436536
11 0.14513422818791946 0.8760379596678529 0.008389261744966443 0.013048635824436536
0 0.5167785234899329 0.4988137603795967 0.008389261744966443 0.013048635824436536
0 0.2516778523489933 0.6672597864768683 0.008389261744966443 0.013048635824436536
0 0.8070469798657718 0.6921708185053381 0.008389261744966443 0.013048635824436536
9 0.9001677852348994 0.3066429418742586 0.008389261744966443 0.013048635824436536
0 0.6065436241610739 0.6969157769869514 0.008389261744966443 0.013048635824436536
10 0.613255033557047 0.23309608540925267 0.008389261744966443 0.013048635824436536
11 0.8078859060402684 0.7265717674970344 0.008389261744966443 0.013048635824436536
0 0.5419463087248322 0.46441281138790036 0.008389261744966443 0.013048635824436536
0 0.5419463087248322 0.4833926453143535 0.008389261744966443 0.013048635824436536
10 0.5419463087248322 0.3956109134045077 0.008389261744966443 0.013048635824436536
0 0.5679530201342282 0.46441281138790036 0.008389261744966443 0.013048635824436536