0 0.22986577181208054 0.33155397390272834 0.008389261744966443 0.013048635824436536
10 0.8062080536912751 0.5154211150652431 0.008389261744966443 0.013048635824436536
0 0.19546979865771813 0.6838671411625148 0.008389261744966443 0.013048635824436536
5 0.2902684563758389 0.33155397390272834 0.008389261744966443 0.013048635824436536
10 0.924496644295302 0.28647686832740216 0.008389261744966443 0.013048635824436536
11 0.8145973154362416 0.9104389086595492 0.008389261744966443 0.013048635824436536
4 0.6031879194630873 0.895017793594306 0.008389261744966443 0.013048635824436536
0 0.462248322147651 0.19750889679715303 0.008389261744966443 0.013048635824436536
10 0.462248322147651 0.1619217081850534 0.008389261744966443 0.013048635824436536
11 0.23657718120805368 0.5391459074733096 0.008389261744966443 0.013048635824436536
7 0.8070469798657718 0.6589561091340451 0.008389261744966443 0.013048635824436536
10 0.462248322147651 0.23309608540925267 0.008389261744966443 0.013048635824436536