11 0.5188916876574308 0.32977461447212336 0.010075566750629723 0.014234875444839857
10 0.023089840470193114 0.31198102016607354 0.01595298068849706 0.02372479240806643
2 0.5608732157850546 0.2277580071174377 0.010075566750629723 0.014234875444839857
10 0.5205709487825357 0.19217081850533807 0.010075566750629723 0.014234875444839857
0 0.6087321578505458 0.17319098457888493 0.010075566750629723 0.014234875444839857
0 0.17170445004198154 0.3570581257413998 0.009235936188077247 0.009489916963226572
10 0.5205709487825357 0.1542111506524318 0.010075566750629723 0.014234875444839857
10 0.6087321578505458 0.1387900355871886 0.010075566750629723 0.014234875444839857
10 0.5566750629722922 0.5088967971530249 0.010075566750629723 0.014234875444839857
0 0.5608732157850546 0.24673784104389088 0.010075566750629723 0.014234875444839857
0 0.021410579345088162 0.6144721233689205 0.01595298068849706 0.02372479240806643
0 0.1809403862300588 0.2918149466192171 0.01595298068849706 0.02372479240806643