10 0.014693534844668345 0.8185053380782918 0.009235936188077247 0.009489916963226572
10 0.17506297229219145 0.5029655990510083 0.009235936188077247 0.009489916963226572
10 0.6221662468513854 0.15658362989323843 0.010075566750629723 0.014234875444839857
3 0.5566750629722922 0.32977461447212336 0.010075566750629723 0.014234875444839857
10 0.014693534844668345 0.35231316725978645 0.009235936188077247 0.009489916963226572
0 0.5608732157850546 0.20877817319098457 0.010075566750629723 0.014234875444839857
0 0.5734676742233418 0.19217081850533807 0.010075566750629723 0.014234875444839857
0 0.6087321578505458 0.17319098457888493 0.010075566750629723 0.014234875444839857
10 0.6087321578505458 0.26334519572953735 0.010075566750629723 0.014234875444839857
0 0.014693534844668345 0.49940688018979834 0.009235936188077247 0.009489916963226572
10 0.014693534844668345 0.6512455516014235 0.009235936188077247 0.009489916963226572
10 0.5197313182199832 0.36180308422301305 0.010075566750629723 0.014234875444839857
0 0.1809403862300588 0.465005931198102 0.01595298068849706 0.02372479240806643
10 0.5734676742233418 0.15658362989323843 0.010075566750629723 0.014234875444839857
0 0.5608732157850546 0.1376037959667853 0.010075566750629723 0.014234875444839857