10 0.3259958071278826 0.4885974914481186 0.007901951298177712 0.013683010262257697
10 0.4780680535397517 0.4888825541619156 0.007901951298177712 0.013683010262257697
7 0.5109659732301242 0.467787913340935 0.007901951298177712 0.013683010262257697
10 0.7510885341074021 0.5883694412770809 0.007901951298177712 0.013683010262257697
0 0.8222060957910015 0.1781641961231471 0.007901951298177712 0.013683010262257697
10 0.9292855990969199 0.7155074116305588 0.007901951298177712 0.013683010262257697
10 0.789308176100629 0.765678449258837 0.007901951298177712 0.013683010262257697
4 0.9217061764231576 0.21949828962371723 0.007901951298177712 0.013683010262257697
0 0.3564747621351395 0.24629418472063855 0.007901951298177712 0.013683010262257697
0 0.7643122077084341 0.919327251995439 0.007901951298177712 0.013683010262257697
10 0.3529269472665699 0.7177879133409351 0.007901951298177712 0.013683010262257697
0 0.3564747621351395 0.32668187001140253 0.007901951298177712 0.013683010262257697
0 0.3261570714400903 0.3879703534777651 0.007901951298177712 0.013683010262257697