2 0.5291888405095952 0.6895667046750285 0.007901951298177712 0.013683010262257697
12 0.0870020964360587 0.7166476624857469 0.007901951298177712 0.013683010262257697
8 0.5261248185776488 0.26738882554161914 0.007901951298177712 0.013683010262257697
12 0.12280277374616998 0.21978335233751425 0.007901951298177712 0.013683010262257697
0 0.49564586357039186 0.4284492588369441 0.007901951298177712 0.013683010262257697
10 0.6186905337848734 0.8606043329532497 0.007901951298177712 0.013683010262257697
5 0.3229317851959361 0.7183580387685291 0.007901951298177712 0.013683010262257697
3 0.3261570714400903 0.3879703534777651 0.007901951298177712 0.013683010262257697
11 0.3264796000645057 0.46864310148232613 0.007901951298177712 0.013683010262257697
9 0.28326076439283987 0.6354047890535918 0.007901951298177712 0.013683010262257697
1 0.8507498790517658 0.5872291904218928 0.007901951298177712 0.013683010262257697
10 0.3261570714400903 0.40849486887115166 0.007901951298177712 0.013683010262257697
0 0.28309950008063217 0.7998859749144812 0.007901951298177712 0.013683010262257697
4 0.5267698758264796 0.3879703534777651 0.007901951298177712 0.013683010262257697
0 0.30777293984841153 0.7728050171037628 0.007901951298177712 0.013683010262257697