10 0.5276510832383124 0.9395161290322581 0.013112884834663626 0.01935483870967742
10 0.7363169897377423 0.8754032258064516 0.013112884834663626 0.01935483870967742
4 0.27765108323831245 0.8673387096774193 0.013112884834663626 0.01935483870967742
0 0.5034207525655644 0.9153225806451613 0.013112884834663626 0.01935483870967742
10 0.7363169897377423 0.8459677419354839 0.013112884834663626 0.01935483870967742
11 0.30188141391106044 0.8955645161290322 0.013112884834663626 0.01935483870967742
0 0.9615165336374002 0.8887096774193548 0.013112884834663626 0.01935483870967742
0 0.6942702394526796 0.3725806451612903 0.016818700114025087 0.01935483870967742
11 0.4847491448118586 0.6391129032258065 0.016818700114025087 0.01935483870967742
10 0.6948403648802737 0.3439516129032258 0.016818700114025087 0.01935483870967742
4 0.7363169897377423 0.9032258064516129 0.013112884834663626 0.01935483870967742
0 0.5276510832383124 0.9141129032258064 0.013112884834663626 0.01935483870967742
0 0.9372862029646523 0.9358870967741936 0.013112884834663626 0.01935483870967742
10 0.2782212086659065 0.8959677419354839 0.013112884834663626 0.01935483870967742