7 0.6948403648802737 0.3439516129032258 0.016818700114025087 0.01935483870967742
10 0.511259977194983 0.3717741935483871 0.016818700114025087 0.01935483870967742
12 0.6934150513112884 0.3157258064516129 0.016818700114025087 0.01935483870967742
0 0.5276510832383124 0.8387096774193549 0.013112884834663626 0.01935483870967742
11 0.7363169897377423 0.8459677419354839 0.013112884834663626 0.01935483870967742
6 0.5028506271379704 0.8637096774193549 0.013112884834663626 0.01935483870967742
9 0.5034207525655644 0.8887096774193548 0.013112884834663626 0.01935483870967742
12 0.34763397947548463 0.725 0.016818700114025087 0.01935483870967742
10 0.34734891676168755 0.6427419354838709 0.016248574686431014 0.01532258064516129
10 0.512115165336374 0.3443548387096774 0.016818700114025087 0.01935483870967742
11 0.27765108323831245 0.8391129032258065 0.013112884834663626 0.01935483870967742
10 0.5276510832383124 0.9141129032258064 0.013112884834663626 0.01935483870967742
0 0.4847491448118586 0.6391129032258065 0.016818700114025087 0.01935483870967742