0 0.5419463087248322 0.4454329774614472 0.008389261744966443 0.013048635824436536
11 0.9672818791946308 0.5498220640569395 0.008389261744966443 0.013048635824436536
0 0.9672818791946308 0.47983392645314354 0.008389261744966443 0.013048635824436536
12 0.8741610738255033 0.1298932384341637 0.008389261744966443 0.013048635824436536
11 0.2600671140939597 0.34934756820877816 0.008389261744966443 0.013048635824436536
0 0.08473154362416108 0.9110320284697508 0.006711409395973154 0.009489916963226572
10 0.5419463087248322 0.3956109134045077 0.008389261744966443 0.013048635824436536
10 0.9756711409395973 0.6684460260972717 0.008389261744966443 0.013048635824436536
10 0.2902684563758389 0.36595492289442466 0.008389261744966443 0.013048635824436536
0 0.22902684563758388 0.24258600237247924 0.008389261744966443 0.013048635824436536
10 0.947986577181208 0.32443653618030843 0.008389261744966443 0.013048635824436536