11 0.5734676742233418 0.17319098457888493 0.010075566750629723 0.014234875444839857
11 0.17338371116708648 0.5183867141162515 0.009235936188077247 0.009489916963226572
2 0.5071368597816961 0.3902728351126928 0.010075566750629723 0.014234875444839857
11 0.5079764903442485 0.1376037959667853 0.010075566750629723 0.014234875444839857
11 0.5079764903442485 0.2669039145907473 0.010075566750629723 0.014234875444839857
4 0.5205709487825357 0.1542111506524318 0.010075566750629723 0.014234875444839857
10 0.6095717884130982 0.2846975088967972 0.010075566750629723 0.014234875444839857
10 0.014693534844668345 0.8185053380782918 0.009235936188077247 0.009489916963226572
0 0.17506297229219145 0.5029655990510083 0.009235936188077247 0.009489916963226572
10 0.5197313182199832 0.36180308422301305 0.010075566750629723 0.014234875444839857
10 0.17338371116708648 0.66785290628707 0.009235936188077247 0.009489916963226572
10 0.17170445004198154 0.3274021352313167 0.009235936188077247 0.009489916963226572
3 0.6087321578505458 0.2111506524317912 0.010075566750629723 0.014234875444839857