11 0.6031879194630873 0.9460260972716489 0.008389261744966443 0.013048635824436536
0 0.8070469798657718 0.6589561091340451 0.008389261744966443 0.013048635824436536
10 0.5167785234899329 0.48102016607354686 0.008389261744966443 0.013048635824436536
0 0.22986577181208054 0.22597864768683273 0.008389261744966443 0.013048635824436536
0 0.5419463087248322 0.3956109134045077 0.008389261744966443 0.013048635824436536
1 0.9756711409395973 0.6684460260972717 0.008389261744966443 0.013048635824436536
10 0.2600671140939597 0.2959667852906287 0.008389261744966443 0.013048635824436536
11 0.613255033557047 0.23309608540925267 0.008389261744966443 0.013048635824436536
6 0.4773489932885906 0.6814946619217082 0.008389261744966443 0.013048635824436536
10 0.9664429530201343 0.533214709371293 0.008389261744966443 0.013048635824436536
10 0.2902684563758389 0.31494661921708184 0.008389261744966443 0.013048635824436536