10 0.33760683760683763 0.8269669327251995 0.007901951298177712 0.013683010262257697
10 0.28309950008063217 0.935860889395667 0.007901951298177712 0.013683010262257697
10 0.9820190291888405 0.7651083238312428 0.007901951298177712 0.013683010262257697
10 0.49548459925818417 0.2671037628278221 0.007901951298177712 0.013683010262257697
0 0.3084179970972424 0.38768529076396807 0.007901951298177712 0.013683010262257697
0 0.4779067892275439 0.44783352337514254 0.007901951298177712 0.013683010262257697
10 0.506611836800516 0.8648802736602053 0.007901951298177712 0.013683010262257697
10 0.5261248185776488 0.4284492588369441 0.007901951298177712 0.013683010262257697
10 0.5064505724883084 0.9387115165336374 0.007901951298177712 0.013683010262257697
10 0.7507660054829867 0.4184720638540479 0.007901951298177712 0.013683010262257697
10 0.3529269472665699 0.7177879133409351 0.007901951298177712 0.013683010262257697
0 0.5291888405095952 0.6616305587229191 0.007901951298177712 0.013683010262257697
0 0.3264796000645057 0.46864310148232613 0.007901951298177712 0.013683010262257697
0 0.37066602160941786 0.6083238312428735 0.007901951298177712 0.013683010262257697