8 0.3261570714400903 0.32639680729760545 0.007901951298177712 0.013683010262257697
8 0.33760683760683763 0.8269669327251995 0.007901951298177712 0.013683010262257697
10 0.1523141428801806 0.3013112884834664 0.007901951298177712 0.013683010262257697
3 0.30793420416061923 0.8814139110604333 0.007901951298177712 0.013683010262257697
0 0.3259958071278826 0.4278791334093501 0.007901951298177712 0.013683010262257697
10 0.48774391227221414 0.6331242873432155 0.007901951298177712 0.013683010262257697
10 0.30728914691178844 0.8281071835803877 0.007901951298177712 0.013683010262257697
0 0.3261570714400903 0.30758266818700114 0.007901951298177712 0.013683010262257697
10 0.739477503628447 0.7180729760547321 0.007901951298177712 0.013683010262257697
0 0.5595065312046444 0.9427023945267959 0.007901951298177712 0.013683010262257697
10 0.3564747621351395 0.40849486887115166 0.007901951298177712 0.013683010262257697