10 0.9592807611675537 0.9179019384264538 0.007901951298177712 0.013683010262257697
11 0.3084179970972424 0.346921322690992 0.007901951298177712 0.013683010262257697
0 0.48774391227221414 0.6331242873432155 0.007901951298177712 0.013683010262257697
0 0.3377681019190453 0.6915621436716077 0.007901951298177712 0.013683010262257697
10 0.5261248185776488 0.26738882554161914 0.007901951298177712 0.013683010262257697
3 0.5261248185776488 0.4284492588369441 0.007901951298177712 0.013683010262257697
11 0.7507660054829867 0.4184720638540479 0.007901951298177712 0.013683010262257697
10 0.5112885018545396 0.40849486887115166 0.007901951298177712 0.013683010262257697
3 0.8222060957910015 0.1781641961231471 0.007901951298177712 0.013683010262257697
10 0.33760683760683763 0.7183580387685291 0.007901951298177712 0.013683010262257697
0 0.6156265118529269 0.5057012542759407 0.007901951298177712 0.013683010262257697
10 0.5291888405095952 0.6616305587229191 0.007901951298177712 0.013683010262257697