4 0.48774391227221414 0.6616305587229191 0.007901951298177712 0.013683010262257697
5 0.3087405257216578 0.2870581527936146 0.007901951298177712 0.013683010262257697
11 0.6148201902918884 0.33238312428734323 0.007901951298177712 0.013683010262257697
10 0.8610707950330592 0.44042189281641964 0.007901951298177712 0.013683010262257697
10 0.8372036768263184 0.7180729760547321 0.007901951298177712 0.013683010262257697
10 0.30777293984841153 0.7728050171037628 0.007901951298177712 0.013683010262257697
10 0.8604257377842284 0.39481185860889395 0.007901951298177712 0.013683010262257697
7 0.33760683760683763 0.8004561003420753 0.007901951298177712 0.013683010262257697
11 0.3259958071278826 0.36801596351197263 0.007901951298177712 0.013683010262257697
10 0.7643122077084341 0.8722919042189282 0.007901951298177712 0.013683010262257697
1 0.28309950008063217 0.9093500570125428 0.007901951298177712 0.013683010262257697
12 0.9599258184163845 0.895096921322691 0.007901951298177712 0.013683010262257697