7 0.6519109820996614 0.6445267958950969 0.007901951298177712 0.013683010262257697
11 0.5112885018545396 0.40849486887115166 0.007901951298177712 0.013683010262257697
10 0.3229317851959361 0.636259977194983 0.007901951298177712 0.013683010262257697
0 0.9294468634091275 0.8474914481185861 0.007901951298177712 0.013683010262257697
10 0.3413159167876149 0.4486887115165336 0.007901951298177712 0.013683010262257697
0 0.5109659732301242 0.3674458380843786 0.007901951298177712 0.013683010262257697
0 0.370020964360587 0.7177879133409351 0.007901951298177712 0.013683010262257697
10 0.6148201902918884 0.33238312428734323 0.007901951298177712 0.013683010262257697
2 0.471778745363651 0.790193842645382 0.007901951298177712 0.013683010262257697
9 0.15279793581680373 0.27394526795895097 0.007901951298177712 0.013683010262257697
0 0.28309950008063217 0.8540478905359179 0.007901951298177712 0.013683010262257697