0 0.5566750629722922 0.32977461447212336 0.010075566750629723 0.014234875444839857
0 0.5071368597816961 0.36061684460260973 0.010075566750629723 0.014234875444839857
10 0.5608732157850546 0.15658362989323843 0.010075566750629723 0.014234875444839857
12 0.014693534844668345 0.36773428232502964 0.009235936188077247 0.009489916963226572
2 0.5205709487825357 0.2846975088967972 0.010075566750629723 0.014234875444839857
10 0.17170445004198154 0.3274021352313167 0.009235936188077247 0.009489916963226572
10 0.5608732157850546 0.17319098457888493 0.010075566750629723 0.014234875444839857
0 0.17170445004198154 0.3428232502965599 0.009235936188077247 0.009489916963226572
10 0.5205709487825357 0.1542111506524318 0.010075566750629723 0.014234875444839857
2 0.023089840470193114 0.31198102016607354 0.01595298068849706 0.02372479240806643
6 0.6221662468513854 0.1376037959667853 0.010075566750629723 0.014234875444839857