5 0.48774391227221414 0.6616305587229191 0.007901951298177712 0.013683010262257697
10 0.6696500564425093 0.6710376282782212 0.007901951298177712 0.013683010262257697
10 0.5109659732301242 0.4484036488027366 0.007901951298177712 0.013683010262257697
8 0.739477503628447 0.7180729760547321 0.007901951298177712 0.013683010262257697
0 0.4779067892275439 0.3275370581527936 0.007901951298177712 0.013683010262257697
0 0.3084179970972424 0.38768529076396807 0.007901951298177712 0.013683010262257697
10 0.28326076439283987 0.7728050171037628 0.007901951298177712 0.013683010262257697
0 0.8222060957910015 0.1781641961231471 0.007901951298177712 0.013683010262257697
11 0.5595065312046444 0.9427023945267959 0.007901951298177712 0.013683010262257697
0 0.3084179970972424 0.5094070695553021 0.007901951298177712 0.013683010262257697
11 0.5275761973875182 0.9139110604332953 0.007901951298177712 0.013683010262257697
10 0.4780680535397517 0.2460091220068415 0.007901951298177712 0.013683010262257697
10 0.3564747621351395 0.32668187001140253 0.007901951298177712 0.013683010262257697
10 0.739477503628447 0.8127137970353477 0.007901951298177712 0.013683010262257697
8 0.3229317851959361 0.636259977194983 0.007901951298177712 0.013683010262257697