0 0.9294468634091275 0.9187571265678449 0.007901951298177712 0.013683010262257697
0 0.7178680857926141 0.17930444697833522 0.007901951298177712 0.013683010262257697
9 0.4779067892275439 0.3882554161915621 0.007901951298177712 0.013683010262257697
10 0.5109659732301242 0.4278791334093501 0.007901951298177712 0.013683010262257697
3 0.3524431543299468 0.6636259977194983 0.007901951298177712 0.013683010262257697
10 0.28374455732946297 0.7448688711516533 0.007901951298177712 0.013683010262257697
11 0.370020964360587 0.9370011402508552 0.007901951298177712 0.013683010262257697
10 0.4780680535397517 0.2460091220068415 0.007901951298177712 0.013683010262257697
0 0.5109659732301242 0.4484036488027366 0.007901951298177712 0.013683010262257697
5 0.5112885018545396 0.3070125427594071 0.007901951298177712 0.013683010262257697
10 0.3259958071278826 0.36801596351197263 0.007901951298177712 0.013683010262257697
0 0.4780680535397517 0.4888825541619156 0.007901951298177712 0.013683010262257697
12 0.5267698758264796 0.3879703534777651 0.007901951298177712 0.013683010262257697
0 0.370020964360587 0.7177879133409351 0.007901951298177712 0.013683010262257697
0 0.8222060957910015 0.1781641961231471 0.007901951298177712 0.013683010262257697