10 0.7178680857926141 0.17930444697833522 0.007901951298177712 0.013683010262257697
0 0.7507660054829867 0.4184720638540479 0.007901951298177712 0.013683010262257697
11 0.1523141428801806 0.3013112884834664 0.007901951298177712 0.013683010262257697
11 0.32244799225931303 0.6636259977194983 0.007901951298177712 0.013683010262257697
10 0.3259958071278826 0.28677309007981755 0.007901951298177712 0.013683010262257697
10 0.28309950008063217 0.8540478905359179 0.007901951298177712 0.013683010262257697
0 0.30728914691178844 0.8281071835803877 0.007901951298177712 0.013683010262257697
9 0.3084179970972424 0.346921322690992 0.007901951298177712 0.013683010262257697
7 0.4779067892275439 0.306442417331813 0.007901951298177712 0.013683010262257697
9 0.850104821802935 0.6359749144811858 0.007901951298177712 0.013683010262257697
10 0.33760683760683763 0.7183580387685291 0.007901951298177712 0.013683010262257697
10 0.5275761973875182 0.81442417331813 0.007901951298177712 0.013683010262257697