0 0.5197313182199832 0.36180308422301305 0.010075566750629723 0.014234875444839857
0 0.1809403862300588 0.465005931198102 0.01595298068849706 0.02372479240806643
10 0.5734676742233418 0.17319098457888493 0.010075566750629723 0.014234875444839857
11 0.6087321578505458 0.2111506524317912 0.010075566750629723 0.014234875444839857
0 0.014693534844668345 0.5160142348754448 0.009235936188077247 0.009489916963226572
4 0.6221662468513854 0.1376037959667853 0.010075566750629723 0.014234875444839857
7 0.17338371116708648 0.8054567022538552 0.009235936188077247 0.009489916963226572
11 0.17170445004198154 0.3570581257413998 0.009235936188077247 0.009489916963226572
10 0.013853904282115869 0.8030842230130486 0.009235936188077247 0.009489916963226572
0 0.5608732157850546 0.2277580071174377 0.010075566750629723 0.014234875444839857
0 0.5079764903442485 0.2669039145907473 0.010075566750629723 0.014234875444839857
0 0.6095717884130982 0.2846975088967972 0.010075566750629723 0.014234875444839857
0 0.17338371116708648 0.66785290628707 0.009235936188077247 0.009489916963226572
10 0.6087321578505458 0.26334519572953735 0.010075566750629723 0.014234875444839857