0 0.5285062713797035 0.8641129032258065 0.013112884834663626 0.01935483870967742
7 0.7363169897377423 0.932258064516129 0.013112884834663626 0.01935483870967742
4 0.8978050171037628 0.6201612903225806 0.02708095781071836 0.02338709677419355
7 0.51154503990878 0.3153225806451613 0.016818700114025087 0.01935483870967742
5 0.7363169897377423 0.8754032258064516 0.013112884834663626 0.01935483870967742
0 0.5276510832383124 0.8879032258064516 0.013112884834663626 0.01935483870967742
11 0.5276510832383124 0.8387096774193549 0.013112884834663626 0.01935483870967742
0 0.6934150513112884 0.3157258064516129 0.016818700114025087 0.01935483870967742
0 0.34763397947548463 0.725 0.016818700114025087 0.01935483870967742
10 0.9372862029646523 0.9358870967741936 0.013112884834663626 0.01935483870967742
12 0.511259977194983 0.3717741935483871 0.016818700114025087 0.01935483870967742
11 0.5276510832383124 0.964516129032258 0.013112884834663626 0.01935483870967742