7 0.5573136427566807 0.5121527777777778 0.009142053445850914 0.012152777777777778
0 0.5566104078762306 0.7092013888888888 0.009142053445850914 0.012152777777777778
0 0.22609001406469761 0.3120659722222222 0.009142053445850914 0.014756944444444444
10 0.2640646976090014 0.16536458333333334 0.009142053445850914 0.014756944444444444
10 0.5559071729957806 0.8255208333333334 0.009142053445850914 0.012152777777777778
0 0.2661744022503516 0.7365451388888888 0.009142053445850914 0.014756944444444444
10 0.26547116736990156 0.8901909722222222 0.009142053445850914 0.014756944444444444
12 0.30063291139240506 0.9153645833333334 0.009142053445850914 0.014756944444444444
10 0.21554149085794655 0.5785590277777778 0.009142053445850914 0.014756944444444444
0 0.5566104078762306 0.4375 0.009142053445850914 0.012152777777777778
0 0.26476793248945146 0.4778645833333333 0.009142053445850914 0.014756944444444444
12 0.22679324894514769 0.37890625 0.009142053445850914 0.014756944444444444