11 0.10021097046413502 0.5811631944444444 0.009142053445850914 0.014756944444444444
0 0.26476793248945146 0.5464409722222222 0.009142053445850914 0.014756944444444444
2 0.5566104078762306 0.4635416666666667 0.009142053445850914 0.012152777777777778
10 0.5559071729957806 0.3194444444444444 0.009142053445850914 0.012152777777777778
11 0.22609001406469761 0.14453125 0.009142053445850914 0.014756944444444444
5 0.26476793248945146 0.27734375 0.009142053445850914 0.014756944444444444
11 0.5573136427566807 0.08159722222222222 0.009142053445850914 0.012152777777777778
0 0.2289029535864979 0.51171875 0.009142053445850914 0.014756944444444444
0 0.30063291139240506 0.8893229166666666 0.009142053445850914 0.014756944444444444
0 0.26476793248945146 0.4778645833333333 0.009142053445850914 0.014756944444444444
0 0.22749648382559776 0.3424479166666667 0.009142053445850914 0.014756944444444444