11 0.5552039381153305 0.7291666666666666 0.009142053445850914 0.012152777777777778
2 0.26476793248945146 0.2009548611111111 0.009142053445850914 0.014756944444444444
10 0.30063291139240506 0.8893229166666666 0.009142053445850914 0.014756944444444444
10 0.26547116736990156 0.8381076388888888 0.009142053445850914 0.014756944444444444
0 0.2640646976090014 0.16536458333333334 0.009142053445850914 0.014756944444444444
10 0.5566104078762306 0.4375 0.009142053445850914 0.012152777777777778
10 0.26547116736990156 0.3433159722222222 0.009142053445850914 0.014756944444444444
10 0.5573136427566807 0.08159722222222222 0.009142053445850914 0.012152777777777778
10 0.22749648382559776 0.4778645833333333 0.009142053445850914 0.014756944444444444
0 0.5566104078762306 0.6510416666666666 0.009142053445850914 0.012152777777777778
10 0.2661744022503516 0.8146701388888888 0.009142053445850914 0.014756944444444444
11 0.5552039381153305 0.7847222222222222 0.009142053445850914 0.012152777777777778
11 0.2795358649789029 0.1449652777777778 0.009142053445850914 0.012152777777777778