10 0.5559071729957806 0.8428819444444444 0.009142053445850914 0.012152777777777778
11 0.5573136427566807 0.25 0.009142053445850914 0.012152777777777778
5 0.10021097046413502 0.5811631944444444 0.009142053445850914 0.014756944444444444
0 0.2661744022503516 0.4422743055555556 0.009142053445850914 0.014756944444444444
10 0.2633614627285513 0.5794270833333334 0.009142053445850914 0.014756944444444444
0 0.5566104078762306 0.5347222222222222 0.009142053445850914 0.012152777777777778
0 0.22679324894514769 0.1662326388888889 0.009142053445850914 0.014756944444444444
0 0.3020393811533052 0.7877604166666666 0.009142053445850914 0.014756944444444444
10 0.22749648382559776 0.4778645833333333 0.009142053445850914 0.014756944444444444
0 0.22679324894514769 0.37890625 0.009142053445850914 0.014756944444444444
10 0.26476793248945146 0.9162326388888888 0.009142053445850914 0.014756944444444444
12 0.5559071729957806 0.1605902777777778 0.009142053445850914 0.012152777777777778
0 0.21554149085794655 0.5785590277777778 0.009142053445850914 0.014756944444444444
10 0.22538677918424754 0.5464409722222222 0.009142053445850914 0.014756944444444444