3 0.5559071729957806 0.8428819444444444 0.009142053445850914 0.012152777777777778
6 0.22749648382559776 0.4110243055555556 0.009142053445850914 0.014756944444444444
0 0.30063291139240506 0.8893229166666666 0.009142053445850914 0.014756944444444444
10 0.26758087201125175 0.7096354166666666 0.009142053445850914 0.014756944444444444
0 0.5559071729957806 0.8255208333333334 0.009142053445850914 0.012152777777777778
10 0.5552039381153305 0.7847222222222222 0.009142053445850914 0.012152777777777778
10 0.2795358649789029 0.1449652777777778 0.009142053445850914 0.012152777777777778
12 0.5552039381153305 0.8046875 0.009142053445850914 0.012152777777777778
0 0.10021097046413502 0.5811631944444444 0.009142053445850914 0.014756944444444444
0 0.22538677918424754 0.5464409722222222 0.009142053445850914 0.014756944444444444
11 0.5559071729957806 0.7465277777777778 0.009142053445850914 0.012152777777777778
0 0.26476793248945146 0.2009548611111111 0.009142053445850914 0.014756944444444444
10 0.22679324894514769 0.20182291666666666 0.009142053445850914 0.014756944444444444
0 0.5580168776371308 0.12239583333333333 0.009142053445850914 0.012152777777777778
0 0.5559071729957806 0.3194444444444444 0.009142053445850914 0.012152777777777778