11 0.5566104078762306 0.6892361111111112 0.009142053445850914 0.012152777777777778
10 0.2661744022503516 0.7365451388888888 0.009142053445850914 0.014756944444444444
0 0.5566104078762306 0.7092013888888888 0.009142053445850914 0.012152777777777778
0 0.299929676511955 0.7365451388888888 0.009142053445850914 0.014756944444444444
0 0.5566104078762306 0.2847222222222222 0.009142053445850914 0.012152777777777778
10 0.5559071729957806 0.9383680555555556 0.009142053445850914 0.012152777777777778
11 0.5559071729957806 0.8255208333333334 0.009142053445850914 0.012152777777777778
10 0.2661744022503516 0.7877604166666666 0.009142053445850914 0.014756944444444444
10 0.2661744022503516 0.8146701388888888 0.009142053445850914 0.014756944444444444
0 0.5580168776371308 0.6710069444444444 0.009142053445850914 0.012152777777777778
9 0.26547116736990156 0.2339409722222222 0.009142053445850914 0.014756944444444444