11 0.22749648382559776 0.3424479166666667 0.009142053445850914 0.014756944444444444
10 0.21554149085794655 0.5785590277777778 0.009142053445850914 0.014756944444444444
11 0.2661744022503516 0.4422743055555556 0.009142053445850914 0.014756944444444444
10 0.22749648382559776 0.4778645833333333 0.009142053445850914 0.014756944444444444
11 0.5566104078762306 0.7092013888888888 0.009142053445850914 0.012152777777777778
10 0.299929676511955 0.7365451388888888 0.009142053445850914 0.014756944444444444
0 0.26758087201125175 0.7096354166666666 0.009142053445850914 0.014756944444444444
10 0.22749648382559776 0.2764756944444444 0.009142053445850914 0.014756944444444444
8 0.5552039381153305 0.7673611111111112 0.009142053445850914 0.012152777777777778
10 0.24859353023909986 0.14366319444444445 0.009142053445850914 0.014756944444444444
11 0.5559071729957806 0.9192708333333334 0.009142053445850914 0.012152777777777778
10 0.2668776371308017 0.7634548611111112 0.009142053445850914 0.014756944444444444