10 0.22749648382559776 0.4457465277777778 0.009142053445850914 0.014756944444444444
3 0.22679324894514769 0.2339409722222222 0.009142053445850914 0.014756944444444444
10 0.26758087201125175 0.7096354166666666 0.009142053445850914 0.014756944444444444
0 0.5552039381153305 0.7847222222222222 0.009142053445850914 0.012152777777777778
9 0.26476793248945146 0.9162326388888888 0.009142053445850914 0.014756944444444444
0 0.3020393811533052 0.7877604166666666 0.009142053445850914 0.014756944444444444
11 0.2668776371308017 0.7634548611111112 0.009142053445850914 0.014756944444444444
0 0.10021097046413502 0.5811631944444444 0.009142053445850914 0.014756944444444444
10 0.26547116736990156 0.3433159722222222 0.009142053445850914 0.014756944444444444
0 0.26547116736990156 0.86328125 0.009142053445850914 0.014756944444444444
0 0.2633614627285513 0.5794270833333334 0.009142053445850914 0.014756944444444444
10 0.16279887482419128 0.5811631944444444 0.009142053445850914 0.014756944444444444