0 0.44921875 0.7303867403314918 0.00859375 0.011049723756906077
0 0.18359375 0.26795580110497236 0.0078125 0.009944751381215469
0 0.96171875 0.9613259668508287 0.00859375 0.011049723756906077
11 0.891796875 0.30441988950276244 0.00859375 0.011049723756906077
10 0.40859375 0.598342541436464 0.00859375 0.011049723756906077
0 0.9703125 0.5370165745856353 0.00859375 0.011049723756906077
10 0.22421875 0.3237569060773481 0.00859375 0.011049723756906077
3 0.4296875 0.6165745856353592 0.00859375 0.011049723756906077
10 0.225 0.3430939226519337 0.00859375 0.011049723756906077
10 0.225390625 0.6392265193370166 0.00859375 0.011049723756906077
4 0.4078125 0.6917127071823205 0.00859375 0.011049723756906077