10 0.6421875 0.6176795580110497 0.00859375 0.011049723756906077
9 0.18359375 0.4552486187845304 0.00859375 0.011049723756906077
0 0.9609375 0.9237569060773481 0.00859375 0.011049723756906077
0 0.44921875 0.598342541436464 0.00859375 0.011049723756906077
10 0.40859375 0.598342541436464 0.00859375 0.011049723756906077
0 0.225390625 0.3806629834254144 0.00859375 0.011049723756906077
0 0.9703125 0.5370165745856353 0.00859375 0.011049723756906077
10 0.428515625 0.7121546961325966 0.00859375 0.011049723756906077
0 0.97109375 0.7486187845303868 0.00859375 0.011049723756906077
10 0.891796875 0.5552486187845304 0.00859375 0.011049723756906077
10 0.891796875 0.30441988950276244 0.00859375 0.011049723756906077
4 0.40859375 0.9110497237569061 0.00859375 0.011049723756906077
5 0.428515625 0.30441988950276244 0.00859375 0.011049723756906077
0 0.922265625 0.9419889502762431 0.00859375 0.011049723756906077
11 0.20546875 0.6215469613259669 0.00859375 0.011049723756906077