6 0.225 0.2861878453038674 0.00859375 0.011049723756906077
5 0.204296875 0.7337016574585635 0.00859375 0.011049723756906077
0 0.44921875 0.43701657458563536 0.00859375 0.011049723756906077
10 0.89609375 0.9226519337016574 0.00859375 0.011049723756906077
12 0.9609375 0.9237569060773481 0.00859375 0.011049723756906077
10 0.182421875 0.49392265193370166 0.00859375 0.011049723756906077
0 0.428515625 0.4176795580110497 0.00859375 0.011049723756906077
11 0.6421875 0.8077348066298342 0.00859375 0.011049723756906077
10 0.97109375 0.7121546961325966 0.00859375 0.011049723756906077
10 0.428515625 0.8928176795580111 0.00859375 0.011049723756906077
12 0.44921875 0.9121546961325967 0.00859375 0.011049723756906077
11 0.9703125 0.8055248618784531 0.00859375 0.011049723756906077