0 0.18359375 0.3430939226519337 0.00859375 0.011049723756906077
0 0.4078125 0.3994475138121547 0.00859375 0.011049723756906077
10 0.428515625 0.3430939226519337 0.00859375 0.011049723756906077
12 0.1828125 0.30441988950276244 0.00859375 0.011049723756906077
10 0.225390625 0.6779005524861879 0.00859375 0.011049723756906077
0 0.1625 0.2861878453038674 0.00859375 0.011049723756906077
10 0.4078125 0.8756906077348067 0.00859375 0.011049723756906077
0 0.18359375 0.8939226519337017 0.00859375 0.011049723756906077
3 0.1625 0.3983425414364641 0.00859375 0.011049723756906077
10 0.891015625 0.5176795580110497 0.00859375 0.011049723756906077
1 0.1625 0.7690607734806629 0.00859375 0.011049723756906077
0 0.18359375 0.7530386740331492 0.00859375 0.011049723756906077