0 0.97109375 0.7486187845303868 0.00859375 0.011049723756906077
0 0.18359375 0.8939226519337017 0.00859375 0.011049723756906077
0 0.18359375 0.3806629834254144 0.00859375 0.011049723756906077
10 0.6421875 0.7337016574585635 0.00859375 0.011049723756906077
11 0.1625 0.3983425414364641 0.00859375 0.011049723756906077
10 0.18359375 0.7530386740331492 0.00859375 0.011049723756906077
0 0.162890625 0.43591160220994474 0.00859375 0.011049723756906077
10 0.44921875 0.9121546961325967 0.00859375 0.011049723756906077
10 0.22421875 0.3237569060773481 0.00859375 0.011049723756906077
10 0.162890625 0.24861878453038674 0.00859375 0.011049723756906077
0 0.1634765625 0.930939226519337 0.009765625 0.012154696132596685
11 0.162890625 0.36132596685082874 0.00859375 0.011049723756906077
1 0.6421875 0.43480662983425417 0.00859375 0.011049723756906077