0 0.1625 0.2861878453038674 0.00859375 0.011049723756906077
0 0.4078125 0.6917127071823205 0.00859375 0.011049723756906077
10 0.2046875 0.4 0.00859375 0.011049723756906077
12 0.162890625 0.7325966850828729 0.00859375 0.011049723756906077
1 0.9609375 0.9237569060773481 0.00859375 0.011049723756906077
0 0.4078125 0.6370165745856353 0.00859375 0.011049723756906077
10 0.2046875 0.6585635359116022 0.00859375 0.011049723756906077
11 0.95546875 0.48066298342541436 0.00859375 0.011049723756906077
10 0.44921875 0.9497237569060774 0.00859375 0.011049723756906077
10 0.204296875 0.6950276243093922 0.00859375 0.011049723756906077
11 0.226171875 0.4552486187845304 0.00859375 0.011049723756906077