10 0.428515625 0.3806629834254144 0.00859375 0.011049723756906077
0 0.8921875 0.25082872928176797 0.00859375 0.011049723756906077
0 0.450390625 0.874585635359116 0.00859375 0.011049723756906077
10 0.1828125 0.7154696132596685 0.00859375 0.011049723756906077
11 0.40859375 0.9110497237569061 0.00859375 0.011049723756906077
12 0.4078125 0.6370165745856353 0.00859375 0.011049723756906077
10 0.204296875 0.9110497237569061 0.00859375 0.011049723756906077
5 0.204296875 0.7337016574585635 0.00859375 0.011049723756906077
10 0.4078125 0.6917127071823205 0.00859375 0.011049723756906077
10 0.204296875 0.5121546961325967 0.00859375 0.011049723756906077
0 0.6421875 0.8839779005524862 0.00859375 0.011049723756906077
0 0.40859375 0.5624309392265193 0.00859375 0.011049723756906077
7 0.6421875 0.581767955801105 0.00859375 0.011049723756906077
5 0.225 0.4165745856353591 0.00859375 0.011049723756906077
0 0.44921875 0.9121546961325967 0.00859375 0.011049723756906077