11 0.18359375 0.3806629834254144 0.00859375 0.011049723756906077
0 0.90625 0.8055248618784531 0.00859375 0.011049723756906077
12 0.641796875 0.4723756906077348 0.00859375 0.011049723756906077
0 0.44921875 0.9497237569060774 0.00859375 0.011049723756906077
10 0.9703125 0.5370165745856353 0.00859375 0.011049723756906077
10 0.641796875 0.2861878453038674 0.00859375 0.011049723756906077
10 0.225390625 0.7154696132596685 0.00859375 0.011049723756906077
0 0.956640625 0.287292817679558 0.00859375 0.011049723756906077
10 0.896875 0.9613259668508287 0.00859375 0.011049723756906077
6 0.162890625 0.8756906077348067 0.00859375 0.011049723756906077
12 0.2046875 0.43701657458563536 0.00859375 0.011049723756906077
10 0.8921875 0.3430939226519337 0.00859375 0.011049723756906077
1 0.204296875 0.30441988950276244 0.00859375 0.011049723756906077
10 0.162890625 0.36132596685082874 0.00859375 0.011049723756906077