0 0.428515625 0.7121546961325966 0.00859375 0.011049723756906077
8 0.226171875 0.49392265193370166 0.00859375 0.011049723756906077
0 0.956640625 0.5176795580110497 0.00859375 0.011049723756906077
0 0.225390625 0.2668508287292818 0.00859375 0.011049723756906077
0 0.891015625 0.7668508287292818 0.00859375 0.011049723756906077
0 0.20546875 0.6215469613259669 0.00859375 0.011049723756906077
10 0.44921875 0.7303867403314918 0.00859375 0.011049723756906077
0 0.428515625 0.5806629834254143 0.00859375 0.011049723756906077
10 0.450390625 0.874585635359116 0.00859375 0.011049723756906077
0 0.18359375 0.7530386740331492 0.00859375 0.011049723756906077
12 0.891015625 0.5176795580110497 0.00859375 0.011049723756906077
10 0.18359375 0.26795580110497236 0.0078125 0.009944751381215469
0 0.162890625 0.8756906077348067 0.00859375 0.011049723756906077
10 0.18359375 0.3806629834254144 0.00859375 0.011049723756906077