10 0.6421875 0.43480662983425417 0.00859375 0.011049723756906077
6 0.891796875 0.30441988950276244 0.00859375 0.011049723756906077
6 0.9546875 0.26795580110497236 0.00859375 0.011049723756906077
0 0.922265625 0.9419889502762431 0.00859375 0.011049723756906077
1 0.2046875 0.43701657458563536 0.00859375 0.011049723756906077
10 0.641796875 0.32486187845303865 0.00859375 0.011049723756906077
9 0.44921875 0.598342541436464 0.00859375 0.011049723756906077
10 0.162890625 0.24861878453038674 0.00859375 0.011049723756906077
7 0.90625 0.8055248618784531 0.00859375 0.011049723756906077
0 0.40859375 0.7497237569060774 0.00859375 0.011049723756906077
10 0.641796875 0.4723756906077348 0.00859375 0.011049723756906077
2 0.2046875 0.24861878453038674 0.00859375 0.011049723756906077
1 0.891015625 0.7303867403314918 0.00859375 0.011049723756906077