4 0.4479166666666667 0.12289366647298082 0.0425 0.01801278326554329
0 0.9479166666666666 0.4848925043579314 0.0425 0.01801278326554329
0 0.3929166666666667 0.4517722254503196 0.0425 0.01801278326554329
3 0.4454166666666667 0.15427077280650783 0.0425 0.01801278326554329
0 0.44958333333333333 0.8352701917489832 0.0425 0.01801278326554329
10 0.3929166666666667 0.637129575828007 0.0425 0.01801278326554329
0 0.3929166666666667 0.08977338756536897 0.0425 0.01801278326554329
10 0.4454166666666667 0.9177803602556653 0.0425 0.01801278326554329
10 0.9470833333333334 0.689424753050552 0.0425 0.01801278326554329
10 0.8970833333333333 0.6905868680999419 0.0425 0.01801278326554329
0 0.44708333333333333 0.09093550261475886 0.0425 0.01801278326554329
10 0.94875 0.8544450900639163 0.0425 0.01801278326554329
10 0.94875 0.4494479953515398 0.0425 0.01801278326554329