9 0.4454166666666667 0.15427077280650783 0.0425 0.01801278326554329
11 0.44708333333333333 0.09093550261475886 0.0425 0.01801278326554329
1 0.9479166666666666 0.29837303893085415 0.0425 0.01801278326554329
0 0.39375 0.35066821615339916 0.0425 0.01801278326554329
6 0.3929166666666667 0.637129575828007 0.0425 0.01801278326554329
6 0.39625 0.12289366647298082 0.0425 0.01801278326554329
10 0.9470833333333334 0.689424753050552 0.0425 0.01801278326554329
0 0.4454166666666667 0.6016850668216154 0.0425 0.01801278326554329
9 0.39458333333333334 0.8852411388727484 0.0425 0.01801278326554329
10 0.44625 0.384369552585706 0.0425 0.01801278326554329
0 0.3929166666666667 0.6022661243463103 0.0425 0.01801278326554329
9 0.9445833333333333 0.1147588611272516 0.0425 0.01801278326554329
0 0.39208333333333334 0.6812899477048228 0.0425 0.01801278326554329
10 0.4454166666666667 0.6824520627542127 0.0425 0.01801278326554329