0 0.8945833333333333 0.6551423590935502 0.0425 0.01801278326554329
6 0.8970833333333333 0.6905868680999419 0.0425 0.01801278326554329
10 0.44625 0.35008715862870426 0.0425 0.01801278326554329
11 0.3929166666666667 0.3832074375363161 0.0425 0.01801278326554329
4 0.9470833333333334 0.7231260894828588 0.0425 0.01801278326554329
12 0.94875 0.8904706565950029 0.0425 0.01801278326554329
10 0.4454166666666667 0.6016850668216154 0.0425 0.01801278326554329
7 0.44625 0.8864032539221383 0.0425 0.01801278326554329
0 0.44625 0.384369552585706 0.0425 0.01801278326554329
10 0.3929166666666667 0.08977338756536897 0.0425 0.01801278326554329
0 0.9470833333333334 0.6551423590935502 0.0425 0.01801278326554329
7 0.44375 0.637129575828007 0.0425 0.01801278326554329
10 0.39458333333333334 0.8852411388727484 0.0425 0.01801278326554329
12 0.44708333333333333 0.09093550261475886 0.0425 0.01801278326554329
4 0.4454166666666667 0.9177803602556653 0.0425 0.01801278326554329