0 0.4454166666666667 0.6824520627542127 0.0425 0.01801278326554329
10 0.44708333333333333 0.09093550261475886 0.0425 0.01801278326554329
10 0.39458333333333334 0.8852411388727484 0.0425 0.01801278326554329
10 0.9479166666666666 0.2547937245787333 0.0425 0.01801278326554329
2 0.9470833333333334 0.6551423590935502 0.0425 0.01801278326554329
0 0.9445833333333333 0.1147588611272516 0.0425 0.01801278326554329
10 0.94875 0.8904706565950029 0.0425 0.01801278326554329
6 0.4454166666666667 0.15427077280650783 0.0425 0.01801278326554329
0 0.8970833333333333 0.6905868680999419 0.0425 0.01801278326554329
5 0.9470833333333334 0.7231260894828588 0.0425 0.01801278326554329
0 0.9479166666666666 0.4848925043579314 0.0425 0.01801278326554329
0 0.44375 0.637129575828007 0.0425 0.01801278326554329
10 0.39375 0.35066821615339916 0.0425 0.01801278326554329