10 0.4454166666666667 0.9177803602556653 0.0425 0.01801278326554329
0 0.39625 0.8346891342242883 0.0425 0.01801278326554329
0 0.3929166666666667 0.3832074375363161 0.0425 0.01801278326554329
8 0.94875 0.8904706565950029 0.0425 0.01801278326554329
11 0.44708333333333333 0.09093550261475886 0.0425 0.01801278326554329
10 0.9479166666666666 0.29837303893085415 0.0425 0.01801278326554329
0 0.9470833333333334 0.08396281231841952 0.0425 0.01801278326554329
0 0.9479166666666666 0.2547937245787333 0.0425 0.01801278326554329
0 0.39375 0.35066821615339916 0.0425 0.01801278326554329
10 0.3929166666666667 0.6022661243463103 0.0425 0.01801278326554329
10 0.9445833333333333 0.1147588611272516 0.0425 0.01801278326554329
1 0.44625 0.41807088901801276 0.0425 0.01801278326554329
10 0.44625 0.8864032539221383 0.0425 0.01801278326554329