10 0.39625 0.12289366647298082 0.0425 0.01801278326554329
6 0.44625 0.35008715862870426 0.0425 0.01801278326554329
12 0.39458333333333334 0.9177803602556653 0.0425 0.01801278326554329
10 0.3929166666666667 0.41807088901801276 0.0425 0.01801278326554329
10 0.94875 0.8544450900639163 0.0425 0.01801278326554329
10 0.4454166666666667 0.6016850668216154 0.0425 0.01801278326554329
10 0.3929166666666667 0.3832074375363161 0.0425 0.01801278326554329
10 0.3929166666666667 0.4517722254503196 0.0425 0.01801278326554329
7 0.44625 0.41807088901801276 0.0425 0.01801278326554329
6 0.4454166666666667 0.9177803602556653 0.0425 0.01801278326554329
11 0.44625 0.384369552585706 0.0425 0.01801278326554329
0 0.9470833333333334 0.689424753050552 0.0425 0.01801278326554329
5 0.39375 0.35066821615339916 0.0425 0.01801278326554329
11 0.9470833333333334 0.6551423590935502 0.0425 0.01801278326554329
0 0.3929166666666667 0.637129575828007 0.0425 0.01801278326554329