0 0.44625 0.41807088901801276 0.0425 0.01801278326554329
0 0.4454166666666667 0.15427077280650783 0.0425 0.01801278326554329
10 0.9479166666666666 0.29837303893085415 0.0425 0.01801278326554329
3 0.94875 0.8544450900639163 0.0425 0.01801278326554329
10 0.4454166666666667 0.6016850668216154 0.0425 0.01801278326554329
10 0.4479166666666667 0.12289366647298082 0.0425 0.01801278326554329
10 0.94875 0.8904706565950029 0.0425 0.01801278326554329
0 0.44375 0.637129575828007 0.0425 0.01801278326554329
2 0.9470833333333334 0.689424753050552 0.0425 0.01801278326554329
7 0.44625 0.8864032539221383 0.0425 0.01801278326554329
5 0.9445833333333333 0.1147588611272516 0.0425 0.01801278326554329
9 0.39458333333333334 0.8852411388727484 0.0425 0.01801278326554329
11 0.39625 0.12289366647298082 0.0425 0.01801278326554329