0 0.8730366492146597 0.4393518518518518 0.013089005235602094 0.019444444444444445
10 0.17604712041884818 0.5347222222222222 0.013089005235602094 0.019444444444444445
10 0.8723821989528796 0.14212962962962963 0.013089005235602094 0.019444444444444445
12 0.9456806282722513 0.17222222222222222 0.014397905759162303 0.022222222222222223
0 0.724476439790576 0.7347222222222223 0.013089005235602094 0.019444444444444445
0 0.800392670157068 0.5208333333333334 0.013089005235602094 0.019444444444444445
10 0.8717277486910995 0.46805555555555556 0.013089005235602094 0.019444444444444445
10 0.7257853403141361 0.43842592592592594 0.013089005235602094 0.019444444444444445
10 0.8730366492146597 0.36157407407407405 0.013089005235602094 0.019444444444444445
5 0.725130890052356 0.6273148148148148 0.013089005235602094 0.019444444444444445
11 0.9096858638743456 0.4134259259259259 0.013089005235602094 0.019444444444444445
11 0.406413612565445 0.836574074074074 0.013089005235602094 0.019444444444444445
0 0.7984293193717278 0.46805555555555556 0.013089005235602094 0.019444444444444445
10 0.7637434554973822 0.22361111111111112 0.013089005235602094 0.019444444444444445