12 0.9096858638743456 0.16805555555555557 0.013089005235602094 0.019444444444444445
0 0.8514397905759162 0.7625 0.013089005235602094 0.019444444444444445
11 0.762434554973822 0.3587962962962963 0.013089005235602094 0.019444444444444445
6 0.8723821989528796 0.22453703703703703 0.013089005235602094 0.019444444444444445
0 0.725130890052356 0.38657407407407407 0.013089005235602094 0.019444444444444445
0 0.9096858638743456 0.4134259259259259 0.013089005235602094 0.019444444444444445
3 0.7990837696335078 0.27824074074074073 0.013089005235602094 0.019444444444444445
10 0.9476439790575916 0.46944444444444444 0.014397905759162303 0.022222222222222223
0 0.7257853403141361 0.4162037037037037 0.013089005235602094 0.019444444444444445
0 0.7257853403141361 0.43842592592592594 0.013089005235602094 0.019444444444444445
0 0.724476439790576 0.22453703703703703 0.017015706806282723 0.019444444444444445