0 0.406413612565445 0.836574074074074 0.013089005235602094 0.019444444444444445
10 0.7990837696335078 0.3337962962962963 0.013089005235602094 0.019444444444444445
4 0.762434554973822 0.44027777777777777 0.013089005235602094 0.019444444444444445
0 0.9469895287958116 0.14444444444444443 0.014397905759162303 0.022222222222222223
10 0.8717277486910995 0.16898148148148148 0.013089005235602094 0.019444444444444445
10 0.724476439790576 0.25324074074074077 0.013089005235602094 0.019444444444444445
10 0.7257853403141361 0.43842592592592594 0.013089005235602094 0.019444444444444445
0 0.8514397905759162 0.6800925925925926 0.013089005235602094 0.019444444444444445
12 0.724476439790576 0.7615740740740741 0.013089005235602094 0.019444444444444445
10 0.8730366492146597 0.36157407407407405 0.013089005235602094 0.019444444444444445
10 0.8723821989528796 0.3050925925925926 0.013089005235602094 0.019444444444444445
12 0.9096858638743456 0.30416666666666664 0.013089005235602094 0.019444444444444445
0 0.9469895287958116 0.33425925925925926 0.014397905759162303 0.022222222222222223
11 0.887434554973822 0.6236111111111111 0.013089005235602094 0.019444444444444445