10 0.724476439790576 0.7347222222222223 0.013089005235602094 0.019444444444444445
7 0.8723821989528796 0.5217592592592593 0.013089005235602094 0.019444444444444445
0 0.9096858638743456 0.25046296296296294 0.013089005235602094 0.019444444444444445
9 0.7990837696335078 0.3337962962962963 0.013089005235602094 0.019444444444444445
10 0.7899214659685864 0.6541666666666667 0.013089005235602094 0.019444444444444445
12 0.9096858638743456 0.4134259259259259 0.013089005235602094 0.019444444444444445
11 0.9509162303664922 0.6282407407407408 0.013089005235602094 0.019444444444444445
11 0.9096858638743456 0.16805555555555557 0.013089005235602094 0.019444444444444445
0 0.725130890052356 0.35694444444444445 0.013089005235602094 0.019444444444444445
7 0.7905759162303665 0.6263888888888889 0.013089005235602094 0.019444444444444445
0 0.8717277486910995 0.46805555555555556 0.013089005235602094 0.019444444444444445