0 0.8723821989528796 0.3050925925925926 0.013089005235602094 0.019444444444444445
11 0.8520942408376964 0.7893518518518519 0.013089005235602094 0.019444444444444445
0 0.9502617801047121 0.7375 0.013089005235602094 0.019444444444444445
10 0.9096858638743456 0.4134259259259259 0.013089005235602094 0.019444444444444445
4 0.8514397905759162 0.7625 0.013089005235602094 0.019444444444444445
11 0.7257853403141361 0.30416666666666664 0.013089005235602094 0.019444444444444445
0 0.724476439790576 0.25324074074074077 0.013089005235602094 0.019444444444444445
10 0.7879581151832461 0.7615740740740741 0.013089005235602094 0.019444444444444445
10 0.7257853403141361 0.43842592592592594 0.013089005235602094 0.019444444444444445
11 0.7990837696335078 0.22268518518518518 0.013089005235602094 0.019444444444444445
5 0.17604712041884818 0.5347222222222222 0.013089005235602094 0.019444444444444445
0 0.7257853403141361 0.7875 0.013089005235602094 0.019444444444444445
10 0.725130890052356 0.1162037037037037 0.013089005235602094 0.019444444444444445
10 0.9096858638743456 0.22361111111111112 0.013089005235602094 0.019444444444444445
0 0.725130890052356 0.33194444444444443 0.013089005235602094 0.019444444444444445