0 0.724476439790576 0.25324074074074077 0.013089005235602094 0.019444444444444445
2 0.8887434554973822 0.6828703703703703 0.013089005235602094 0.019444444444444445
12 0.8723821989528796 0.3050925925925926 0.013089005235602094 0.019444444444444445
10 0.9096858638743456 0.38842592592592595 0.013089005235602094 0.019444444444444445
10 0.8887434554973822 0.763425925925926 0.013089005235602094 0.019444444444444445
0 0.8717277486910995 0.46805555555555556 0.013089005235602094 0.019444444444444445
10 0.8520942408376964 0.7893518518518519 0.013089005235602094 0.019444444444444445
11 0.9096858638743456 0.2763888888888889 0.013089005235602094 0.019444444444444445
0 0.8514397905759162 0.7625 0.013089005235602094 0.019444444444444445
8 0.7977748691099477 0.4125 0.013089005235602094 0.019444444444444445
10 0.7257853403141361 0.4162037037037037 0.013089005235602094 0.019444444444444445
0 0.8730366492146597 0.4393518518518518 0.013089005235602094 0.019444444444444445