10 0.7257853403141361 0.43842592592592594 0.013089005235602094 0.019444444444444445
0 0.8887434554973822 0.7893518518518519 0.013089005235602094 0.019444444444444445
8 0.8717277486910995 0.46805555555555556 0.013089005235602094 0.019444444444444445
11 0.762434554973822 0.44027777777777777 0.013089005235602094 0.019444444444444445
10 0.762434554973822 0.3587962962962963 0.013089005235602094 0.019444444444444445
10 0.406413612565445 0.836574074074074 0.013089005235602094 0.019444444444444445
0 0.9469895287958116 0.4148148148148148 0.014397905759162303 0.022222222222222223
10 0.17670157068062828 0.8319444444444445 0.013089005235602094 0.019444444444444445
0 0.9469895287958116 0.3611111111111111 0.014397905759162303 0.022222222222222223
10 0.8717277486910995 0.2800925925925926 0.013089005235602094 0.019444444444444445
0 0.762434554973822 0.46620370370370373 0.013089005235602094 0.019444444444444445
0 0.9103403141361257 0.4412037037037037 0.013089005235602094 0.019444444444444445
10 0.9476439790575916 0.2 0.014397905759162303 0.022222222222222223
10 0.887434554973822 0.6236111111111111 0.013089005235602094 0.019444444444444445
0 0.9502617801047121 0.7078703703703704 0.013089005235602094 0.019444444444444445