11 0.8271484375 0.6484375 0.025390625 0.013671875
7 0.861328125 0.6728515625 0.025390625 0.013671875
2 0.8271484375 0.5185546875 0.025390625 0.013671875
8 0.916015625 0.748046875 0.025390625 0.013671875
9 0.9169921875 0.6484375 0.025390625 0.013671875
6 0.6416015625 0.6484375 0.025390625 0.013671875
10 0.380859375 0.2822265625 0.025390625 0.013671875
5 0.6240234375 0.3828125 0.025390625 0.013671875
0 0.404296875 0.5224609375 0.025390625 0.013671875
11 0.3818359375 0.3515625 0.025390625 0.013671875
11 0.67578125 0.7216796875 0.025390625 0.013671875
10 0.3427734375 0.498046875 0.025390625 0.013671875
0 0.380859375 0.3984375 0.025390625 0.013671875
2 0.8271484375 0.697265625 0.025390625 0.013671875
6 0.947265625 0.7216796875 0.025390625 0.013671875