5 0.625 0.4697265625 0.025390625 0.013671875
2 0.4169921875 0.3291015625 0.025390625 0.013671875
1 0.6416015625 0.6484375 0.025390625 0.013671875
4 0.4501953125 0.3046875 0.025390625 0.013671875
5 0.6748046875 0.6767578125 0.025390625 0.013671875
0 0.4033203125 0.572265625 0.025390625 0.013671875
8 0.6416015625 0.697265625 0.025390625 0.013671875
3 0.4501953125 0.3759765625 0.025390625 0.013671875
7 0.9169921875 0.701171875 0.025390625 0.013671875
11 0.6240234375 0.3828125 0.025390625 0.013671875
8 0.341796875 0.5478515625 0.025390625 0.013671875
11 0.947265625 0.7216796875 0.025390625 0.013671875
11 0.861328125 0.6728515625 0.025390625 0.013671875