0 0.8271484375 0.5185546875 0.025390625 0.013671875
6 0.67578125 0.7216796875 0.025390625 0.013671875
9 0.8271484375 0.697265625 0.025390625 0.013671875
2 0.625 0.4697265625 0.025390625 0.013671875
4 0.9482421875 0.29296875 0.025390625 0.013671875
1 0.8271484375 0.6484375 0.025390625 0.013671875
8 0.4501953125 0.3759765625 0.025390625 0.013671875
8 0.67578125 0.7685546875 0.025390625 0.013671875
11 0.6259765625 0.2880859375 0.025390625 0.013671875
11 0.861328125 0.6728515625 0.025390625 0.013671875
6 0.947265625 0.7216796875 0.025390625 0.013671875
12 0.640625 0.74609375 0.025390625 0.013671875