8 0.4501953125 0.3046875 0.025390625 0.013671875
12 0.916015625 0.748046875 0.025390625 0.013671875
10 0.9169921875 0.6484375 0.025390625 0.013671875
8 0.861328125 0.6728515625 0.025390625 0.013671875
5 0.380859375 0.2822265625 0.025390625 0.013671875
2 0.916015625 0.4697265625 0.025390625 0.013671875
10 0.380859375 0.3984375 0.025390625 0.013671875
2 0.640625 0.74609375 0.025390625 0.013671875
11 0.826171875 0.4716796875 0.025390625 0.013671875
4 0.625 0.4697265625 0.025390625 0.013671875
1 0.6416015625 0.697265625 0.025390625 0.013671875
4 0.947265625 0.33984375 0.025390625 0.013671875
6 0.3447265625 0.6767578125 0.025390625 0.013671875
0 0.623046875 0.5205078125 0.025390625 0.013671875
6 0.8583984375 0.494140625 0.025390625 0.013671875