11 0.826171875 0.4716796875 0.025390625 0.013671875
1 0.8271484375 0.6484375 0.025390625 0.013671875
11 0.3447265625 0.6767578125 0.025390625 0.013671875
10 0.341796875 0.5478515625 0.025390625 0.013671875
10 0.404296875 0.4736328125 0.025390625 0.013671875
10 0.6240234375 0.3828125 0.025390625 0.013671875
0 0.8271484375 0.5185546875 0.025390625 0.013671875
11 0.404296875 0.5224609375 0.025390625 0.013671875
0 0.380859375 0.2822265625 0.025390625 0.013671875
0 0.4501953125 0.3046875 0.025390625 0.013671875
2 0.9169921875 0.701171875 0.025390625 0.013671875
6 0.9482421875 0.29296875 0.025390625 0.013671875
0 0.4501953125 0.3759765625 0.025390625 0.013671875
2 0.6748046875 0.6767578125 0.025390625 0.013671875
8 0.623046875 0.5205078125 0.025390625 0.013671875