10 0.6416015625 0.794921875 0.025390625 0.013671875
12 0.67578125 0.7685546875 0.025390625 0.013671875
12 0.9169921875 0.701171875 0.025390625 0.013671875
11 0.625 0.3359375 0.025390625 0.013671875
0 0.6259765625 0.2880859375 0.025390625 0.013671875
4 0.8271484375 0.697265625 0.025390625 0.013671875
10 0.9169921875 0.5166015625 0.025390625 0.013671875
11 0.6416015625 0.6484375 0.025390625 0.013671875
0 0.6748046875 0.6767578125 0.025390625 0.013671875
10 0.341796875 0.5478515625 0.025390625 0.013671875
8 0.640625 0.74609375 0.025390625 0.013671875