8 0.380859375 0.3984375 0.025390625 0.013671875
12 0.8271484375 0.697265625 0.025390625 0.013671875
8 0.3427734375 0.5947265625 0.025390625 0.013671875
5 0.3818359375 0.3515625 0.025390625 0.013671875
12 0.861328125 0.6728515625 0.025390625 0.013671875
0 0.625 0.4697265625 0.025390625 0.013671875
4 0.9482421875 0.388671875 0.025390625 0.013671875
8 0.6748046875 0.6767578125 0.025390625 0.013671875
7 0.9501953125 0.6748046875 0.025390625 0.013671875
7 0.625 0.3359375 0.025390625 0.013671875
10 0.947265625 0.33984375 0.025390625 0.013671875
2 0.4501953125 0.3759765625 0.025390625 0.013671875
3 0.3427734375 0.701171875 0.025390625 0.013671875
0 0.404296875 0.4736328125 0.025390625 0.013671875
8 0.9169921875 0.6484375 0.025390625 0.013671875