7 0.916015625 0.748046875 0.025390625 0.013671875
8 0.8271484375 0.6484375 0.025390625 0.013671875
1 0.6416015625 0.794921875 0.025390625 0.013671875
9 0.9482421875 0.29296875 0.025390625 0.013671875
2 0.6416015625 0.697265625 0.025390625 0.013671875
3 0.623046875 0.5205078125 0.025390625 0.013671875
0 0.380859375 0.3984375 0.025390625 0.013671875
0 0.916015625 0.4697265625 0.025390625 0.013671875
5 0.4033203125 0.572265625 0.025390625 0.013671875
8 0.826171875 0.4716796875 0.025390625 0.013671875
9 0.4169921875 0.3291015625 0.025390625 0.013671875
0 0.404296875 0.4736328125 0.025390625 0.013671875
6 0.6748046875 0.6767578125 0.025390625 0.013671875
5 0.380859375 0.2822265625 0.025390625 0.013671875