0 0.9501953125 0.6748046875 0.025390625 0.013671875
10 0.380859375 0.2822265625 0.025390625 0.013671875
0 0.8271484375 0.697265625 0.025390625 0.013671875
10 0.6748046875 0.6767578125 0.025390625 0.013671875
10 0.404296875 0.5224609375 0.025390625 0.013671875
11 0.3427734375 0.701171875 0.025390625 0.013671875
12 0.6416015625 0.6484375 0.025390625 0.013671875
0 0.947265625 0.7216796875 0.025390625 0.013671875
10 0.8583984375 0.7216796875 0.025390625 0.013671875
10 0.404296875 0.4736328125 0.025390625 0.013671875
0 0.4169921875 0.3291015625 0.025390625 0.013671875
0 0.625 0.4697265625 0.025390625 0.013671875
10 0.9169921875 0.701171875 0.025390625 0.013671875
11 0.4501953125 0.3046875 0.025390625 0.013671875