3 0.916015625 0.4697265625 0.025390625 0.013671875
0 0.8271484375 0.6484375 0.025390625 0.013671875
9 0.4501953125 0.3046875 0.025390625 0.013671875
10 0.9169921875 0.5166015625 0.025390625 0.013671875
7 0.916015625 0.748046875 0.025390625 0.013671875
10 0.8583984375 0.494140625 0.025390625 0.013671875
0 0.341796875 0.5478515625 0.025390625 0.013671875
11 0.9169921875 0.701171875 0.025390625 0.013671875
5 0.947265625 0.7216796875 0.025390625 0.013671875
6 0.947265625 0.33984375 0.025390625 0.013671875
11 0.8271484375 0.5185546875 0.025390625 0.013671875