10 0.4501953125 0.3046875 0.025390625 0.013671875
10 0.3427734375 0.5947265625 0.025390625 0.013671875
5 0.9482421875 0.4921875 0.025390625 0.013671875
10 0.4501953125 0.3759765625 0.025390625 0.013671875
0 0.9169921875 0.6484375 0.025390625 0.013671875
10 0.6416015625 0.697265625 0.025390625 0.013671875
8 0.625 0.4697265625 0.025390625 0.013671875
0 0.916015625 0.4697265625 0.025390625 0.013671875
2 0.3818359375 0.3515625 0.025390625 0.013671875
10 0.4033203125 0.572265625 0.025390625 0.013671875
10 0.625 0.3359375 0.025390625 0.013671875
0 0.4169921875 0.3291015625 0.025390625 0.013671875