0 0.947265625 0.7216796875 0.025390625 0.013671875
0 0.9169921875 0.6484375 0.025390625 0.013671875
11 0.826171875 0.4716796875 0.025390625 0.013671875
10 0.6416015625 0.794921875 0.025390625 0.013671875
10 0.4169921875 0.3291015625 0.025390625 0.013671875
11 0.8583984375 0.494140625 0.025390625 0.013671875
10 0.67578125 0.7216796875 0.025390625 0.013671875
6 0.625 0.4697265625 0.025390625 0.013671875
10 0.380859375 0.2822265625 0.025390625 0.013671875
6 0.8271484375 0.6484375 0.025390625 0.013671875
0 0.341796875 0.5478515625 0.025390625 0.013671875
6 0.8271484375 0.697265625 0.025390625 0.013671875
5 0.6416015625 0.6484375 0.025390625 0.013671875
11 0.9501953125 0.6748046875 0.025390625 0.013671875
0 0.6240234375 0.3828125 0.025390625 0.013671875