6 0.404296875 0.5224609375 0.025390625 0.013671875
0 0.3447265625 0.6767578125 0.025390625 0.013671875
9 0.916015625 0.4697265625 0.025390625 0.013671875
2 0.3818359375 0.3515625 0.025390625 0.013671875
0 0.9482421875 0.4921875 0.025390625 0.013671875
4 0.9482421875 0.29296875 0.025390625 0.013671875
10 0.640625 0.74609375 0.025390625 0.013671875
5 0.947265625 0.33984375 0.025390625 0.013671875
2 0.623046875 0.5205078125 0.025390625 0.013671875
0 0.380859375 0.2822265625 0.025390625 0.013671875
10 0.8271484375 0.6484375 0.025390625 0.013671875
6 0.4033203125 0.572265625 0.025390625 0.013671875