10 0.8251953125 0.744140625 0.025390625 0.013671875
8 0.6416015625 0.697265625 0.025390625 0.013671875
6 0.3447265625 0.6767578125 0.025390625 0.013671875
9 0.3427734375 0.701171875 0.025390625 0.013671875
8 0.67578125 0.7216796875 0.025390625 0.013671875
9 0.4033203125 0.572265625 0.025390625 0.013671875
10 0.8271484375 0.5185546875 0.025390625 0.013671875
12 0.4501953125 0.3759765625 0.025390625 0.013671875
12 0.640625 0.74609375 0.025390625 0.013671875
0 0.6416015625 0.6484375 0.025390625 0.013671875
2 0.9482421875 0.29296875 0.025390625 0.013671875
11 0.625 0.3359375 0.025390625 0.013671875
9 0.9169921875 0.701171875 0.025390625 0.013671875
7 0.3427734375 0.5947265625 0.025390625 0.013671875