7 0.625 0.3359375 0.025390625 0.013671875
10 0.826171875 0.4716796875 0.025390625 0.013671875
0 0.3427734375 0.498046875 0.025390625 0.013671875
4 0.640625 0.74609375 0.025390625 0.013671875
1 0.861328125 0.6728515625 0.025390625 0.013671875
9 0.341796875 0.5478515625 0.025390625 0.013671875
6 0.623046875 0.5205078125 0.025390625 0.013671875
7 0.404296875 0.5224609375 0.025390625 0.013671875
10 0.3818359375 0.3515625 0.025390625 0.013671875
11 0.4033203125 0.572265625 0.025390625 0.013671875
3 0.4501953125 0.3759765625 0.025390625 0.013671875
0 0.916015625 0.748046875 0.025390625 0.013671875
11 0.4501953125 0.3046875 0.025390625 0.013671875
11 0.9482421875 0.4921875 0.025390625 0.013671875