10 0.916015625 0.4697265625 0.025390625 0.013671875
10 0.3447265625 0.6767578125 0.025390625 0.013671875
10 0.4033203125 0.572265625 0.025390625 0.013671875
4 0.9482421875 0.4921875 0.025390625 0.013671875
10 0.380859375 0.3984375 0.025390625 0.013671875
5 0.8271484375 0.6484375 0.025390625 0.013671875
10 0.4501953125 0.3046875 0.025390625 0.013671875
9 0.3427734375 0.701171875 0.025390625 0.013671875
8 0.3818359375 0.3515625 0.025390625 0.013671875
4 0.380859375 0.2822265625 0.025390625 0.013671875
4 0.9501953125 0.6748046875 0.025390625 0.013671875
1 0.826171875 0.4716796875 0.025390625 0.013671875
12 0.8271484375 0.697265625 0.025390625 0.013671875
11 0.9169921875 0.6484375 0.025390625 0.013671875