10 0.6607428115015974 0.2297525309336333 0.009984025559105431 0.011811023622047244
11 0.6735223642172524 0.9417885264341957 0.009984025559105431 0.011811023622047244
10 0.7869408945686901 0.22581552305961755 0.009984025559105431 0.011811023622047244
0 0.9726437699680511 0.2983689538807649 0.009984025559105431 0.011811023622047244
10 0.4862220447284345 0.7275028121484814 0.009984025559105431 0.011811023622047244
12 0.4854233226837061 0.6830708661417323 0.009984025559105431 0.011811023622047244
8 0.14556709265175719 0.6183914510686164 0.009984025559105431 0.011811023622047244
0 0.6535543130990416 0.42604049493813273 0.009984025559105431 0.011811023622047244
10 0.6527555910543131 0.8084926884139483 0.009984025559105431 0.011811023622047244
10 0.8049121405750799 0.8264904386951631 0.009984025559105431 0.011811023622047244
11 0.14676517571884984 0.40635545556805397 0.009984025559105431 0.011811023622047244