12 0.7869408945686901 0.27249718785151855 0.009984025559105431 0.011811023622047244
10 0.7869408945686901 0.22581552305961755 0.009984025559105431 0.011811023622047244
10 0.16114217252396165 0.8084926884139483 0.009984025559105431 0.011811023622047244
5 0.14636581469648563 0.2753093363329584 0.009984025559105431 0.011811023622047244
0 0.14636581469648563 0.18363329583802024 0.009984025559105431 0.011811023622047244
10 0.6619408945686901 0.9648481439820022 0.009984025559105431 0.011811023622047244
0 0.6759185303514377 0.577334083239595 0.009984025559105431 0.011811023622047244
8 0.18430511182108625 0.9429133858267716 0.009984025559105431 0.011811023622047244
0 0.674720447284345 0.5306524184476941 0.009984025559105431 0.011811023622047244
0 0.45507188498402557 0.5604611923509561 0.009984025559105431 0.011811023622047244
2 0.9380990415335463 0.6684476940382452 0.00878594249201278 0.012935883014623173
0 0.3113019169329074 0.23312710911136109 0.009984025559105431 0.011811023622047244
10 0.3105031948881789 0.1858830146231721 0.009984025559105431 0.011811023622047244