0 0.45427316293929715 0.3984814398200225 0.009984025559105431 0.011811023622047244
0 0.6759185303514377 0.8321147356580427 0.009984025559105431 0.011811023622047244
11 0.6743210862619808 0.6240157480314961 0.009984025559105431 0.011811023622047244
2 0.8049121405750799 0.8264904386951631 0.009984025559105431 0.011811023622047244
1 0.16114217252396165 0.8084926884139483 0.009984025559105431 0.011811023622047244
0 0.45467252396166136 0.32761529808773904 0.009984025559105431 0.011811023622047244
5 0.14516773162939298 0.4969066366704162 0.009984025559105431 0.011811023622047244
0 0.14636581469648563 0.6858830146231721 0.009984025559105431 0.011811023622047244
10 0.9388977635782748 0.6217660292463442 0.00878594249201278 0.012935883014623173
11 0.6559504792332268 0.328740157480315 0.009984025559105431 0.011811023622047244
10 0.9380990415335463 0.6684476940382452 0.00878594249201278 0.012935883014623173
7 0.8085063897763578 0.24887514060742408 0.009984025559105431 0.011811023622047244
3 0.6527555910543131 0.8084926884139483 0.009984025559105431 0.011811023622047244
5 0.1459664536741214 0.20500562429696287 0.009984025559105431 0.011811023622047244
10 0.8097044728434505 0.20219347581552305 0.009984025559105431 0.011811023622047244