11 0.5049920127795527 0.8883577052868391 0.009984025559105431 0.011811023622047244
10 0.9376996805111821 0.9266029246344207 0.00878594249201278 0.012935883014623173
9 0.8029153354632588 0.44797525309336333 0.009984025559105431 0.011811023622047244
10 0.9656549520766773 0.9029808773903262 0.00878594249201278 0.012935883014623173
5 0.42631789137380194 0.9114173228346457 0.009984025559105431 0.011811023622047244
12 0.9376996805111821 0.8568616422947132 0.00878594249201278 0.012935883014623173
12 0.3105031948881789 0.1858830146231721 0.009984025559105431 0.011811023622047244
1 0.3105031948881789 0.41929133858267714 0.009984025559105431 0.011811023622047244
5 0.9652555910543131 0.6920697412823397 0.00878594249201278 0.012935883014623173
0 0.47863418530351437 0.8658605174353206 0.009984025559105431 0.011811023622047244
10 0.7869408945686901 0.27249718785151855 0.009984025559105431 0.011811023622047244
7 0.9380990415335463 0.8309898762654668 0.00878594249201278 0.012935883014623173
3 0.9388977635782748 0.7629358830146231 0.00878594249201278 0.012935883014623173
0 0.49181309904153353 0.49015748031496065 0.009984025559105431 0.011811023622047244
12 0.8037140575079872 0.40129358830146233 0.009984025559105431 0.011811023622047244