7 0.1459664536741214 0.4738470191226097 0.009984025559105431 0.011811023622047244
0 0.9287140575079872 0.5092800899887514 0.009984025559105431 0.011811023622047244
9 0.18430511182108625 0.9429133858267716 0.009984025559105431 0.011811023622047244
8 0.14636581469648563 0.6633858267716536 0.009984025559105431 0.011811023622047244
1 0.9376996805111821 0.8568616422947132 0.00878594249201278 0.012935883014623173
0 0.7865415335463258 0.6510123734533183 0.009984025559105431 0.011811023622047244
3 0.9726437699680511 0.2983689538807649 0.009984025559105431 0.011811023622047244
2 0.7869408945686901 0.5576490438695163 0.009984025559105431 0.011811023622047244
1 0.42631789137380194 0.9356017997750281 0.009984025559105431 0.011811023622047244
6 0.6547523961661342 0.3765466816647919 0.009984025559105431 0.011811023622047244
4 0.8049121405750799 0.8264904386951631 0.009984025559105431 0.011811023622047244
12 0.42671725239616615 0.8652980877390326 0.009984025559105431 0.011811023622047244
0 0.659944089456869 0.18250843644544432 0.009984025559105431 0.011811023622047244