5 0.3109025559105431 0.5115298087739033 0.009984025559105431 0.011811023622047244
11 0.9380990415335463 0.8309898762654668 0.00878594249201278 0.012935883014623173
4 0.9494808306709265 0.20613048368953882 0.009984025559105431 0.011811023622047244
6 0.6527555910543131 0.8084926884139483 0.009984025559105431 0.011811023622047244
10 0.45307507987220447 0.8883577052868391 0.009984025559105431 0.011811023622047244
11 0.2985223642172524 0.6521372328458943 0.009984025559105431 0.011811023622047244
11 0.42671725239616615 0.8652980877390326 0.009984025559105431 0.011811023622047244
11 0.1459664536741214 0.20500562429696287 0.009984025559105431 0.011811023622047244
3 0.1615415335463259 0.8360517435320585 0.009984025559105431 0.011811023622047244
4 0.455870607028754 0.18644544431946006 0.009984025559105431 0.011811023622047244
2 0.7877396166134185 0.18082114735658042 0.009984025559105431 0.011811023622047244
0 0.3105031948881789 0.41929133858267714 0.009984025559105431 0.011811023622047244
10 0.14556709265175719 0.2516872890888639 0.009984025559105431 0.011811023622047244