10 0.29972044728434505 0.7466254218222722 0.009984025559105431 0.011811023622047244
10 0.16114217252396165 0.8084926884139483 0.009984025559105431 0.011811023622047244
10 0.49221246006389774 0.2106299212598425 0.009984025559105431 0.011811023622047244
11 0.8053115015974441 0.7786839145106862 0.009984025559105431 0.011811023622047244
12 0.9388977635782748 0.7168166479190101 0.00878594249201278 0.012935883014623173
11 0.29972044728434505 0.6971316085489314 0.009984025559105431 0.011811023622047244
0 0.45507188498402557 0.5604611923509561 0.009984025559105431 0.011811023622047244
11 0.14556709265175719 0.3838582677165354 0.009984025559105431 0.011811023622047244
10 0.45427316293929715 0.3984814398200225 0.009984025559105431 0.011811023622047244
0 0.6759185303514377 0.577334083239595 0.009984025559105431 0.011811023622047244
11 0.6555511182108626 0.44797525309336333 0.009984025559105431 0.011811023622047244