4 0.47863418530351437 0.8658605174353206 0.009984025559105431 0.011811023622047244
12 0.9544728434504792 0.96822272215973 0.00878594249201278 0.012935883014623173
7 0.9287140575079872 0.39004499437570306 0.009984025559105431 0.011811023622047244
0 0.42631789137380194 0.9356017997750281 0.009984025559105431 0.011811023622047244
9 0.6759185303514377 0.577334083239595 0.009984025559105431 0.011811023622047244
0 0.9291134185303515 0.18194600674915637 0.009984025559105431 0.011811023622047244
11 0.1615415335463259 0.8360517435320585 0.009984025559105431 0.011811023622047244
4 0.9388977635782748 0.6217660292463442 0.00878594249201278 0.012935883014623173
11 0.8085063897763578 0.29611923509561305 0.009984025559105431 0.011811023622047244
10 0.455870607028754 0.18644544431946006 0.009984025559105431 0.011811023622047244
4 0.8053115015974441 0.7320022497187851 0.009984025559105431 0.011811023622047244
4 0.4914137380191693 0.2567491563554556 0.009984025559105431 0.011811023622047244