10 0.14636581469648563 0.3219910011248594 0.009984025559105431 0.011811023622047244
3 0.9303115015974441 0.53177727784027 0.009984025559105431 0.011811023622047244
3 0.14636581469648563 0.6633858267716536 0.009984025559105431 0.011811023622047244
2 0.8053115015974441 0.7320022497187851 0.009984025559105431 0.011811023622047244
0 0.1459664536741214 0.22919010123734535 0.009984025559105431 0.011811023622047244
0 0.6531549520766773 0.7623734533183352 0.009984025559105431 0.011811023622047244
4 0.8037140575079872 0.40129358830146233 0.009984025559105431 0.011811023622047244
10 0.1619408945686901 0.7792463442069741 0.009984025559105431 0.011811023622047244
5 0.455870607028754 0.18644544431946006 0.009984025559105431 0.011811023622047244
12 0.4866214057507987 0.7758717660292463 0.009984025559105431 0.011811023622047244
11 0.792132587859425 0.42604049493813273 0.009984025559105431 0.011811023622047244
0 0.16114217252396165 0.8084926884139483 0.009984025559105431 0.011811023622047244
0 0.7917332268370607 0.37935883014623173 0.009984025559105431 0.011811023622047244
9 0.49181309904153353 0.49015748031496065 0.009984025559105431 0.011811023622047244
0 0.7869408945686901 0.5576490438695163 0.009984025559105431 0.011811023622047244