10 0.49181309904153353 0.49015748031496065 0.009984025559105431 0.011811023622047244
11 0.6555511182108626 0.44797525309336333 0.009984025559105431 0.011811023622047244
1 0.29972044728434505 0.7944319460067492 0.009984025559105431 0.011811023622047244
10 0.1615415335463259 0.8360517435320585 0.009984025559105431 0.011811023622047244
8 0.6743210862619808 0.6240157480314961 0.009984025559105431 0.011811023622047244
11 0.2985223642172524 0.6521372328458943 0.009984025559105431 0.011811023622047244
0 0.6531549520766773 0.7623734533183352 0.009984025559105431 0.011811023622047244
11 0.7873402555910544 0.5329021372328459 0.009984025559105431 0.011811023622047244
0 0.8053115015974441 0.7320022497187851 0.009984025559105431 0.011811023622047244
10 0.1459664536741214 0.22919010123734535 0.009984025559105431 0.011811023622047244
2 0.9388977635782748 0.7168166479190101 0.00878594249201278 0.012935883014623173
12 0.9656549520766773 0.9029808773903262 0.00878594249201278 0.012935883014623173
10 0.6607428115015974 0.2297525309336333 0.009984025559105431 0.011811023622047244