10 0.45427316293929715 0.3984814398200225 0.009984025559105431 0.011811023622047244
12 0.9652555910543131 0.6920697412823397 0.00878594249201278 0.012935883014623173
10 0.8029153354632588 0.44797525309336333 0.009984025559105431 0.011811023622047244
0 0.9388977635782748 0.7168166479190101 0.00878594249201278 0.012935883014623173
5 0.659944089456869 0.18250843644544432 0.009984025559105431 0.011811023622047244
0 0.6619408945686901 0.9648481439820022 0.009984025559105431 0.011811023622047244
10 0.42631789137380194 0.9356017997750281 0.009984025559105431 0.011811023622047244
10 0.8057108626198083 0.8484251968503937 0.009984025559105431 0.011811023622047244
10 0.9291134185303515 0.22862767154105737 0.009984025559105431 0.011811023622047244
0 0.4790335463258786 0.9114173228346457 0.009984025559105431 0.011811023622047244
0 0.6759185303514377 0.577334083239595 0.009984025559105431 0.011811023622047244
0 0.16114217252396165 0.8084926884139483 0.009984025559105431 0.011811023622047244
12 0.29972044728434505 0.8861079865016873 0.009984025559105431 0.011811023622047244