10 0.9388977635782748 0.7848706411698537 0.00878594249201278 0.012935883014623173
0 0.6735223642172524 0.9417885264341957 0.009984025559105431 0.011811023622047244
3 0.9726437699680511 0.2983689538807649 0.009984025559105431 0.011811023622047244
6 0.18430511182108625 0.9429133858267716 0.009984025559105431 0.011811023622047244
0 0.6539536741214057 0.7162542182227222 0.009984025559105431 0.011811023622047244
10 0.8053115015974441 0.7320022497187851 0.009984025559105431 0.011811023622047244
10 0.3109025559105431 0.5115298087739033 0.009984025559105431 0.011811023622047244
8 0.45507188498402557 0.5137795275590551 0.009984025559105431 0.011811023622047244
10 0.9388977635782748 0.7168166479190101 0.00878594249201278 0.012935883014623173
11 0.7869408945686901 0.5576490438695163 0.009984025559105431 0.011811023622047244
11 0.14636581469648563 0.18363329583802024 0.009984025559105431 0.011811023622047244
9 0.5049920127795527 0.8883577052868391 0.009984025559105431 0.011811023622047244
12 0.8049121405750799 0.8264904386951631 0.009984025559105431 0.011811023622047244