0 0.29972044728434505 0.7466254218222722 0.009984025559105431 0.011811023622047244
7 0.9652555910543131 0.6448256467941508 0.00878594249201278 0.012935883014623173
11 0.9544728434504792 0.96822272215973 0.00878594249201278 0.012935883014623173
0 0.8085063897763578 0.24887514060742408 0.009984025559105431 0.011811023622047244
10 0.7873402555910544 0.6037682789651294 0.009984025559105431 0.011811023622047244
12 0.45307507987220447 0.9114173228346457 0.009984025559105431 0.011811023622047244
8 0.49181309904153353 0.3737345331833521 0.009984025559105431 0.011811023622047244
1 0.9656549520766773 0.9029808773903262 0.00878594249201278 0.012935883014623173
0 0.8053115015974441 0.7320022497187851 0.009984025559105431 0.011811023622047244
0 0.49221246006389774 0.2106299212598425 0.009984025559105431 0.011811023622047244
6 0.6535543130990416 0.42604049493813273 0.009984025559105431 0.011811023622047244