0 0.1459664536741214 0.22919010123734535 0.009984025559105431 0.011811023622047244
3 0.45467252396166136 0.32761529808773904 0.009984025559105431 0.011811023622047244
6 0.3105031948881789 0.1858830146231721 0.009984025559105431 0.011811023622047244
4 0.9291134185303515 0.22862767154105737 0.009984025559105431 0.011811023622047244
0 0.6547523961661342 0.3765466816647919 0.009984025559105431 0.011811023622047244
4 0.45307507987220447 0.9114173228346457 0.009984025559105431 0.011811023622047244
3 0.18430511182108625 0.9429133858267716 0.009984025559105431 0.011811023622047244
7 0.9388977635782748 0.7629358830146231 0.00878594249201278 0.012935883014623173
3 0.9544728434504792 0.96822272215973 0.00878594249201278 0.012935883014623173
3 0.30011980830670926 0.8394263217097863 0.009984025559105431 0.011811023622047244
7 0.9656549520766773 0.9029808773903262 0.00878594249201278 0.012935883014623173
0 0.7877396166134185 0.18082114735658042 0.009984025559105431 0.011811023622047244