12 0.9544728434504792 0.96822272215973 0.00878594249201278 0.012935883014623173
0 0.45427316293929715 0.281496062992126 0.009984025559105431 0.011811023622047244
7 0.6615415335463258 0.920978627671541 0.009984025559105431 0.011811023622047244
0 0.9494808306709265 0.20613048368953882 0.009984025559105431 0.011811023622047244
10 0.7873402555910544 0.5329021372328459 0.009984025559105431 0.011811023622047244
11 0.7865415335463258 0.6510123734533183 0.009984025559105431 0.011811023622047244
3 0.49181309904153353 0.49015748031496065 0.009984025559105431 0.011811023622047244
5 0.9287140575079872 0.5092800899887514 0.009984025559105431 0.011811023622047244
10 0.30011980830670926 0.8394263217097863 0.009984025559105431 0.011811023622047244
4 0.45507188498402557 0.5604611923509561 0.009984025559105431 0.011811023622047244
0 0.8049121405750799 0.8264904386951631 0.009984025559105431 0.011811023622047244
9 0.6743210862619808 0.6240157480314961 0.009984025559105431 0.011811023622047244
0 0.8053115015974441 0.7786839145106862 0.009984025559105431 0.011811023622047244