9 0.9644568690095847 0.7393138357705287 0.00878594249201278 0.012935883014623173
0 0.9291134185303515 0.18194600674915637 0.009984025559105431 0.011811023622047244
11 0.6615415335463258 0.920978627671541 0.009984025559105431 0.011811023622047244
7 0.8053115015974441 0.7320022497187851 0.009984025559105431 0.011811023622047244
8 0.45507188498402557 0.5137795275590551 0.009984025559105431 0.011811023622047244
12 0.9380990415335463 0.8309898762654668 0.00878594249201278 0.012935883014623173
0 0.47863418530351437 0.8658605174353206 0.009984025559105431 0.011811023622047244
0 0.45507188498402557 0.234251968503937 0.009984025559105431 0.011811023622047244
4 0.14636581469648563 0.2753093363329584 0.009984025559105431 0.011811023622047244
11 0.9768370607028753 0.7629358830146231 0.00878594249201278 0.012935883014623173
5 0.9656549520766773 0.9029808773903262 0.00878594249201278 0.012935883014623173
4 0.4862220447284345 0.7275028121484814 0.009984025559105431 0.011811023622047244
0 0.9376996805111821 0.9266029246344207 0.00878594249201278 0.012935883014623173
10 0.6759185303514377 0.577334083239595 0.009984025559105431 0.011811023622047244