11 0.3101038338658147 0.27924634420697414 0.009984025559105431 0.011811023622047244
8 0.42671725239616615 0.8652980877390326 0.009984025559105431 0.011811023622047244
9 0.7873402555910544 0.5329021372328459 0.009984025559105431 0.011811023622047244
9 0.1459664536741214 0.4738470191226097 0.009984025559105431 0.011811023622047244
10 0.9388977635782748 0.7168166479190101 0.00878594249201278 0.012935883014623173
2 0.49181309904153353 0.49015748031496065 0.009984025559105431 0.011811023622047244
3 0.9726437699680511 0.2983689538807649 0.009984025559105431 0.011811023622047244
1 0.6759185303514377 0.577334083239595 0.009984025559105431 0.011811023622047244
12 0.9380990415335463 0.8309898762654668 0.00878594249201278 0.012935883014623173
8 0.3105031948881789 0.1858830146231721 0.009984025559105431 0.011811023622047244
1 0.45507188498402557 0.5604611923509561 0.009984025559105431 0.011811023622047244
11 0.7873402555910544 0.6037682789651294 0.009984025559105431 0.011811023622047244
11 0.9291134185303515 0.18194600674915637 0.009984025559105431 0.011811023622047244
10 0.14556709265175719 0.3838582677165354 0.009984025559105431 0.011811023622047244