10 0.4862220447284345 0.7275028121484814 0.009984025559105431 0.011811023622047244
11 0.6751198083067093 0.6009561304836896 0.009984025559105431 0.011811023622047244
10 0.6559504792332268 0.328740157480315 0.009984025559105431 0.011811023622047244
0 0.9388977635782748 0.7848706411698537 0.00878594249201278 0.012935883014623173
12 0.9644568690095847 0.7393138357705287 0.00878594249201278 0.012935883014623173
2 0.14516773162939298 0.4969066366704162 0.009984025559105431 0.011811023622047244
11 0.6539536741214057 0.7162542182227222 0.009984025559105431 0.011811023622047244
10 0.9291134185303515 0.18194600674915637 0.009984025559105431 0.011811023622047244
10 0.9656549520766773 0.9029808773903262 0.00878594249201278 0.012935883014623173
10 0.9768370607028753 0.7629358830146231 0.00878594249201278 0.012935883014623173
10 0.7873402555910544 0.5329021372328459 0.009984025559105431 0.011811023622047244
10 0.29972044728434505 0.7466254218222722 0.009984025559105431 0.011811023622047244
10 0.6555511182108626 0.44797525309336333 0.009984025559105431 0.011811023622047244
0 0.9303115015974441 0.53177727784027 0.009984025559105431 0.011811023622047244
10 0.2985223642172524 0.6521372328458943 0.009984025559105431 0.011811023622047244