7 0.3101038338658147 0.37429696287964004 0.009984025559105431 0.011811023622047244
11 0.4854233226837061 0.6830708661417323 0.009984025559105431 0.011811023622047244
12 0.14636581469648563 0.6633858267716536 0.009984025559105431 0.011811023622047244
9 0.659944089456869 0.18250843644544432 0.009984025559105431 0.011811023622047244
4 0.30011980830670926 0.8394263217097863 0.009984025559105431 0.011811023622047244
11 0.6535543130990416 0.42604049493813273 0.009984025559105431 0.011811023622047244
7 0.6547523961661342 0.3765466816647919 0.009984025559105431 0.011811023622047244
11 0.9784345047923323 0.8804836895388076 0.00878594249201278 0.012935883014623173
12 0.8053115015974441 0.7320022497187851 0.009984025559105431 0.011811023622047244
7 0.1615415335463259 0.8360517435320585 0.009984025559105431 0.011811023622047244
5 0.6607428115015974 0.2297525309336333 0.009984025559105431 0.011811023622047244
11 0.3113019169329074 0.32761529808773904 0.009984025559105431 0.011811023622047244
10 0.9287140575079872 0.34448818897637795 0.009984025559105431 0.011811023622047244
3 0.45307507987220447 0.8883577052868391 0.009984025559105431 0.011811023622047244