5 0.3113019169329074 0.32761529808773904 0.009984025559105431 0.011811023622047244
12 0.3101038338658147 0.27924634420697414 0.009984025559105431 0.011811023622047244
10 0.42631789137380194 0.9114173228346457 0.009984025559105431 0.011811023622047244
0 0.5049920127795527 0.8883577052868391 0.009984025559105431 0.011811023622047244
11 0.674720447284345 0.5306524184476941 0.009984025559105431 0.011811023622047244
0 0.29972044728434505 0.7466254218222722 0.009984025559105431 0.011811023622047244
1 0.4910143769968051 0.30568053993250843 0.009984025559105431 0.011811023622047244
5 0.8037140575079872 0.40129358830146233 0.009984025559105431 0.011811023622047244
7 0.7869408945686901 0.5576490438695163 0.009984025559105431 0.011811023622047244
0 0.49181309904153353 0.3737345331833521 0.009984025559105431 0.011811023622047244
5 0.3105031948881789 0.41929133858267714 0.009984025559105431 0.011811023622047244
2 0.3101038338658147 0.37429696287964004 0.009984025559105431 0.011811023622047244
4 0.14676517571884984 0.40635545556805397 0.009984025559105431 0.011811023622047244