10 0.6535543130990416 0.42604049493813273 0.009984025559105431 0.011811023622047244
3 0.6527555910543131 0.8084926884139483 0.009984025559105431 0.011811023622047244
9 0.6759185303514377 0.8321147356580427 0.009984025559105431 0.011811023622047244
0 0.9265175718849841 0.9502249718785152 0.00878594249201278 0.012935883014623173
11 0.1459664536741214 0.4738470191226097 0.009984025559105431 0.011811023622047244
12 0.6555511182108626 0.44797525309336333 0.009984025559105431 0.011811023622047244
0 0.49181309904153353 0.3737345331833521 0.009984025559105431 0.011811023622047244
5 0.8053115015974441 0.7320022497187851 0.009984025559105431 0.011811023622047244
11 0.14556709265175719 0.3838582677165354 0.009984025559105431 0.011811023622047244
10 0.8097044728434505 0.20219347581552305 0.009984025559105431 0.011811023622047244
10 0.16114217252396165 0.8084926884139483 0.009984025559105431 0.011811023622047244