12 0.14556709265175719 0.3838582677165354 0.009984025559105431 0.011811023622047244
8 0.4910143769968051 0.30568053993250843 0.009984025559105431 0.011811023622047244
10 0.9652555910543131 0.6920697412823397 0.00878594249201278 0.012935883014623173
8 0.9768370607028753 0.7629358830146231 0.00878594249201278 0.012935883014623173
9 0.16114217252396165 0.8084926884139483 0.009984025559105431 0.011811023622047244
0 0.49181309904153353 0.49015748031496065 0.009984025559105431 0.011811023622047244
7 0.3113019169329074 0.32761529808773904 0.009984025559105431 0.011811023622047244
3 0.6535543130990416 0.42604049493813273 0.009984025559105431 0.011811023622047244
10 0.9291134185303515 0.18194600674915637 0.009984025559105431 0.011811023622047244
7 0.1459664536741214 0.22919010123734535 0.009984025559105431 0.011811023622047244
11 0.792132587859425 0.42604049493813273 0.009984025559105431 0.011811023622047244
7 0.14636581469648563 0.6633858267716536 0.009984025559105431 0.011811023622047244
10 0.9287140575079872 0.34448818897637795 0.009984025559105431 0.011811023622047244
1 0.9784345047923323 0.8804836895388076 0.00878594249201278 0.012935883014623173
10 0.30011980830670926 0.8394263217097863 0.009984025559105431 0.011811023622047244