10 0.4910143769968051 0.4204161979752531 0.009984025559105431 0.011811023622047244
3 0.455870607028754 0.18644544431946006 0.009984025559105431 0.011811023622047244
7 0.9656549520766773 0.9029808773903262 0.00878594249201278 0.012935883014623173
10 0.29972044728434505 0.6971316085489314 0.009984025559105431 0.011811023622047244
10 0.9388977635782748 0.7168166479190101 0.00878594249201278 0.012935883014623173
4 0.4862220447284345 0.7275028121484814 0.009984025559105431 0.011811023622047244
8 0.9388977635782748 0.6217660292463442 0.00878594249201278 0.012935883014623173
6 0.14636581469648563 0.2753093363329584 0.009984025559105431 0.011811023622047244
10 0.3113019169329074 0.32761529808773904 0.009984025559105431 0.011811023622047244
8 0.9652555910543131 0.6448256467941508 0.00878594249201278 0.012935883014623173
11 0.3109025559105431 0.5115298087739033 0.009984025559105431 0.011811023622047244
7 0.6547523961661342 0.3765466816647919 0.009984025559105431 0.011811023622047244
0 0.9380990415335463 0.8309898762654668 0.00878594249201278 0.012935883014623173
5 0.6535543130990416 0.42604049493813273 0.009984025559105431 0.011811023622047244
6 0.42671725239616615 0.8652980877390326 0.009984025559105431 0.011811023622047244