6 0.792132587859425 0.42604049493813273 0.009984025559105431 0.011811023622047244
8 0.9376996805111821 0.8568616422947132 0.00878594249201278 0.012935883014623173
9 0.6527555910543131 0.8084926884139483 0.009984025559105431 0.011811023622047244
1 0.4866214057507987 0.7758717660292463 0.009984025559105431 0.011811023622047244
0 0.8049121405750799 0.8264904386951631 0.009984025559105431 0.011811023622047244
4 0.49181309904153353 0.49015748031496065 0.009984025559105431 0.011811023622047244
12 0.9652555910543131 0.6448256467941508 0.00878594249201278 0.012935883014623173
3 0.3113019169329074 0.23312710911136109 0.009984025559105431 0.011811023622047244
3 0.8037140575079872 0.40129358830146233 0.009984025559105431 0.011811023622047244
10 0.9291134185303515 0.22862767154105737 0.009984025559105431 0.011811023622047244
12 0.29972044728434505 0.8861079865016873 0.009984025559105431 0.011811023622047244
8 0.45467252396166136 0.44460067491563554 0.009984025559105431 0.011811023622047244
10 0.14556709265175719 0.3838582677165354 0.009984025559105431 0.011811023622047244
7 0.4910143769968051 0.30568053993250843 0.009984025559105431 0.011811023622047244
11 0.14556709265175719 0.6183914510686164 0.009984025559105431 0.011811023622047244