9 0.6615415335463258 0.920978627671541 0.009984025559105431 0.011811023622047244
11 0.1459664536741214 0.20500562429696287 0.009984025559105431 0.011811023622047244
2 0.14636581469648563 0.6858830146231721 0.009984025559105431 0.011811023622047244
4 0.6547523961661342 0.3765466816647919 0.009984025559105431 0.011811023622047244
4 0.9303115015974441 0.53177727784027 0.009984025559105431 0.011811023622047244
5 0.45307507987220447 0.9114173228346457 0.009984025559105431 0.011811023622047244
0 0.7865415335463258 0.6510123734533183 0.009984025559105431 0.011811023622047244
6 0.29972044728434505 0.7466254218222722 0.009984025559105431 0.011811023622047244
0 0.5049920127795527 0.8883577052868391 0.009984025559105431 0.011811023622047244
2 0.30011980830670926 0.8394263217097863 0.009984025559105431 0.011811023622047244
12 0.3117012779552716 0.4423509561304837 0.009984025559105431 0.011811023622047244