7 0.738312735088662 0.47494305239179957 0.017195056421278884 0.017463933181473046
5 0.7565824825362708 0.9191343963553531 0.017195056421278884 0.017463933181473046
8 0.800107469102633 0.8477600607441154 0.017195056421278884 0.017463933181473046
10 0.8017195056421279 0.8006833712984055 0.017195056421278884 0.017463933181473046
10 0.2246104245029554 0.544039483675019 0.017195056421278884 0.017463933181473046
10 0.4707146695325094 0.4832953682611997 0.017195056421278884 0.017463933181473046
12 0.4723267060720043 0.6366742596810934 0.017195056421278884 0.017463933181473046
0 0.7549704459967759 0.6829916476841306 0.017195056421278884 0.017463933181473046
0 0.5142396560988716 0.6116173120728929 0.017195056421278884 0.017463933181473046
0 0.5142396560988716 0.4407744874715262 0.017195056421278884 0.017463933181473046
4 0.28801719505642126 0.4058466211085801 0.017195056421278884 0.017463933181473046
10 0.28801719505642126 0.2949886104783599 0.017195056421278884 0.017463933181473046
10 0.737775389575497 0.5652999240698557 0.017195056421278884 0.017463933181473046
9 0.7619559376679205 0.5413819286256644 0.010746910263299301 0.016704631738800303
10 0.7372380440623321 0.4263477600607441 0.017195056421278884 0.017463933181473046