0 0.5142396560988716 0.5273348519362187 0.017195056421278884 0.017463933181473046
10 0.7635679742074154 0.357630979498861 0.010746910263299301 0.016704631738800303
10 0.7619559376679205 0.31662870159453305 0.010746910263299301 0.016704631738800303
0 0.7635679742074154 0.4054669703872437 0.010746910263299301 0.016704631738800303
0 0.9059645351961311 0.29422930903568717 0.017195056421278884 0.017463933181473046
10 0.9247716281569048 0.49582384206529995 0.010746910263299301 0.016704631738800303
0 0.7646426652337452 0.2718299164768413 0.010746910263299301 0.016704631738800303
0 0.7372380440623321 0.4263477600607441 0.017195056421278884 0.017463933181473046
10 0.5131649650725416 0.7634776006074412 0.017195056421278884 0.017463933181473046
0 0.7565824825362708 0.9191343963553531 0.017195056421278884 0.017463933181473046
1 0.5857066093498119 0.785876993166287 0.010746910263299301 0.016704631738800303
10 0.5889306824288018 0.44267274107820803 0.010746910263299301 0.016704631738800303
11 0.9253089736700698 0.2718299164768413 0.010746910263299301 0.016704631738800303
0 0.7635679742074154 0.4533029612756264 0.010746910263299301 0.016704631738800303
12 0.5873186458893068 0.6545178435839029 0.010746910263299301 0.016704631738800303