0 0.28747984954325634 0.36104783599088835 0.017195056421278884 0.017463933181473046
7 0.4707146695325094 0.4832953682611997 0.017195056421278884 0.017463933181473046
11 0.5921547555077915 0.24943052391799544 0.017195056421278884 0.017463933181473046
11 0.4723267060720043 0.6366742596810934 0.017195056421278884 0.017463933181473046
12 0.4691026329930145 0.9039483675018982 0.017195056421278884 0.017463933181473046
6 0.28747984954325634 0.3830675778283979 0.017195056421278884 0.017463933181473046
11 0.5137023105857066 0.5721336370539104 0.017195056421278884 0.017463933181473046
2 0.7635679742074154 0.4533029612756264 0.010746910263299301 0.016704631738800303
12 0.5561526061257388 0.8029612756264237 0.017195056421278884 0.017463933181473046
9 0.5878559914024718 0.5907365223993926 0.010746910263299301 0.016704631738800303
6 0.4723267060720043 0.5075930144267274 0.017195056421278884 0.017463933181473046
3 0.8017195056421279 0.8006833712984055 0.017195056421278884 0.017463933181473046
10 0.7646426652337452 0.2718299164768413 0.010746910263299301 0.016704631738800303
3 0.28694250403009136 0.8230827638572513 0.010746910263299301 0.016704631738800303