0 0.7635679742074154 0.357630979498861 0.010746910263299301 0.016704631738800303
10 0.4723267060720043 0.6366742596810934 0.017195056421278884 0.017463933181473046
12 0.17033852767329394 0.564540622627183 0.017195056421278884 0.017463933181473046
10 0.7571198280494358 0.7323462414578588 0.017195056421278884 0.017463933181473046
2 0.28694250403009136 0.8230827638572513 0.010746910263299301 0.016704631738800303
0 0.5126276195593766 0.6564160971905847 0.017195056421278884 0.017463933181473046
10 0.5137023105857066 0.5721336370539104 0.017195056421278884 0.017463933181473046
6 0.5561526061257388 0.8029612756264237 0.017195056421278884 0.017463933181473046
2 0.7635679742074154 0.4054669703872437 0.010746910263299301 0.016704631738800303
10 0.9253089736700698 0.31662870159453305 0.010746910263299301 0.016704631738800303
11 0.7619559376679205 0.31662870159453305 0.010746910263299301 0.016704631738800303
3 0.739387426114992 0.33675018982536065 0.017195056421278884 0.017463933181473046
4 0.47178936055883935 0.4415337889141989 0.017195056421278884 0.017463933181473046
10 0.738312735088662 0.47494305239179957 0.017195056421278884 0.017463933181473046