10 0.5561526061257388 0.8029612756264237 0.017195056421278884 0.017463933181473046
2 0.737775389575497 0.5652999240698557 0.017195056421278884 0.017463933181473046
0 0.2246104245029554 0.544039483675019 0.017195056421278884 0.017463933181473046
0 0.739387426114992 0.33675018982536065 0.017195056421278884 0.017463933181473046
10 0.5142396560988716 0.6116173120728929 0.017195056421278884 0.017463933181473046
0 0.7549704459967759 0.6829916476841306 0.017195056421278884 0.017463933181473046
10 0.800107469102633 0.8477600607441154 0.017195056421278884 0.017463933181473046
1 0.5857066093498119 0.785876993166287 0.010746910263299301 0.016704631738800303
5 0.7555077915099409 0.781700835231587 0.017195056421278884 0.017463933181473046
10 0.9247716281569048 0.4085041761579347 0.010746910263299301 0.016704631738800303
0 0.4723267060720043 0.5075930144267274 0.017195056421278884 0.017463933181473046
0 0.800644814615798 0.7566438876233865 0.017195056421278884 0.017463933181473046
11 0.7635679742074154 0.357630979498861 0.010746910263299301 0.016704631738800303