12 0.28747984954325634 0.36104783599088835 0.017195056421278884 0.017463933181473046
0 0.47178936055883935 0.7414578587699316 0.017195056421278884 0.017463933181473046
11 0.5142396560988716 0.5273348519362187 0.017195056421278884 0.017463933181473046
10 0.7571198280494358 0.8728170083523159 0.017195056421278884 0.017463933181473046
10 0.5910800644814616 0.9206529992406985 0.017195056421278884 0.017463933181473046
10 0.16872649113379903 0.6040242976461655 0.017195056421278884 0.017463933181473046
10 0.5572272971520688 0.5060744115413819 0.017195056421278884 0.017463933181473046
0 0.2262224610424503 0.626044039483675 0.017195056421278884 0.017463933181473046
10 0.2246104245029554 0.544039483675019 0.017195056421278884 0.017463933181473046
12 0.7549704459967759 0.8234624145785877 0.017195056421278884 0.017463933181473046
10 0.5561526061257388 0.6996962794229309 0.017195056421278884 0.017463933181473046
0 0.28801719505642126 0.6063022019741837 0.017195056421278884 0.017463933181473046
10 0.4723267060720043 0.6366742596810934 0.017195056421278884 0.017463933181473046
11 0.47178936055883935 0.4415337889141989 0.017195056421278884 0.017463933181473046