10 0.7372380440623321 0.4263477600607441 0.017195056421278884 0.017463933181473046
10 0.800107469102633 0.8477600607441154 0.017195056421278884 0.017463933181473046
10 0.28801719505642126 0.4058466211085801 0.017195056421278884 0.017463933181473046
5 0.28694250403009136 0.8230827638572513 0.010746910263299301 0.016704631738800303
10 0.5561526061257388 0.6996962794229309 0.017195056421278884 0.017463933181473046
10 0.5572272971520688 0.5060744115413819 0.017195056421278884 0.017463933181473046
0 0.5577646426652337 0.4422930903568717 0.017195056421278884 0.017463933181473046
10 0.5878559914024718 0.5907365223993926 0.010746910263299301 0.016704631738800303
10 0.16872649113379903 0.6457858769931663 0.017195056421278884 0.017463933181473046
1 0.28801719505642126 0.2949886104783599 0.017195056421278884 0.017463933181473046
10 0.8017195056421279 0.8006833712984055 0.017195056421278884 0.017463933181473046
10 0.5126276195593766 0.6564160971905847 0.017195056421278884 0.017463933181473046
8 0.9032778076303063 0.2486712224753227 0.017195056421278884 0.017463933181473046
0 0.2864051585169264 0.31624905087319666 0.017195056421278884 0.017463933181473046