0 0.5142396560988716 0.5273348519362187 0.017195056421278884 0.017463933181473046
10 0.5878559914024718 0.5907365223993926 0.010746910263299301 0.016704631738800303
6 0.5857066093498119 0.785876993166287 0.010746910263299301 0.016704631738800303
0 0.9247716281569048 0.3621867881548975 0.010746910263299301 0.016704631738800303
7 0.28747984954325634 0.3830675778283979 0.017195056421278884 0.017463933181473046
10 0.737775389575497 0.5652999240698557 0.017195056421278884 0.017463933181473046
10 0.17033852767329394 0.564540622627183 0.017195056421278884 0.017463933181473046
0 0.7549704459967759 0.6829916476841306 0.017195056421278884 0.017463933181473046
7 0.47178936055883935 0.4415337889141989 0.017195056421278884 0.017463933181473046
9 0.7555077915099409 0.781700835231587 0.017195056421278884 0.017463933181473046
9 0.9048898441698012 0.4286256643887623 0.017195056421278884 0.017463933181473046