5 0.7372380440623321 0.4263477600607441 0.017195056421278884 0.017463933181473046
10 0.9048898441698012 0.4286256643887623 0.017195056421278884 0.017463933181473046
1 0.5910800644814616 0.9206529992406985 0.017195056421278884 0.017463933181473046
9 0.28801719505642126 0.2949886104783599 0.017195056421278884 0.017463933181473046
2 0.739387426114992 0.3823082763857251 0.017195056421278884 0.017463933181473046
3 0.28747984954325634 0.3830675778283979 0.017195056421278884 0.017463933181473046
2 0.5137023105857066 0.5721336370539104 0.017195056421278884 0.017463933181473046
5 0.5561526061257388 0.8029612756264237 0.017195056421278884 0.017463933181473046
7 0.22568511552928533 0.5842824601366743 0.017195056421278884 0.017463933181473046
9 0.16872649113379903 0.6457858769931663 0.017195056421278884 0.017463933181473046
10 0.28801719505642126 0.6457858769931663 0.017195056421278884 0.017463933181473046
0 0.9247716281569048 0.3621867881548975 0.010746910263299301 0.016704631738800303
4 0.7635679742074154 0.357630979498861 0.010746910263299301 0.016704631738800303