0 0.9059645351961311 0.29422930903568717 0.017195056421278884 0.017463933181473046
0 0.5142396560988716 0.6116173120728929 0.017195056421278884 0.017463933181473046
10 0.28801719505642126 0.2949886104783599 0.017195056421278884 0.017463933181473046
0 0.7571198280494358 0.7323462414578588 0.017195056421278884 0.017463933181473046
10 0.5561526061257388 0.8029612756264237 0.017195056421278884 0.017463933181473046
10 0.7565824825362708 0.9191343963553531 0.017195056421278884 0.017463933181473046
2 0.16872649113379903 0.6457858769931663 0.017195056421278884 0.017463933181473046
12 0.4723267060720043 0.5075930144267274 0.017195056421278884 0.017463933181473046
0 0.28801719505642126 0.4058466211085801 0.017195056421278884 0.017463933181473046
7 0.4691026329930145 0.9039483675018982 0.017195056421278884 0.017463933181473046
10 0.47340139709833423 0.7839787395596052 0.017195056421278884 0.017463933181473046
2 0.5561526061257388 0.6996962794229309 0.017195056421278884 0.017463933181473046