12 0.739387426114992 0.33675018982536065 0.017195056421278884 0.017463933181473046
1 0.4691026329930145 0.9039483675018982 0.017195056421278884 0.017463933181473046
11 0.7635679742074154 0.49658314350797267 0.010746910263299301 0.016704631738800303
10 0.28747984954325634 0.3830675778283979 0.017195056421278884 0.017463933181473046
8 0.5873186458893068 0.48291571753986334 0.010746910263299301 0.016704631738800303
12 0.7635679742074154 0.4533029612756264 0.010746910263299301 0.016704631738800303
5 0.47340139709833423 0.7839787395596052 0.017195056421278884 0.017463933181473046
11 0.28747984954325634 0.7805618830675778 0.010746910263299301 0.016704631738800303
3 0.9059645351961311 0.29422930903568717 0.017195056421278884 0.017463933181473046
6 0.9247716281569048 0.4085041761579347 0.010746910263299301 0.016704631738800303
9 0.4723267060720043 0.5075930144267274 0.017195056421278884 0.017463933181473046
12 0.5889306824288018 0.44267274107820803 0.010746910263299301 0.016704631738800303
5 0.28747984954325634 0.33826879271070615 0.017195056421278884 0.017463933181473046
6 0.7571198280494358 0.7323462414578588 0.017195056421278884 0.017463933181473046
11 0.9043524986566363 0.517463933181473 0.017195056421278884 0.017463933181473046