11 0.28747984954325634 0.7805618830675778 0.010746910263299301 0.016704631738800303
10 0.5572272971520688 0.4643128321943812 0.017195056421278884 0.017463933181473046
10 0.28747984954325634 0.3830675778283979 0.017195056421278884 0.017463933181473046
0 0.9247716281569048 0.3621867881548975 0.010746910263299301 0.016704631738800303
11 0.800644814615798 0.7566438876233865 0.017195056421278884 0.017463933181473046
10 0.5878559914024718 0.7198177676537585 0.010746910263299301 0.016704631738800303
12 0.7619559376679205 0.31662870159453305 0.010746910263299301 0.016704631738800303
0 0.5142396560988716 0.8052391799544419 0.017195056421278884 0.017463933181473046
10 0.5905427189682966 0.3109339407744875 0.017195056421278884 0.017463933181473046
0 0.47178936055883935 0.4415337889141989 0.017195056421278884 0.017463933181473046
10 0.9059645351961311 0.29422930903568717 0.017195056421278884 0.017463933181473046
5 0.800644814615798 0.7088078967350038 0.017195056421278884 0.017463933181473046
12 0.9043524986566363 0.517463933181473 0.017195056421278884 0.017463933181473046
10 0.5572272971520688 0.5918754745634016 0.017195056421278884 0.017463933181473046