10 0.47178936055883935 0.7414578587699316 0.017195056421278884 0.017463933181473046
10 0.9247716281569048 0.3621867881548975 0.010746910263299301 0.016704631738800303
8 0.739387426114992 0.3823082763857251 0.017195056421278884 0.017463933181473046
0 0.16872649113379903 0.6457858769931663 0.017195056421278884 0.017463933181473046
10 0.5889306824288018 0.44267274107820803 0.010746910263299301 0.016704631738800303
0 0.800644814615798 0.7088078967350038 0.017195056421278884 0.017463933181473046
0 0.7372380440623321 0.4263477600607441 0.017195056421278884 0.017463933181473046
12 0.5878559914024718 0.5907365223993926 0.010746910263299301 0.016704631738800303
11 0.9247716281569048 0.49582384206529995 0.010746910263299301 0.016704631738800303
4 0.261687264911338 0.8014426727410782 0.017195056421278884 0.017463933181473046
4 0.5857066093498119 0.785876993166287 0.010746910263299301 0.016704631738800303
0 0.28747984954325634 0.7805618830675778 0.010746910263299301 0.016704631738800303
10 0.4723267060720043 0.54707668944571 0.017195056421278884 0.017463933181473046
10 0.5142396560988716 0.6116173120728929 0.017195056421278884 0.017463933181473046