0 0.5561526061257388 0.6366742596810934 0.017195056421278884 0.017463933181473046
12 0.47178936055883935 0.7414578587699316 0.017195056421278884 0.017463933181473046
0 0.2864051585169264 0.31624905087319666 0.017195056421278884 0.017463933181473046
1 0.800644814615798 0.7088078967350038 0.017195056421278884 0.017463933181473046
10 0.28801719505642126 0.6063022019741837 0.017195056421278884 0.017463933181473046
3 0.9247716281569048 0.3621867881548975 0.010746910263299301 0.016704631738800303
0 0.5577646426652337 0.4422930903568717 0.017195056421278884 0.017463933181473046
0 0.739387426114992 0.33675018982536065 0.017195056421278884 0.017463933181473046
12 0.5572272971520688 0.4643128321943812 0.017195056421278884 0.017463933181473046
10 0.7549704459967759 0.8234624145785877 0.017195056421278884 0.017463933181473046
8 0.9048898441698012 0.4286256643887623 0.017195056421278884 0.017463933181473046
4 0.2262224610424503 0.626044039483675 0.017195056421278884 0.017463933181473046