0 0.7646426652337452 0.2718299164768413 0.010746910263299301 0.016704631738800303
12 0.4707146695325094 0.4832953682611997 0.017195056421278884 0.017463933181473046
1 0.261687264911338 0.884206529992407 0.017195056421278884 0.017463933181473046
10 0.47340139709833423 0.7839787395596052 0.017195056421278884 0.017463933181473046
11 0.7549704459967759 0.6829916476841306 0.017195056421278884 0.017463933181473046
12 0.5561526061257388 0.8029612756264237 0.017195056421278884 0.017463933181473046
10 0.7571198280494358 0.7323462414578588 0.017195056421278884 0.017463933181473046
10 0.7565824825362708 0.9191343963553531 0.017195056421278884 0.017463933181473046
4 0.28801719505642126 0.4058466211085801 0.017195056421278884 0.017463933181473046
11 0.9253089736700698 0.31662870159453305 0.010746910263299301 0.016704631738800303
9 0.28747984954325634 0.3830675778283979 0.017195056421278884 0.017463933181473046
11 0.5572272971520688 0.5060744115413819 0.017195056421278884 0.017463933181473046
6 0.5561526061257388 0.6366742596810934 0.017195056421278884 0.017463933181473046
12 0.7635679742074154 0.4054669703872437 0.010746910263299301 0.016704631738800303
12 0.47178936055883935 0.4415337889141989 0.017195056421278884 0.017463933181473046