9 0.5878559914024718 0.5907365223993926 0.010746910263299301 0.016704631738800303
2 0.5878559914024718 0.530751708428246 0.010746910263299301 0.016704631738800303
10 0.5572272971520688 0.5918754745634016 0.017195056421278884 0.017463933181473046
6 0.5561526061257388 0.8029612756264237 0.017195056421278884 0.017463933181473046
1 0.5873186458893068 0.6545178435839029 0.010746910263299301 0.016704631738800303
1 0.9043524986566363 0.4741837509491268 0.017195056421278884 0.017463933181473046
5 0.800107469102633 0.8477600607441154 0.017195056421278884 0.017463933181473046
2 0.9253089736700698 0.2718299164768413 0.010746910263299301 0.016704631738800303
7 0.22568511552928533 0.5842824601366743 0.017195056421278884 0.017463933181473046
10 0.8017195056421279 0.8006833712984055 0.017195056421278884 0.017463933181473046
8 0.28801719505642126 0.4058466211085801 0.017195056421278884 0.017463933181473046
11 0.4723267060720043 0.6366742596810934 0.017195056421278884 0.017463933181473046
8 0.8017195056421279 0.8971146545178436 0.017195056421278884 0.017463933181473046
4 0.7571198280494358 0.8728170083523159 0.017195056421278884 0.017463933181473046