0 0.5572272971520688 0.570615034168565 0.017195056421278884 0.017463933181473046
2 0.5142396560988716 0.8052391799544419 0.017195056421278884 0.017463933181473046
11 0.7571198280494358 0.8728170083523159 0.017195056421278884 0.017463933181473046
0 0.5561526061257388 0.6366742596810934 0.017195056421278884 0.017463933181473046
10 0.261687264911338 0.8409263477600607 0.017195056421278884 0.017463933181473046
0 0.738312735088662 0.5220197418375095 0.017195056421278884 0.017463933181473046
8 0.28747984954325634 0.33826879271070615 0.017195056421278884 0.017463933181473046
1 0.4723267060720043 0.6366742596810934 0.017195056421278884 0.017463933181473046
0 0.9253089736700698 0.2718299164768413 0.010746910263299301 0.016704631738800303
10 0.7635679742074154 0.4533029612756264 0.010746910263299301 0.016704631738800303
3 0.7646426652337452 0.2718299164768413 0.010746910263299301 0.016704631738800303
0 0.9059645351961311 0.29422930903568717 0.017195056421278884 0.017463933181473046
0 0.800644814615798 0.7088078967350038 0.017195056421278884 0.017463933181473046
10 0.7635679742074154 0.357630979498861 0.010746910263299301 0.016704631738800303
3 0.5577646426652337 0.4422930903568717 0.017195056421278884 0.017463933181473046