0 0.5889306824288018 0.44267274107820803 0.010746910263299301 0.016704631738800303
0 0.2246104245029554 0.544039483675019 0.017195056421278884 0.017463933181473046
7 0.4723267060720043 0.54707668944571 0.017195056421278884 0.017463933181473046
8 0.5153143471252015 0.7194381169324222 0.017195056421278884 0.017463933181473046
10 0.739924771628157 0.29422930903568717 0.017195056421278884 0.017463933181473046
3 0.7549704459967759 0.8234624145785877 0.017195056421278884 0.017463933181473046
5 0.7635679742074154 0.49658314350797267 0.010746910263299301 0.016704631738800303
10 0.5137023105857066 0.5721336370539104 0.017195056421278884 0.017463933181473046
10 0.5916174099946265 0.3344722854973424 0.017195056421278884 0.017463933181473046
0 0.9247716281569048 0.4085041761579347 0.010746910263299301 0.016704631738800303
3 0.9247716281569048 0.49582384206529995 0.010746910263299301 0.016704631738800303