12 0.5561526061257388 0.8029612756264237 0.017195056421278884 0.017463933181473046
7 0.2864051585169264 0.31624905087319666 0.017195056421278884 0.017463933181473046
1 0.5878559914024718 0.7198177676537585 0.010746910263299301 0.016704631738800303
10 0.738312735088662 0.5220197418375095 0.017195056421278884 0.017463933181473046
1 0.9043524986566363 0.3838268792710706 0.017195056421278884 0.017463933181473046
4 0.9247716281569048 0.4510250569476082 0.010746910263299301 0.016704631738800303
6 0.47340139709833423 0.6974183750949127 0.017195056421278884 0.017463933181473046
0 0.800644814615798 0.7566438876233865 0.017195056421278884 0.017463933181473046
7 0.5889306824288018 0.44267274107820803 0.010746910263299301 0.016704631738800303
10 0.9032778076303063 0.2486712224753227 0.017195056421278884 0.017463933181473046
3 0.7565824825362708 0.9191343963553531 0.017195056421278884 0.017463933181473046
6 0.5142396560988716 0.6116173120728929 0.017195056421278884 0.017463933181473046