1 0.47340139709833423 0.6974183750949127 0.017195056421278884 0.017463933181473046
7 0.739387426114992 0.33675018982536065 0.017195056421278884 0.017463933181473046
3 0.5572272971520688 0.5918754745634016 0.017195056421278884 0.017463933181473046
1 0.26276195593766793 0.9259681093394078 0.017195056421278884 0.017463933181473046
5 0.28747984954325634 0.33826879271070615 0.017195056421278884 0.017463933181473046
10 0.26276195593766793 0.7619589977220956 0.017195056421278884 0.017463933181473046
10 0.47340139709833423 0.7839787395596052 0.017195056421278884 0.017463933181473046
6 0.7635679742074154 0.4533029612756264 0.010746910263299301 0.016704631738800303
8 0.5126276195593766 0.6564160971905847 0.017195056421278884 0.017463933181473046
2 0.5572272971520688 0.5060744115413819 0.017195056421278884 0.017463933181473046
10 0.4723267060720043 0.5075930144267274 0.017195056421278884 0.017463933181473046
0 0.9253089736700698 0.31662870159453305 0.010746910263299301 0.016704631738800303
12 0.5921547555077915 0.24943052391799544 0.017195056421278884 0.017463933181473046
7 0.5561526061257388 0.6366742596810934 0.017195056421278884 0.017463933181473046