4 0.7635679742074154 0.4533029612756264 0.010746910263299301 0.016704631738800303
10 0.9054271896829661 0.3375094912680334 0.017195056421278884 0.017463933181473046
5 0.261687264911338 0.8014426727410782 0.017195056421278884 0.017463933181473046
10 0.5131649650725416 0.7634776006074412 0.017195056421278884 0.017463933181473046
11 0.4707146695325094 0.4832953682611997 0.017195056421278884 0.017463933181473046
1 0.28694250403009136 0.8230827638572513 0.010746910263299301 0.016704631738800303
10 0.261687264911338 0.884206529992407 0.017195056421278884 0.017463933181473046
11 0.7619559376679205 0.5413819286256644 0.010746910263299301 0.016704631738800303
3 0.5916174099946265 0.3344722854973424 0.017195056421278884 0.017463933181473046
0 0.28747984954325634 0.7805618830675778 0.010746910263299301 0.016704631738800303
10 0.739387426114992 0.3823082763857251 0.017195056421278884 0.017463933181473046