12 0.19886039886039886 0.5668815471394038 0.018233618233618232 0.016921837228041903
7 0.19829059829059828 0.3098307816277196 0.018233618233618232 0.016921837228041903
11 0.46096866096866096 0.3356164383561644 0.012535612535612535 0.015310233682514102
10 0.6136752136752137 0.5306204673650282 0.018233618233618232 0.016921837228041903
4 0.4547008547008547 0.8497179693795326 0.018233618233618232 0.016921837228041903
10 0.6153846153846154 0.11079774375503626 0.018233618233618232 0.016921837228041903
11 0.8552706552706553 0.6023368251410153 0.018233618233618232 0.016921837228041903
10 0.9675213675213675 0.2937147461724416 0.018233618233618232 0.016921837228041903
0 0.8575498575498576 0.8456889605157132 0.018233618233618232 0.016921837228041903
11 0.09515669515669516 0.7006446414182111 0.018233618233618232 0.016921837228041903
10 0.9675213675213675 0.491941982272361 0.018233618233618232 0.016921837228041903
10 0.9675213675213675 0.927880741337631 0.018233618233618232 0.016921837228041903