10 0.7356125356125356 0.7038678485092668 0.018233618233618232 0.016921837228041903
5 0.20056980056980056 0.701450443190975 0.018233618233618232 0.016921837228041903
10 0.30427350427350425 0.701450443190975 0.018233618233618232 0.016921837228041903
3 0.7333333333333333 0.3920225624496374 0.018233618233618232 0.016921837228041903
0 0.7350427350427351 0.290491539081386 0.018233618233618232 0.016921837228041903
9 0.8558404558404559 0.21232876712328766 0.018233618233618232 0.016921837228041903
0 0.4598290598290598 0.08501208702659147 0.012535612535612535 0.015310233682514102
0 0.3037037037037037 0.3098307816277196 0.018233618233618232 0.016921837228041903
10 0.6136752136752137 0.8271555197421434 0.018233618233618232 0.016921837228041903
10 0.45356125356125354 0.7006446414182111 0.018233618233618232 0.016921837228041903
0 0.09515669515669516 0.8311845286059629 0.018233618233618232 0.016921837228041903