10 0.4603988603988604 0.2832393231265109 0.012535612535612535 0.015310233682514102
0 0.30313390313390315 0.5701047542304593 0.018233618233618232 0.016921837228041903
0 0.9692307692307692 0.6232876712328768 0.018233618233618232 0.016921837228041903
4 0.4598290598290598 0.08501208702659147 0.012535612535612535 0.015310233682514102
12 0.8547008547008547 0.6522965350523772 0.018233618233618232 0.016921837228041903
5 0.4905982905982906 0.9254633360193393 0.018233618233618232 0.016921837228041903
12 0.30427350427350425 0.701450443190975 0.018233618233618232 0.016921837228041903
2 0.49173789173789173 0.8271555197421434 0.018233618233618232 0.016921837228041903
3 0.30427350427350425 0.17767929089443996 0.018233618233618232 0.016921837228041903
11 0.4928774928774929 0.25906526994359386 0.012535612535612535 0.015310233682514102
0 0.6136752136752137 0.8271555197421434 0.018233618233618232 0.016921837228041903
12 0.49173789173789173 0.3597904915390814 0.012535612535612535 0.015310233682514102