1 0.8552706552706553 0.6023368251410153 0.018233618233618232 0.016921837228041903
11 0.7350427350427351 0.24133763094278807 0.018233618233618232 0.016921837228041903
6 0.9669515669515669 0.7240128928283642 0.018233618233618232 0.016921837228041903
0 0.8547008547008547 0.9125705076551168 0.018233618233618232 0.016921837228041903
5 0.7350427350427351 0.290491539081386 0.018233618233618232 0.016921837228041903
5 0.4928774928774929 0.20749395648670427 0.012535612535612535 0.015310233682514102
10 0.7356125356125356 0.7038678485092668 0.018233618233618232 0.016921837228041903
10 0.8552706552706553 0.3058017727639001 0.018233618233618232 0.016921837228041903
8 0.9675213675213675 0.927880741337631 0.018233618233618232 0.016921837228041903
5 0.9675213675213675 0.34206285253827556 0.018233618233618232 0.016921837228041903
1 0.9686609686609686 0.3920225624496374 0.018233618233618232 0.016921837228041903
0 0.3037037037037037 0.3098307816277196 0.018233618233618232 0.016921837228041903