7 0.49173789173789173 0.6087832393231265 0.018233618233618232 0.016921837228041903
1 0.4547008547008547 0.8497179693795326 0.018233618233618232 0.016921837228041903
7 0.4905982905982906 0.725624496373892 0.018233618233618232 0.016921837228041903
3 0.7350427350427351 0.19218372280419016 0.018233618233618232 0.016921837228041903
11 0.452991452991453 0.8996776792908945 0.018233618233618232 0.016921837228041903
1 0.7344729344729345 0.5531829170024174 0.018233618233618232 0.016921837228041903
1 0.9675213675213675 0.927880741337631 0.018233618233618232 0.016921837228041903
11 0.4547008547008547 0.749798549556809 0.018233618233618232 0.016921837228041903
2 0.19886039886039886 0.4371474617244158 0.018233618233618232 0.016921837228041903
7 0.49230769230769234 0.15914585012087026 0.012535612535612535 0.015310233682514102
1 0.19886039886039886 0.5668815471394038 0.018233618233618232 0.016921837228041903
11 0.4598290598290598 0.08501208702659147 0.012535612535612535 0.015310233682514102
3 0.4603988603988604 0.23569701853344077 0.012535612535612535 0.015310233682514102
0 0.49173789173789173 0.41055600322320707 0.012535612535612535 0.015310233682514102