12 0.9692307692307692 0.19298952457695406 0.018233618233618232 0.016921837228041903
4 0.4547008547008547 0.5330378726833199 0.018233618233618232 0.016921837228041903
11 0.6148148148148148 0.30257856567284447 0.018233618233618232 0.016921837228041903
5 0.45356125356125354 0.7006446414182111 0.018233618233618232 0.016921837228041903
8 0.8558404558404559 0.21232876712328766 0.018233618233618232 0.016921837228041903
10 0.9675213675213675 0.2937147461724416 0.018233618233618232 0.016921837228041903
0 0.19886039886039886 0.5668815471394038 0.018233618233618232 0.016921837228041903
6 0.46096866096866096 0.18331990330378728 0.012535612535612535 0.015310233682514102
10 0.8552706552706553 0.25825946817082995 0.018233618233618232 0.016921837228041903
7 0.49230769230769234 0.15914585012087026 0.012535612535612535 0.015310233682514102
1 0.6153846153846154 0.3984689766317486 0.018233618233618232 0.016921837228041903
11 0.8552706552706553 0.7062852538275585 0.018233618233618232 0.016921837228041903
4 0.49230769230769234 0.773972602739726 0.018233618233618232 0.016921837228041903
7 0.7356125356125356 0.9286865431103949 0.018233618233618232 0.016921837228041903
5 0.4547008547008547 0.749798549556809 0.018233618233618232 0.016921837228041903