0 0.452991452991453 0.8996776792908945 0.018233618233618232 0.016921837228041903
0 0.8552706552706553 0.4742143432715552 0.018233618233618232 0.016921837228041903
10 0.30427350427350425 0.17767929089443996 0.018233618233618232 0.016921837228041903
10 0.8547008547008547 0.6522965350523772 0.018233618233618232 0.016921837228041903
1 0.6148148148148148 0.6305398871877518 0.018233618233618232 0.016921837228041903
10 0.09515669515669516 0.7006446414182111 0.018233618233618232 0.016921837228041903
0 0.7356125356125356 0.7038678485092668 0.018233618233618232 0.016921837228041903
0 0.4928774928774929 0.20749395648670427 0.012535612535612535 0.015310233682514102
2 0.9686609686609686 0.878726833199033 0.018233618233618232 0.016921837228041903
3 0.8575498575498576 0.403303787268332 0.018233618233618232 0.016921837228041903
2 0.7350427350427351 0.8279613215149073 0.018233618233618232 0.016921837228041903
10 0.7350427350427351 0.24133763094278807 0.018233618233618232 0.016921837228041903
0 0.8575498575498576 0.8456889605157132 0.018233618233618232 0.016921837228041903
0 0.8575498575498576 0.35576148267526186 0.018233618233618232 0.016921837228041903
8 0.4547008547008547 0.749798549556809 0.018233618233618232 0.016921837228041903