10 0.2 0.17767929089443996 0.018233618233618232 0.016921837228041903
10 0.7356125356125356 0.34206285253827556 0.018233618233618232 0.016921837228041903
10 0.7344729344729345 0.5531829170024174 0.018233618233618232 0.016921837228041903
0 0.9669515669515669 0.6724415793714746 0.018233618233618232 0.016921837228041903
0 0.49173789173789173 0.41055600322320707 0.012535612535612535 0.015310233682514102
0 0.8535612535612536 0.7530217566478646 0.018233618233618232 0.016921837228041903
10 0.09515669515669516 0.7006446414182111 0.018233618233618232 0.016921837228041903
12 0.19886039886039886 0.830378726833199 0.018233618233618232 0.016921837228041903
10 0.46096866096866096 0.18331990330378728 0.012535612535612535 0.015310233682514102
10 0.452991452991453 0.7997582594681708 0.018233618233618232 0.016921837228041903
0 0.09743589743589744 0.4403706688154714 0.018233618233618232 0.016921837228041903
7 0.4603988603988604 0.13336019339242547 0.012535612535612535 0.015310233682514102