0 0.6153846153846154 0.3984689766317486 0.018233618233618232 0.016921837228041903
4 0.6136752136752137 0.8271555197421434 0.018233618233618232 0.016921837228041903
3 0.45356125356125354 0.7006446414182111 0.018233618233618232 0.016921837228041903
12 0.30313390313390315 0.43795326349717967 0.018233618233618232 0.016921837228041903
12 0.9675213675213675 0.491941982272361 0.018233618233618232 0.016921837228041903
11 0.8575498575498576 0.35576148267526186 0.018233618233618232 0.016921837228041903
0 0.19829059829059828 0.3098307816277196 0.018233618233618232 0.016921837228041903
8 0.46096866096866096 0.3356164383561644 0.012535612535612535 0.015310233682514102
1 0.4603988603988604 0.13336019339242547 0.012535612535612535 0.015310233682514102
12 0.6153846153846154 0.4484286865431104 0.018233618233618232 0.016921837228041903
1 0.4547008547008547 0.5330378726833199 0.018233618233618232 0.016921837228041903
5 0.8558404558404559 0.21232876712328766 0.018233618233618232 0.016921837228041903
8 0.8535612535612536 0.7530217566478646 0.018233618233618232 0.016921837228041903
10 0.4603988603988604 0.38477034649476227 0.012535612535612535 0.015310233682514102