10 0.0962962962962963 0.9609186140209508 0.018233618233618232 0.016921837228041903
12 0.49002849002849 0.5572119258662369 0.018233618233618232 0.016921837228041903
4 0.30313390313390315 0.43795326349717967 0.018233618233618232 0.016921837228041903
2 0.6148148148148148 0.2550362610797744 0.018233618233618232 0.016921837228041903
11 0.4603988603988604 0.2832393231265109 0.012535612535612535 0.015310233682514102
5 0.49230769230769234 0.773972602739726 0.018233618233618232 0.016921837228041903
7 0.6148148148148148 0.6305398871877518 0.018233618233618232 0.016921837228041903
0 0.49173789173789173 0.41055600322320707 0.012535612535612535 0.015310233682514102
11 0.09515669515669516 0.8311845286059629 0.018233618233618232 0.016921837228041903
11 0.4905982905982906 0.9254633360193393 0.018233618233618232 0.016921837228041903
2 0.452991452991453 0.8996776792908945 0.018233618233618232 0.016921837228041903
6 0.4603988603988604 0.13336019339242547 0.012535612535612535 0.015310233682514102
1 0.7344729344729345 0.443593875906527 0.018233618233618232 0.016921837228041903
9 0.9686609686609686 0.878726833199033 0.018233618233618232 0.016921837228041903
11 0.4905982905982906 0.725624496373892 0.018233618233618232 0.016921837228041903