12 0.6153846153846154 0.4484286865431104 0.018233618233618232 0.016921837228041903
11 0.6136752136752137 0.5306204673650282 0.018233618233618232 0.016921837228041903
11 0.7356125356125356 0.4903303787268332 0.018233618233618232 0.016921837228041903
6 0.4547008547008547 0.749798549556809 0.018233618233618232 0.016921837228041903
10 0.7356125356125356 0.7038678485092668 0.018233618233618232 0.016921837228041903
7 0.9686609686609686 0.5435132957292506 0.018233618233618232 0.016921837228041903
3 0.9669515669515669 0.6724415793714746 0.018233618233618232 0.016921837228041903
11 0.9692307692307692 0.6232876712328768 0.018233618233618232 0.016921837228041903
5 0.49173789173789173 0.3597904915390814 0.012535612535612535 0.015310233682514102
11 0.7333333333333333 0.3920225624496374 0.018233618233618232 0.016921837228041903
10 0.8552706552706553 0.25825946817082995 0.018233618233618232 0.016921837228041903
6 0.30427350427350425 0.17767929089443996 0.018233618233618232 0.016921837228041903
2 0.4905982905982906 0.725624496373892 0.018233618233618232 0.016921837228041903
6 0.7350427350427351 0.8279613215149073 0.018233618233618232 0.016921837228041903