0 0.6148148148148148 0.5789685737308622 0.018233618233618232 0.016921837228041903
11 0.8558404558404559 0.21232876712328766 0.018233618233618232 0.016921837228041903
2 0.8552706552706553 0.9536663980660758 0.018233618233618232 0.016921837228041903
0 0.49173789173789173 0.3597904915390814 0.012535612535612535 0.015310233682514102
8 0.4603988603988604 0.13336019339242547 0.012535612535612535 0.015310233682514102
0 0.49173789173789173 0.8271555197421434 0.018233618233618232 0.016921837228041903
8 0.8552706552706553 0.3058017727639001 0.018233618233618232 0.016921837228041903
10 0.4905982905982906 0.8763094278807413 0.018233618233618232 0.016921837228041903
10 0.6153846153846154 0.3984689766317486 0.018233618233618232 0.016921837228041903
10 0.20056980056980056 0.701450443190975 0.018233618233618232 0.016921837228041903
0 0.4547008547008547 0.8497179693795326 0.018233618233618232 0.016921837228041903
0 0.7344729344729345 0.443593875906527 0.018233618233618232 0.016921837228041903
3 0.7333333333333333 0.3920225624496374 0.018233618233618232 0.016921837228041903
0 0.9686609686609686 0.5435132957292506 0.018233618233618232 0.016921837228041903
10 0.8552706552706553 0.7062852538275585 0.018233618233618232 0.016921837228041903