10 0.4547008547008547 0.8497179693795326 0.018233618233618232 0.016921837228041903
0 0.4603988603988604 0.23569701853344077 0.012535612535612535 0.015310233682514102
0 0.09572649572649573 0.5676873489121677 0.018233618233618232 0.016921837228041903
4 0.6153846153846154 0.927880741337631 0.018233618233618232 0.016921837228041903
1 0.7350427350427351 0.290491539081386 0.018233618233618232 0.016921837228041903
11 0.19886039886039886 0.4371474617244158 0.018233618233618232 0.016921837228041903
10 0.6136752136752137 0.5306204673650282 0.018233618233618232 0.016921837228041903
1 0.3037037037037037 0.3098307816277196 0.018233618233618232 0.016921837228041903
11 0.7356125356125356 0.34206285253827556 0.018233618233618232 0.016921837228041903
12 0.49230769230769234 0.15914585012087026 0.012535612535612535 0.015310233682514102
10 0.6148148148148148 0.2550362610797744 0.018233618233618232 0.016921837228041903
1 0.7333333333333333 0.3920225624496374 0.018233618233618232 0.016921837228041903