12 0.852991452991453 0.5427074939564867 0.018233618233618232 0.016921837228041903
5 0.30313390313390315 0.43795326349717967 0.018233618233618232 0.016921837228041903
3 0.4603988603988604 0.23569701853344077 0.012535612535612535 0.015310233682514102
4 0.7356125356125356 0.34206285253827556 0.018233618233618232 0.016921837228041903
4 0.7350427350427351 0.290491539081386 0.018233618233618232 0.016921837228041903
8 0.9669515669515669 0.7240128928283642 0.018233618233618232 0.016921837228041903
6 0.4547008547008547 0.5330378726833199 0.018233618233618232 0.016921837228041903
4 0.09515669515669516 0.3074133763094279 0.018233618233618232 0.016921837228041903
8 0.6153846153846154 0.3984689766317486 0.018233618233618232 0.016921837228041903
2 0.09515669515669516 0.17767929089443996 0.018233618233618232 0.016921837228041903
11 0.19886039886039886 0.5668815471394038 0.018233618233618232 0.016921837228041903