0 0.8552706552706553 0.3058017727639001 0.018233618233618232 0.016921837228041903
12 0.452991452991453 0.8996776792908945 0.018233618233618232 0.016921837228041903
10 0.6153846153846154 0.3984689766317486 0.018233618233618232 0.016921837228041903
6 0.8575498575498576 0.35576148267526186 0.018233618233618232 0.016921837228041903
8 0.7356125356125356 0.8771152296535052 0.018233618233618232 0.016921837228041903
6 0.7333333333333333 0.3920225624496374 0.018233618233618232 0.016921837228041903
4 0.49230769230769234 0.15914585012087026 0.012535612535612535 0.015310233682514102
11 0.8547008547008547 0.6522965350523772 0.018233618233618232 0.016921837228041903
11 0.49173789173789173 0.8271555197421434 0.018233618233618232 0.016921837228041903
3 0.7350427350427351 0.6555197421434327 0.018233618233618232 0.016921837228041903
1 0.4928774928774929 0.3106365834004835 0.012535612535612535 0.015310233682514102
1 0.4603988603988604 0.13336019339242547 0.012535612535612535 0.015310233682514102
0 0.7344729344729345 0.443593875906527 0.018233618233618232 0.016921837228041903