1 0.9675213675213675 0.34206285253827556 0.018233618233618232 0.016921837228041903
8 0.8552706552706553 0.6023368251410153 0.018233618233618232 0.016921837228041903
8 0.19886039886039886 0.4371474617244158 0.018233618233618232 0.016921837228041903
0 0.09515669515669516 0.7006446414182111 0.018233618233618232 0.016921837228041903
11 0.4603988603988604 0.23569701853344077 0.012535612535612535 0.015310233682514102
4 0.49173789173789173 0.3597904915390814 0.012535612535612535 0.015310233682514102
4 0.6153846153846154 0.8771152296535052 0.018233618233618232 0.016921837228041903
12 0.6148148148148148 0.30257856567284447 0.018233618233618232 0.016921837228041903
1 0.9686609686609686 0.5435132957292506 0.018233618233618232 0.016921837228041903
12 0.6153846153846154 0.11079774375503626 0.018233618233618232 0.016921837228041903
10 0.49002849002849 0.5572119258662369 0.018233618233618232 0.016921837228041903
0 0.2 0.17767929089443996 0.018233618233618232 0.016921837228041903
10 0.7356125356125356 0.9286865431103949 0.018233618233618232 0.016921837228041903
12 0.19829059829059828 0.3098307816277196 0.018233618233618232 0.016921837228041903