2 0.49230769230769234 0.15914585012087026 0.012535612535612535 0.015310233682514102
0 0.19886039886039886 0.4371474617244158 0.018233618233618232 0.016921837228041903
10 0.45356125356125354 0.7006446414182111 0.018233618233618232 0.016921837228041903
10 0.49173789173789173 0.3597904915390814 0.012535612535612535 0.015310233682514102
10 0.49173789173789173 0.10757453666398066 0.012535612535612535 0.015310233682514102
0 0.4547008547008547 0.5330378726833199 0.018233618233618232 0.016921837228041903
1 0.30427350427350425 0.701450443190975 0.018233618233618232 0.016921837228041903
10 0.7344729344729345 0.5531829170024174 0.018233618233618232 0.016921837228041903
0 0.8552706552706553 0.3058017727639001 0.018233618233618232 0.016921837228041903
10 0.6153846153846154 0.11079774375503626 0.018233618233618232 0.016921837228041903
0 0.19886039886039886 0.5668815471394038 0.018233618233618232 0.016921837228041903
0 0.8535612535612536 0.7530217566478646 0.018233618233618232 0.016921837228041903
0 0.09515669515669516 0.17767929089443996 0.018233618233618232 0.016921837228041903
10 0.6153846153846154 0.6804995970991137 0.018233618233618232 0.016921837228041903