8 0.9692307692307692 0.6232876712328768 0.018233618233618232 0.016921837228041903
10 0.7350427350427351 0.6555197421434327 0.018233618233618232 0.016921837228041903
4 0.8552706552706553 0.7989524576954069 0.018233618233618232 0.016921837228041903
6 0.4547008547008547 0.5330378726833199 0.018233618233618232 0.016921837228041903
11 0.09743589743589744 0.4403706688154714 0.018233618233618232 0.016921837228041903
10 0.49002849002849 0.5572119258662369 0.018233618233618232 0.016921837228041903
8 0.4928774928774929 0.25906526994359386 0.012535612535612535 0.015310233682514102
4 0.6153846153846154 0.927880741337631 0.018233618233618232 0.016921837228041903
5 0.4603988603988604 0.2832393231265109 0.012535612535612535 0.015310233682514102
0 0.46096866096866096 0.18331990330378728 0.012535612535612535 0.015310233682514102
0 0.7356125356125356 0.4903303787268332 0.018233618233618232 0.016921837228041903
5 0.8575498575498576 0.403303787268332 0.018233618233618232 0.016921837228041903
11 0.7350427350427351 0.24133763094278807 0.018233618233618232 0.016921837228041903
12 0.19886039886039886 0.830378726833199 0.018233618233618232 0.016921837228041903
3 0.8552706552706553 0.7062852538275585 0.018233618233618232 0.016921837228041903