12 0.6186905337848734 0.8606043329532497 0.007901951298177712 0.013683010262257697
10 0.49580712788259956 0.34806157354618017 0.007901951298177712 0.013683010262257697
6 0.12280277374616998 0.21978335233751425 0.007901951298177712 0.013683010262257697
9 0.3259958071278826 0.4885974914481186 0.007901951298177712 0.013683010262257697
10 0.5261248185776488 0.26738882554161914 0.007901951298177712 0.013683010262257697
0 0.370020964360587 0.6354047890535918 0.007901951298177712 0.013683010262257697
0 0.5262860828898565 0.3070125427594071 0.007901951298177712 0.013683010262257697
2 0.3524431543299468 0.6636259977194983 0.007901951298177712 0.013683010262257697
10 0.3566360264473472 0.28677309007981755 0.007901951298177712 0.013683010262257697
7 0.5267698758264796 0.3879703534777651 0.007901951298177712 0.013683010262257697
11 0.6694887921303015 0.620866590649943 0.007901951298177712 0.013683010262257697
10 0.495000806321561 0.24629418472063855 0.007901951298177712 0.013683010262257697
11 0.3084179970972424 0.5094070695553021 0.007901951298177712 0.013683010262257697