12 0.5167785234899329 0.4288256227758007 0.008389261744966443 0.013048635824436536
0 0.8062080536912751 0.47983392645314354 0.008389261744966443 0.013048635824436536
6 0.8070469798657718 0.6589561091340451 0.008389261744966443 0.013048635824436536
5 0.9748322147651006 0.7218268090154211 0.008389261744966443 0.013048635824436536
10 0.8968120805369127 0.13345195729537365 0.008389261744966443 0.013048635824436536
1 0.6031879194630873 0.8594306049822064 0.008389261744966443 0.013048635824436536
0 0.14597315436241612 0.8570581257413997 0.008389261744966443 0.013048635824436536
2 0.20553691275167785 0.2615658362989324 0.008389261744966443 0.013048635824436536
0 0.5176174496644296 0.46441281138790036 0.008389261744966443 0.013048635824436536
0 0.8145973154362416 0.9104389086595492 0.008389261744966443 0.013048635824436536
0 0.6124161073825504 0.21648873072360617 0.008389261744966443 0.013048635824436536
10 0.6048657718120806 0.6281138790035588 0.008389261744966443 0.013048635824436536
10 0.5671140939597316 0.5 0.008389261744966443 0.013048635824436536
8 0.7986577181208053 0.3766310794780546 0.008389261744966443 0.013048635824436536