6 0.9001677852348994 0.3066429418742586 0.008389261744966443 0.013048635824436536
3 0.8296979865771812 0.9092526690391459 0.008389261744966443 0.013048635824436536
1 0.9731543624161074 0.3766310794780546 0.008389261744966443 0.013048635824436536
12 0.9664429530201343 0.533214709371293 0.008389261744966443 0.013048635824436536
5 0.5176174496644296 0.35765124555160144 0.008389261744966443 0.013048635824436536
12 0.5167785234899329 0.4988137603795967 0.008389261744966443 0.013048635824436536
3 0.22902684563758388 0.2959667852906287 0.008389261744966443 0.013048635824436536
10 0.9471476510067114 0.28647686832740216 0.008389261744966443 0.013048635824436536
7 0.8968120805369127 0.09905100830367734 0.008389261744966443 0.013048635824436536
0 0.8305369127516778 0.8938315539739027 0.008389261744966443 0.013048635824436536
6 0.947986577181208 0.3066429418742586 0.008389261744966443 0.013048635824436536
5 0.6057046979865772 0.6625148279952551 0.008389261744966443 0.013048635824436536