5 0.014693534844668345 0.36773428232502964 0.009235936188077247 0.009489916963226572
0 0.5608732157850546 0.24673784104389088 0.010075566750629723 0.014234875444839857
9 0.5071368597816961 0.36061684460260973 0.010075566750629723 0.014234875444839857
12 0.023089840470193114 0.31198102016607354 0.01595298068849706 0.02372479240806643
11 0.18429890848026867 0.7615658362989324 0.01595298068849706 0.02372479240806643
7 0.6221662468513854 0.15658362989323843 0.010075566750629723 0.014234875444839857
10 0.025608732157850547 0.9395017793594306 0.01595298068849706 0.02372479240806643
0 0.5617128463476071 0.19217081850533807 0.010075566750629723 0.014234875444839857
10 0.5079764903442485 0.1376037959667853 0.010075566750629723 0.014234875444839857
3 0.6221662468513854 0.2823250296559905 0.010075566750629723 0.014234875444839857
0 0.6087321578505458 0.2265717674970344 0.010075566750629723 0.014234875444839857
6 0.5734676742233418 0.15658362989323843 0.010075566750629723 0.014234875444839857
12 0.6087321578505458 0.19217081850533807 0.010075566750629723 0.014234875444839857
6 0.5079764903442485 0.19217081850533807 0.010075566750629723 0.014234875444839857
11 0.17170445004198154 0.3701067615658363 0.009235936188077247 0.009489916963226572