2 0.462248322147651 0.19750889679715303 0.008389261744966443 0.013048635824436536
0 0.20469798657718122 0.31494661921708184 0.008389261744966443 0.013048635824436536
0 0.8145973154362416 0.9104389086595492 0.008389261744966443 0.013048635824436536
10 0.6031879194630873 0.8594306049822064 0.008389261744966443 0.013048635824436536
12 0.22902684563758388 0.2615658362989324 0.008389261744966443 0.013048635824436536
10 0.28942953020134227 0.2615658362989324 0.008389261744966443 0.013048635824436536
10 0.9471476510067114 0.28647686832740216 0.008389261744966443 0.013048635824436536
0 0.2516778523489933 0.6838671411625148 0.008389261744966443 0.013048635824436536
0 0.947986577181208 0.32443653618030843 0.008389261744966443 0.013048635824436536
0 0.2902684563758389 0.34934756820877816 0.008389261744966443 0.013048635824436536
0 0.22986577181208054 0.22597864768683273 0.008389261744966443 0.013048635824436536
7 0.2902684563758389 0.31494661921708184 0.008389261744966443 0.013048635824436536