5 0.28326076439283987 0.7728050171037628 0.007901951298177712 0.013683010262257697
10 0.3527656829543622 0.6359749144811858 0.007901951298177712 0.013683010262257697
10 0.6365908724399291 0.6183010262257697 0.007901951298177712 0.013683010262257697
0 0.9217061764231576 0.21949828962371723 0.007901951298177712 0.013683010262257697
10 0.3564747621351395 0.32668187001140253 0.007901951298177712 0.013683010262257697
12 0.30777293984841153 0.854618015963512 0.007901951298177712 0.013683010262257697
11 0.5261248185776488 0.26738882554161914 0.007901951298177712 0.013683010262257697
8 0.6519109820996614 0.6445267958950969 0.007901951298177712 0.013683010262257697
10 0.471778745363651 0.790193842645382 0.007901951298177712 0.013683010262257697
10 0.5109659732301242 0.26653363740022806 0.007901951298177712 0.013683010262257697
3 0.30728914691178844 0.8281071835803877 0.007901951298177712 0.013683010262257697