10 0.6031879194630873 0.965005931198102 0.008389261744966443 0.013048635824436536
11 0.8062080536912751 0.49762752075919336 0.008389261744966443 0.013048635824436536
8 0.19546979865771813 0.7384341637010676 0.008389261744966443 0.013048635824436536
10 0.14597315436241612 0.8570581257413997 0.008389261744966443 0.013048635824436536
10 0.5167785234899329 0.4288256227758007 0.008389261744966443 0.013048635824436536
10 0.8808724832214765 0.28647686832740216 0.008389261744966443 0.013048635824436536
0 0.19463087248322147 0.702846975088968 0.008389261744966443 0.013048635824436536
0 0.6057046979865772 0.6625148279952551 0.008389261744966443 0.013048635824436536
10 0.8808724832214765 0.34223013048635825 0.008389261744966443 0.013048635824436536
1 0.25083892617449666 0.7218268090154211 0.008389261744966443 0.013048635824436536
10 0.7550335570469798 0.3766310794780546 0.008389261744966443 0.013048635824436536
7 0.20553691275167785 0.33155397390272834 0.008389261744966443 0.013048635824436536
10 0.22902684563758388 0.36595492289442466 0.008389261744966443 0.013048635824436536
11 0.22902684563758388 0.2959667852906287 0.008389261744966443 0.013048635824436536
0 0.30201342281879195 0.8463819691577699 0.008389261744966443 0.013048635824436536