10 0.2600671140939597 0.33155397390272834 0.008389261744966443 0.013048635824436536
10 0.5679530201342282 0.3956109134045077 0.008389261744966443 0.013048635824436536
7 0.5679530201342282 0.41340450771055753 0.008389261744966443 0.013048635824436536
1 0.2516778523489933 0.6672597864768683 0.008389261744966443 0.013048635824436536
2 0.22902684563758388 0.2781731909845789 0.008389261744966443 0.013048635824436536
5 0.6031879194630873 0.9294187425860023 0.008389261744966443 0.013048635824436536
7 0.9723154362416108 0.3066429418742586 0.008389261744966443 0.013048635824436536
0 0.20469798657718122 0.2781731909845789 0.008389261744966443 0.013048635824436536
9 0.5419463087248322 0.4833926453143535 0.008389261744966443 0.013048635824436536
10 0.20469798657718122 0.34934756820877816 0.008389261744966443 0.013048635824436536
3 0.28942953020134227 0.2615658362989324 0.008389261744966443 0.013048635824436536