11 0.6087321578505458 0.1387900355871886 0.010075566750629723 0.014234875444839857
0 0.5071368597816961 0.32977461447212336 0.010075566750629723 0.014234875444839857
10 0.5617128463476071 0.2823250296559905 0.010075566750629723 0.014234875444839857
0 0.5205709487825357 0.19217081850533807 0.010075566750629723 0.014234875444839857
0 0.5734676742233418 0.2823250296559905 0.010075566750629723 0.014234875444839857
0 0.014693534844668345 0.6690391459074733 0.009235936188077247 0.009489916963226572
10 0.18429890848026867 0.7615658362989324 0.01595298068849706 0.02372479240806643
10 0.014693534844668345 0.36773428232502964 0.009235936188077247 0.009489916963226572
10 0.5205709487825357 0.2846975088967972 0.010075566750629723 0.014234875444839857
0 0.5079764903442485 0.2669039145907473 0.010075566750629723 0.014234875444839857
0 0.5734676742233418 0.17319098457888493 0.010075566750629723 0.014234875444839857