0 0.8978050171037628 0.6201612903225806 0.02708095781071836 0.02338709677419355
3 0.3675883694412771 0.425 0.033352337514253136 0.020967741935483872
9 0.5276510832383124 0.964516129032258 0.013112884834663626 0.01935483870967742
8 0.5028506271379704 0.8387096774193549 0.013112884834663626 0.01935483870967742
1 0.27765108323831245 0.8673387096774193 0.013112884834663626 0.01935483870967742
1 0.27765108323831245 0.8391129032258065 0.013112884834663626 0.01935483870967742
11 0.512115165336374 0.3443548387096774 0.016818700114025087 0.01935483870967742
7 0.30273660205245156 0.8358870967741936 0.013112884834663626 0.01935483870967742
6 0.7363169897377423 0.9604838709677419 0.013112884834663626 0.01935483870967742
0 0.30273660205245156 0.8661290322580645 0.013112884834663626 0.01935483870967742
4 0.5276510832383124 0.9141129032258064 0.013112884834663626 0.01935483870967742
2 0.5034207525655644 0.9153225806451613 0.013112884834663626 0.01935483870967742