12 0.5071368597816961 0.15776986951364175 0.010075566750629723 0.014234875444839857
0 0.5205709487825357 0.2846975088967972 0.010075566750629723 0.014234875444839857
12 0.1801007556675063 0.6132858837485172 0.01595298068849706 0.02372479240806643
11 0.6221662468513854 0.1376037959667853 0.010075566750629723 0.014234875444839857
3 0.17338371116708648 0.66785290628707 0.009235936188077247 0.009489916963226572
11 0.5608732157850546 0.24673784104389088 0.010075566750629723 0.014234875444839857
9 0.5608732157850546 0.20877817319098457 0.010075566750629723 0.014234875444839857
5 0.6221662468513854 0.17437722419928825 0.010075566750629723 0.014234875444839857
12 0.6221662468513854 0.15658362989323843 0.010075566750629723 0.014234875444839857
0 0.014693534844668345 0.6690391459074733 0.009235936188077247 0.009489916963226572
5 0.6087321578505458 0.24673784104389088 0.010075566750629723 0.014234875444839857
9 0.5071368597816961 0.2111506524317912 0.010075566750629723 0.014234875444839857
11 0.17338371116708648 0.5183867141162515 0.009235936188077247 0.009489916963226572
10 0.5197313182199832 0.36180308422301305 0.010075566750629723 0.014234875444839857