10 0.5276510832383124 0.964516129032258 0.013112884834663626 0.01935483870967742
5 0.2127993158494869 0.6838709677419355 0.033352337514253136 0.020967741935483872
10 0.9372862029646523 0.9358870967741936 0.013112884834663626 0.01935483870967742
10 0.34763397947548463 0.697983870967742 0.016818700114025087 0.01935483870967742
0 0.5034207525655644 0.9153225806451613 0.013112884834663626 0.01935483870967742
0 0.34806157354618017 0.6709677419354839 0.01767388825541619 0.01935483870967742
10 0.5025655644241733 0.9403225806451613 0.013112884834663626 0.01935483870967742
0 0.9370011402508552 0.8455645161290323 0.013112884834663626 0.01935483870967742
0 0.7363169897377423 0.9032258064516129 0.013112884834663626 0.01935483870967742
12 0.30273660205245156 0.8661290322580645 0.013112884834663626 0.01935483870967742
0 0.5034207525655644 0.8887096774193548 0.013112884834663626 0.01935483870967742