9 0.5419463087248322 0.46441281138790036 0.008389261744966443 0.013048635824436536
7 0.8968120805369127 0.09905100830367734 0.008389261744966443 0.013048635824436536
10 0.5679530201342282 0.3956109134045077 0.008389261744966443 0.013048635824436536
0 0.2902684563758389 0.31494661921708184 0.008389261744966443 0.013048635824436536
12 0.9672818791946308 0.4988137603795967 0.008389261744966443 0.013048635824436536
9 0.2600671140939597 0.2781731909845789 0.008389261744966443 0.013048635824436536
10 0.14513422818791946 0.8938315539739027 0.008389261744966443 0.013048635824436536
2 0.8305369127516778 0.9258600237247924 0.008389261744966443 0.013048635824436536
8 0.8733221476510067 0.11447212336892053 0.008389261744966443 0.013048635824436536
1 0.462248322147651 0.21648873072360617 0.008389261744966443 0.013048635824436536
11 0.9672818791946308 0.46322657176749704 0.008389261744966443 0.013048635824436536
5 0.924496644295302 0.28647686832740216 0.008389261744966443 0.013048635824436536
12 0.30201342281879195 0.8463819691577699 0.008389261744966443 0.013048635824436536
6 0.9748322147651006 0.7040332147093713 0.008389261744966443 0.013048635824436536