0 0.34763397947548463 0.697983870967742 0.016818700114025087 0.01935483870967742
3 0.27765108323831245 0.8391129032258065 0.013112884834663626 0.01935483870967742
3 0.8718643101482326 0.3556451612903226 0.016818700114025087 0.01935483870967742
6 0.5276510832383124 0.8879032258064516 0.013112884834663626 0.01935483870967742
7 0.7363169897377423 0.932258064516129 0.013112884834663626 0.01935483870967742
12 0.7363169897377423 0.9032258064516129 0.013112884834663626 0.01935483870967742
3 0.2127993158494869 0.6838709677419355 0.033352337514253136 0.020967741935483872
11 0.7363169897377423 0.8459677419354839 0.013112884834663626 0.01935483870967742
11 0.51154503990878 0.3153225806451613 0.016818700114025087 0.01935483870967742
11 0.30188141391106044 0.8955645161290322 0.013112884834663626 0.01935483870967742
8 0.7202109464082098 0.6201612903225806 0.02708095781071836 0.02338709677419355
3 0.9372862029646523 0.9358870967741936 0.013112884834663626 0.01935483870967742
10 0.30273660205245156 0.8358870967741936 0.013112884834663626 0.01935483870967742
8 0.30273660205245156 0.8661290322580645 0.013112884834663626 0.01935483870967742