2 0.9370011402508552 0.8455645161290323 0.013112884834663626 0.01935483870967742
1 0.7202109464082098 0.6201612903225806 0.02708095781071836 0.02338709677419355
11 0.5034207525655644 0.9153225806451613 0.013112884834663626 0.01935483870967742
11 0.51154503990878 0.3153225806451613 0.016818700114025087 0.01935483870967742
11 0.5276510832383124 0.8387096774193549 0.013112884834663626 0.01935483870967742
8 0.5034207525655644 0.8887096774193548 0.013112884834663626 0.01935483870967742
1 0.2127993158494869 0.6838709677419355 0.033352337514253136 0.020967741935483872
7 0.5025655644241733 0.9403225806451613 0.013112884834663626 0.01935483870967742
11 0.08338084378563283 0.6838709677419355 0.033352337514253136 0.020967741935483872
11 0.2782212086659065 0.8959677419354839 0.013112884834663626 0.01935483870967742
0 0.5389110604332953 0.6366935483870968 0.016818700114025087 0.01935483870967742
12 0.5276510832383124 0.8879032258064516 0.013112884834663626 0.01935483870967742