10 0.5071368597816961 0.3902728351126928 0.010075566750629723 0.014234875444839857
0 0.6087321578505458 0.17319098457888493 0.010075566750629723 0.014234875444839857
10 0.5071368597816961 0.34519572953736655 0.010075566750629723 0.014234875444839857
0 0.014693534844668345 0.49940688018979834 0.009235936188077247 0.009489916963226572
11 0.6087321578505458 0.24673784104389088 0.010075566750629723 0.014234875444839857
2 0.014693534844668345 0.5160142348754448 0.009235936188077247 0.009489916963226572
10 0.5566750629722922 0.49347568208778175 0.010075566750629723 0.014234875444839857
0 0.6087321578505458 0.1387900355871886 0.010075566750629723 0.014234875444839857
9 0.5608732157850546 0.15658362989323843 0.010075566750629723 0.014234875444839857
10 0.023089840470193114 0.31198102016607354 0.01595298068849706 0.02372479240806643
2 0.5071368597816961 0.2265717674970344 0.010075566750629723 0.014234875444839857
10 0.5071368597816961 0.32977461447212336 0.010075566750629723 0.014234875444839857
0 0.025608732157850547 0.9395017793594306 0.01595298068849706 0.02372479240806643
0 0.5197313182199832 0.36180308422301305 0.010075566750629723 0.014234875444839857
0 0.17170445004198154 0.3701067615658363 0.009235936188077247 0.009489916963226572