6 0.370020964360587 0.9370011402508552 0.007901951298177712 0.013683010262257697
10 0.48774391227221414 0.6901368301026226 0.007901951298177712 0.013683010262257697
10 0.3377681019190453 0.6915621436716077 0.007901951298177712 0.013683010262257697
10 0.49564586357039186 0.4284492588369441 0.007901951298177712 0.013683010262257697
10 0.6156265118529269 0.5057012542759407 0.007901951298177712 0.013683010262257697
10 0.3419609740364457 0.36801596351197263 0.007901951298177712 0.013683010262257697
10 0.33760683760683763 0.8004561003420753 0.007901951298177712 0.013683010262257697
11 0.3414771810998226 0.3278221208665906 0.007901951298177712 0.013683010262257697
2 0.5109659732301242 0.26653363740022806 0.007901951298177712 0.013683010262257697
0 0.28309950008063217 0.6088939566704675 0.007901951298177712 0.013683010262257697
10 0.3087405257216578 0.2870581527936146 0.007901951298177712 0.013683010262257697