3 0.7643122077084341 0.919327251995439 0.007901951298177712 0.013683010262257697
9 0.3084179970972424 0.46892816419612315 0.007901951298177712 0.013683010262257697
5 0.3229317851959361 0.7996009122006842 0.007901951298177712 0.013683010262257697
10 0.6519109820996614 0.6445267958950969 0.007901951298177712 0.013683010262257697
4 0.370020964360587 0.6636259977194983 0.007901951298177712 0.013683010262257697
10 0.15279793581680373 0.27394526795895097 0.007901951298177712 0.013683010262257697
8 0.3414771810998226 0.468072976054732 0.007901951298177712 0.013683010262257697
5 0.6148201902918884 0.4475484606613455 0.007901951298177712 0.013683010262257697
0 0.30777293984841153 0.854618015963512 0.007901951298177712 0.013683010262257697
9 0.7643122077084341 0.8722919042189282 0.007901951298177712 0.013683010262257697
7 0.3229317851959361 0.7183580387685291 0.007901951298177712 0.013683010262257697