11 0.6031879194630873 0.8404507710557533 0.008389261744966443 0.013048635824436536
3 0.8070469798657718 0.6921708185053381 0.008389261744966443 0.013048635824436536
9 0.3011744966442953 0.8997627520759194 0.008389261744966443 0.013048635824436536
3 0.20469798657718122 0.2959667852906287 0.008389261744966443 0.013048635824436536
0 0.8808724832214765 0.3054567022538553 0.008389261744966443 0.013048635824436536
0 0.23657718120805368 0.5391459074733096 0.008389261744966443 0.013048635824436536
4 0.5176174496644296 0.44661921708185054 0.008389261744966443 0.013048635824436536
10 0.7986577181208053 0.3766310794780546 0.008389261744966443 0.013048635824436536
0 0.6031879194630873 0.8594306049822064 0.008389261744966443 0.013048635824436536
10 0.9672818791946308 0.4988137603795967 0.008389261744966443 0.013048635824436536
0 0.9714765100671141 0.28647686832740216 0.008389261744966443 0.013048635824436536
0 0.8733221476510067 0.11447212336892053 0.008389261744966443 0.013048635824436536
0 0.22986577181208054 0.22597864768683273 0.008389261744966443 0.013048635824436536