10 0.48774391227221414 0.6331242873432155 0.007901951298177712 0.013683010262257697
11 0.9592807611675537 0.9179019384264538 0.007901951298177712 0.013683010262257697
6 0.3084179970972424 0.38768529076396807 0.007901951298177712 0.013683010262257697
10 0.6944847605224964 0.21949828962371723 0.007901951298177712 0.013683010262257697
8 0.3564747621351395 0.24629418472063855 0.007901951298177712 0.013683010262257697
11 0.49580712788259956 0.36801596351197263 0.007901951298177712 0.013683010262257697
0 0.5112885018545396 0.3070125427594071 0.007901951298177712 0.013683010262257697
9 0.3569585550717626 0.4290193842645382 0.007901951298177712 0.013683010262257697
11 0.3084179970972424 0.24629418472063855 0.007901951298177712 0.013683010262257697
12 0.506611836800516 0.8648802736602053 0.007901951298177712 0.013683010262257697
9 0.49564586357039186 0.48831242873432157 0.007901951298177712 0.013683010262257697
4 0.3084179970972424 0.5094070695553021 0.007901951298177712 0.013683010262257697
11 0.15279793581680373 0.24686431014823262 0.007901951298177712 0.013683010262257697
6 0.49564586357039186 0.40849486887115166 0.007901951298177712 0.013683010262257697
3 0.5275761973875182 0.9139110604332953 0.007901951298177712 0.013683010262257697