6 0.28374455732946297 0.7448688711516533 0.007901951298177712 0.013683010262257697
10 0.49516207063376877 0.5096921322690992 0.007901951298177712 0.013683010262257697
11 0.6177229479116272 0.7970353477765109 0.007901951298177712 0.013683010262257697
4 0.341799709724238 0.24686431014823262 0.007901951298177712 0.013683010262257697
0 0.5291888405095952 0.6325541619156214 0.007901951298177712 0.013683010262257697
12 0.8604257377842284 0.4885974914481186 0.007901951298177712 0.013683010262257697
11 0.471778745363651 0.790193842645382 0.007901951298177712 0.013683010262257697
9 0.28309950008063217 0.9093500570125428 0.007901951298177712 0.013683010262257697
12 0.28309950008063217 0.6907069555302167 0.007901951298177712 0.013683010262257697
9 0.3382518948556684 0.7445838084378563 0.007901951298177712 0.013683010262257697
8 0.3259958071278826 0.4885974914481186 0.007901951298177712 0.013683010262257697
11 0.3084179970972424 0.2668187001140251 0.007901951298177712 0.013683010262257697
11 0.28326076439283987 0.7728050171037628 0.007901951298177712 0.013683010262257697
11 0.3419609740364457 0.36801596351197263 0.007901951298177712 0.013683010262257697
1 0.15279793581680373 0.27394526795895097 0.007901951298177712 0.013683010262257697