12 0.6087321578505458 0.24673784104389088 0.010075566750629723 0.014234875444839857
6 0.5734676742233418 0.265717674970344 0.010075566750629723 0.014234875444839857
10 0.014693534844668345 0.8185053380782918 0.009235936188077247 0.009489916963226572
5 0.17170445004198154 0.3428232502965599 0.009235936188077247 0.009489916963226572
9 0.6221662468513854 0.15658362989323843 0.010075566750629723 0.014234875444839857
9 0.5566750629722922 0.527876631079478 0.010075566750629723 0.014234875444839857
5 0.5071368597816961 0.15776986951364175 0.010075566750629723 0.014234875444839857
12 0.5608732157850546 0.2277580071174377 0.010075566750629723 0.014234875444839857
10 0.5079764903442485 0.19217081850533807 0.010075566750629723 0.014234875444839857
0 0.6087321578505458 0.1387900355871886 0.010075566750629723 0.014234875444839857
5 0.5617128463476071 0.19217081850533807 0.010075566750629723 0.014234875444839857
12 0.17338371116708648 0.8054567022538552 0.009235936188077247 0.009489916963226572
2 0.5608732157850546 0.20877817319098457 0.010075566750629723 0.014234875444839857