1 0.6221662468513854 0.2823250296559905 0.010075566750629723 0.014234875444839857
3 0.5071368597816961 0.3902728351126928 0.010075566750629723 0.014234875444839857
0 0.5079764903442485 0.19217081850533807 0.010075566750629723 0.014234875444839857
9 0.5197313182199832 0.265717674970344 0.010075566750629723 0.014234875444839857
4 0.5566750629722922 0.5088967971530249 0.010075566750629723 0.014234875444839857
2 0.5079764903442485 0.17319098457888493 0.010075566750629723 0.014234875444839857
6 0.5079764903442485 0.2846975088967972 0.010075566750629723 0.014234875444839857
5 0.17338371116708648 0.6512455516014235 0.009235936188077247 0.009489916963226572
10 0.5608732157850546 0.26334519572953735 0.010075566750629723 0.014234875444839857
3 0.5188916876574308 0.34519572953736655 0.010075566750629723 0.014234875444839857
0 0.17338371116708648 0.8232502965599051 0.009235936188077247 0.009489916963226572
6 0.014693534844668345 0.5160142348754448 0.009235936188077247 0.009489916963226572
8 0.5205709487825357 0.1376037959667853 0.010075566750629723 0.014234875444839857