5 0.9615165336374002 0.8887096774193548 0.013112884834663626 0.01935483870967742
10 0.9378563283922463 0.8887096774193548 0.013112884834663626 0.01935483870967742
6 0.5276510832383124 0.9141129032258064 0.013112884834663626 0.01935483870967742
10 0.34806157354618017 0.6709677419354839 0.01767388825541619 0.01935483870967742
1 0.34763397947548463 0.697983870967742 0.016818700114025087 0.01935483870967742
3 0.27765108323831245 0.8391129032258065 0.013112884834663626 0.01935483870967742
0 0.7363169897377423 0.9032258064516129 0.013112884834663626 0.01935483870967742
12 0.6948403648802737 0.3439516129032258 0.016818700114025087 0.01935483870967742
10 0.9370011402508552 0.8455645161290323 0.013112884834663626 0.01935483870967742
10 0.30273660205245156 0.8661290322580645 0.013112884834663626 0.01935483870967742
10 0.51154503990878 0.3153225806451613 0.016818700114025087 0.01935483870967742
10 0.6942702394526796 0.3725806451612903 0.016818700114025087 0.01935483870967742
10 0.9372862029646523 0.9358870967741936 0.013112884834663626 0.01935483870967742
0 0.2127993158494869 0.6838709677419355 0.033352337514253136 0.020967741935483872
10 0.7202109464082098 0.6201612903225806 0.02708095781071836 0.02338709677419355