2 0.27765108323831245 0.8673387096774193 0.013112884834663626 0.01935483870967742
0 0.7363169897377423 0.8754032258064516 0.013112884834663626 0.01935483870967742
10 0.511259977194983 0.3717741935483871 0.016818700114025087 0.01935483870967742
10 0.9378563283922463 0.8887096774193548 0.013112884834663626 0.01935483870967742
0 0.34763397947548463 0.697983870967742 0.016818700114025087 0.01935483870967742
10 0.27765108323831245 0.8391129032258065 0.013112884834663626 0.01935483870967742
10 0.51154503990878 0.3153225806451613 0.016818700114025087 0.01935483870967742
12 0.08338084378563283 0.6838709677419355 0.033352337514253136 0.020967741935483872
8 0.5285062713797035 0.8641129032258065 0.013112884834663626 0.01935483870967742
0 0.5028506271379704 0.8387096774193549 0.013112884834663626 0.01935483870967742
11 0.34763397947548463 0.725 0.016818700114025087 0.01935483870967742
4 0.2127993158494869 0.6838709677419355 0.033352337514253136 0.020967741935483872
10 0.512115165336374 0.3443548387096774 0.016818700114025087 0.01935483870967742