2 0.3675883694412771 0.425 0.033352337514253136 0.020967741935483872
10 0.6942702394526796 0.3725806451612903 0.016818700114025087 0.01935483870967742
0 0.08338084378563283 0.6838709677419355 0.033352337514253136 0.020967741935483872
9 0.5025655644241733 0.9641129032258065 0.013112884834663626 0.01935483870967742
1 0.7202109464082098 0.6201612903225806 0.02708095781071836 0.02338709677419355
4 0.34763397947548463 0.697983870967742 0.016818700114025087 0.01935483870967742
10 0.27765108323831245 0.8391129032258065 0.013112884834663626 0.01935483870967742
9 0.5034207525655644 0.8887096774193548 0.013112884834663626 0.01935483870967742
0 0.7363169897377423 0.8754032258064516 0.013112884834663626 0.01935483870967742
3 0.7363169897377423 0.9032258064516129 0.013112884834663626 0.01935483870967742
5 0.5034207525655644 0.9153225806451613 0.013112884834663626 0.01935483870967742