4 0.6221662468513854 0.1376037959667853 0.010075566750629723 0.014234875444839857
11 0.014693534844668345 0.49940688018979834 0.009235936188077247 0.009489916963226572
11 0.5608732157850546 0.24673784104389088 0.010075566750629723 0.014234875444839857
10 0.021410579345088162 0.6144721233689205 0.01595298068849706 0.02372479240806643
10 0.6087321578505458 0.24673784104389088 0.010075566750629723 0.014234875444839857
0 0.014693534844668345 0.8185053380782918 0.009235936188077247 0.009489916963226572
10 0.5197313182199832 0.265717674970344 0.010075566750629723 0.014234875444839857
6 0.6221662468513854 0.26334519572953735 0.010075566750629723 0.014234875444839857
11 0.17338371116708648 0.6512455516014235 0.009235936188077247 0.009489916963226572
10 0.1809403862300588 0.2918149466192171 0.01595298068849706 0.02372479240806643
12 0.5608732157850546 0.17319098457888493 0.010075566750629723 0.014234875444839857