0 0.014693534844668345 0.5160142348754448 0.009235936188077247 0.009489916963226572
3 0.5734676742233418 0.2823250296559905 0.010075566750629723 0.014234875444839857
4 0.6221662468513854 0.2823250296559905 0.010075566750629723 0.014234875444839857
10 0.6087321578505458 0.17319098457888493 0.010075566750629723 0.014234875444839857
8 0.5608732157850546 0.24673784104389088 0.010075566750629723 0.014234875444839857
11 0.5734676742233418 0.19217081850533807 0.010075566750629723 0.014234875444839857
10 0.6221662468513854 0.1376037959667853 0.010075566750629723 0.014234875444839857
12 0.18261964735516373 0.19098457888493475 0.01595298068849706 0.02372479240806643
10 0.5071368597816961 0.2265717674970344 0.010075566750629723 0.014234875444839857
12 0.5205709487825357 0.1376037959667853 0.010075566750629723 0.014234875444839857
3 0.5608732157850546 0.26334519572953735 0.010075566750629723 0.014234875444839857