5 0.28309950008063217 0.7998859749144812 0.007901951298177712 0.013683010262257697
3 0.5114497661667473 0.387115165336374 0.007901951298177712 0.013683010262257697
5 0.49548459925818417 0.30758266818700114 0.007901951298177712 0.013683010262257697
5 0.30728914691178844 0.9084948688711516 0.007901951298177712 0.013683010262257697
2 0.739477503628447 0.8127137970353477 0.007901951298177712 0.013683010262257697
6 0.47048863086598935 0.8882554161915621 0.007901951298177712 0.013683010262257697
2 0.12231898080954685 0.30188141391106044 0.007901951298177712 0.013683010262257697
10 0.32244799225931303 0.8263968072976055 0.007901951298177712 0.013683010262257697
0 0.8222060957910015 0.1781641961231471 0.007901951298177712 0.013683010262257697
3 0.33760683760683763 0.7183580387685291 0.007901951298177712 0.013683010262257697
8 0.6148201902918884 0.33238312428734323 0.007901951298177712 0.013683010262257697