4 0.6031879194630873 0.9460260972716489 0.008389261744966443 0.013048635824436536
12 0.9731543624161074 0.32562277580071175 0.008389261744966443 0.013048635824436536
9 0.5679530201342282 0.48102016607354686 0.008389261744966443 0.013048635824436536
7 0.22902684563758388 0.31494661921708184 0.008389261744966443 0.013048635824436536
0 0.22651006711409397 0.666073546856465 0.008389261744966443 0.013048635824436536
0 0.8062080536912751 0.5154211150652431 0.008389261744966443 0.013048635824436536
12 0.6031879194630873 0.8760379596678529 0.008389261744966443 0.013048635824436536
7 0.19546979865771813 0.7218268090154211 0.008389261744966443 0.013048635824436536
3 0.7600671140939598 0.3220640569395018 0.008389261744966443 0.013048635824436536
0 0.2902684563758389 0.2959667852906287 0.008389261744966443 0.013048635824436536
8 0.8968120805369127 0.13345195729537365 0.008389261744966443 0.013048635824436536
6 0.8808724832214765 0.28647686832740216 0.008389261744966443 0.013048635824436536
7 0.19546979865771813 0.6838671411625148 0.008389261744966443 0.013048635824436536
9 0.8062080536912751 0.46441281138790036 0.008389261744966443 0.013048635824436536
11 0.2902684563758389 0.36595492289442466 0.008389261744966443 0.013048635824436536