0 0.513868730849863 0.604903078677309 0.007901951298177712 0.013683010262257697
0 0.9271891630382196 0.17759407069555302 0.007901951298177712 0.013683010262257697
5 0.48774391227221414 0.604903078677309 0.007901951298177712 0.013683010262257697
10 0.6696500564425093 0.6710376282782212 0.007901951298177712 0.013683010262257697
10 0.1523141428801806 0.3013112884834664 0.007901951298177712 0.013683010262257697
0 0.3084179970972424 0.24629418472063855 0.007901951298177712 0.013683010262257697
10 0.850104821802935 0.6359749144811858 0.007901951298177712 0.013683010262257697
10 0.370020964360587 0.6636259977194983 0.007901951298177712 0.013683010262257697
0 0.5109659732301242 0.26653363740022806 0.007901951298177712 0.013683010262257697
10 0.7643122077084341 0.7408779931584949 0.007901951298177712 0.013683010262257697
8 0.6193355910337043 0.9036488027366021 0.007901951298177712 0.013683010262257697
10 0.3082567327850347 0.48945267958950966 0.007901951298177712 0.013683010262257697
7 0.5112885018545396 0.32696693272519955 0.007901951298177712 0.013683010262257697
10 0.5109659732301242 0.4888825541619156 0.007901951298177712 0.013683010262257697
0 0.9594420254797613 0.7408779931584949 0.007901951298177712 0.013683010262257697