1 0.27765108323831245 0.8673387096774193 0.013112884834663626 0.01935483870967742
7 0.5285062713797035 0.8641129032258065 0.013112884834663626 0.01935483870967742
11 0.5276510832383124 0.8387096774193549 0.013112884834663626 0.01935483870967742
4 0.51154503990878 0.3153225806451613 0.016818700114025087 0.01935483870967742
5 0.9378563283922463 0.8887096774193548 0.013112884834663626 0.01935483870967742
3 0.21336944127708096 0.425 0.033352337514253136 0.020967741935483872
9 0.2127993158494869 0.6838709677419355 0.033352337514253136 0.020967741935483872
1 0.3675883694412771 0.425 0.033352337514253136 0.020967741935483872
11 0.5276510832383124 0.8879032258064516 0.013112884834663626 0.01935483870967742
11 0.8710091220068416 0.2979838709677419 0.016818700114025087 0.01935483870967742
3 0.5025655644241733 0.9641129032258065 0.013112884834663626 0.01935483870967742
6 0.30273660205245156 0.8358870967741936 0.013112884834663626 0.01935483870967742
4 0.7363169897377423 0.9032258064516129 0.013112884834663626 0.01935483870967742