6 0.17338371116708648 0.8054567022538552 0.009235936188077247 0.009489916963226572
11 0.6087321578505458 0.17319098457888493 0.010075566750629723 0.014234875444839857
3 0.6087321578505458 0.2111506524317912 0.010075566750629723 0.014234875444839857
11 0.5079764903442485 0.1376037959667853 0.010075566750629723 0.014234875444839857
4 0.6221662468513854 0.2823250296559905 0.010075566750629723 0.014234875444839857
11 0.5205709487825357 0.1376037959667853 0.010075566750629723 0.014234875444839857
0 0.5188916876574308 0.32977461447212336 0.010075566750629723 0.014234875444839857
10 0.5197313182199832 0.36180308422301305 0.010075566750629723 0.014234875444839857
1 0.5205709487825357 0.19217081850533807 0.010075566750629723 0.014234875444839857
9 0.5566750629722922 0.34638196915776986 0.010075566750629723 0.014234875444839857
12 0.5566750629722922 0.527876631079478 0.010075566750629723 0.014234875444839857
12 0.014693534844668345 0.49940688018979834 0.009235936188077247 0.009489916963226572
4 0.1801007556675063 0.6132858837485172 0.01595298068849706 0.02372479240806643
2 0.17170445004198154 0.3274021352313167 0.009235936188077247 0.009489916963226572
7 0.025608732157850547 0.7568208778173191 0.01595298068849706 0.02372479240806643