1 0.3414771810998226 0.468072976054732 0.007901951298177712 0.013683010262257697
9 0.3084179970972424 0.38768529076396807 0.007901951298177712 0.013683010262257697
10 0.30777293984841153 0.7728050171037628 0.007901951298177712 0.013683010262257697
11 0.3261570714400903 0.32639680729760545 0.007901951298177712 0.013683010262257697
11 0.739477503628447 0.8127137970353477 0.007901951298177712 0.013683010262257697
12 0.47048863086598935 0.8882554161915621 0.007901951298177712 0.013683010262257697
6 0.28309950008063217 0.935860889395667 0.007901951298177712 0.013683010262257697
10 0.49580712788259956 0.46864310148232613 0.007901951298177712 0.013683010262257697
3 0.3698597000483793 0.6909920182440137 0.007901951298177712 0.013683010262257697
2 0.3084179970972424 0.46892816419612315 0.007901951298177712 0.013683010262257697
7 0.5261248185776488 0.26738882554161914 0.007901951298177712 0.013683010262257697
0 0.33760683760683763 0.8004561003420753 0.007901951298177712 0.013683010262257697