11 0.4773489932885906 0.6079478054567022 0.008389261744966443 0.013048635824436536
12 0.5679530201342282 0.3766310794780546 0.008389261744966443 0.013048635824436536
9 0.6031879194630873 0.9460260972716489 0.008389261744966443 0.013048635824436536
10 0.8741610738255033 0.1298932384341637 0.008389261744966443 0.013048635824436536
5 0.9664429530201343 0.5154211150652431 0.008389261744966443 0.013048635824436536
4 0.7600671140939598 0.3220640569395018 0.008389261744966443 0.013048635824436536
10 0.8296979865771812 0.9092526690391459 0.008389261744966443 0.013048635824436536
0 0.05285234899328859 0.9122182680901542 0.006711409395973154 0.009489916963226572
10 0.22986577181208054 0.22597864768683273 0.008389261744966443 0.013048635824436536
1 0.5176174496644296 0.35765124555160144 0.008389261744966443 0.013048635824436536
10 0.4773489932885906 0.6637010676156584 0.008389261744966443 0.013048635824436536
9 0.9756711409395973 0.6684460260972717 0.008389261744966443 0.013048635824436536