5 0.8157555233026931 0.8942417331812998 0.007901951298177712 0.013683010262257697
10 0.5109659732301242 0.4888825541619156 0.007901951298177712 0.013683010262257697
1 0.28326076439283987 0.6354047890535918 0.007901951298177712 0.013683010262257697
6 0.47742299629092083 0.40849486887115166 0.007901951298177712 0.013683010262257697
5 0.3529269472665699 0.6088939566704675 0.007901951298177712 0.013683010262257697
8 0.3413159167876149 0.4486887115165336 0.007901951298177712 0.013683010262257697
9 0.5291888405095952 0.6325541619156214 0.007901951298177712 0.013683010262257697
5 0.30793420416061923 0.8814139110604333 0.007901951298177712 0.013683010262257697
10 0.1523141428801806 0.3013112884834664 0.007901951298177712 0.013683010262257697
5 0.48774391227221414 0.6616305587229191 0.007901951298177712 0.013683010262257697
5 0.08684083212385099 0.7471493728620296 0.007901951298177712 0.013683010262257697
1 0.6007901951298178 0.669612314709236 0.007901951298177712 0.013683010262257697
10 0.3259958071278826 0.4278791334093501 0.007901951298177712 0.013683010262257697
7 0.3569585550717626 0.4885974914481186 0.007901951298177712 0.013683010262257697