0 0.5256410256410257 0.24572405929304447 0.007901951298177712 0.013683010262257697
8 0.49548459925818417 0.2671037628278221 0.007901951298177712 0.013683010262257697
11 0.3564747621351395 0.24629418472063855 0.007901951298177712 0.013683010262257697
7 0.32244799225931303 0.8263968072976055 0.007901951298177712 0.013683010262257697
2 0.3377681019190453 0.6915621436716077 0.007901951298177712 0.013683010262257697
8 0.3414771810998226 0.40849486887115166 0.007901951298177712 0.013683010262257697
3 0.341799709724238 0.48916761687571264 0.007901951298177712 0.013683010262257697
1 0.5262860828898565 0.36801596351197263 0.007901951298177712 0.013683010262257697
6 0.9820190291888405 0.7651083238312428 0.007901951298177712 0.013683010262257697
2 0.5064505724883084 0.9387115165336374 0.007901951298177712 0.013683010262257697
10 0.47742299629092083 0.2864880273660205 0.007901951298177712 0.013683010262257697