10 0.7363169897377423 0.932258064516129 0.013112884834663626 0.01935483870967742
9 0.7363169897377423 0.9032258064516129 0.013112884834663626 0.01935483870967742
11 0.7363169897377423 0.8459677419354839 0.013112884834663626 0.01935483870967742
2 0.5285062713797035 0.8641129032258065 0.013112884834663626 0.01935483870967742
10 0.511259977194983 0.3717741935483871 0.016818700114025087 0.01935483870967742
11 0.08338084378563283 0.6838709677419355 0.033352337514253136 0.020967741935483872
5 0.3675883694412771 0.425 0.033352337514253136 0.020967741935483872
11 0.2782212086659065 0.8959677419354839 0.013112884834663626 0.01935483870967742
11 0.5028506271379704 0.8387096774193549 0.013112884834663626 0.01935483870967742
1 0.5389110604332953 0.6366935483870968 0.016818700114025087 0.01935483870967742
9 0.9615165336374002 0.8887096774193548 0.013112884834663626 0.01935483870967742
10 0.30273660205245156 0.8358870967741936 0.013112884834663626 0.01935483870967742
11 0.34763397947548463 0.697983870967742 0.016818700114025087 0.01935483870967742
0 0.30273660205245156 0.8661290322580645 0.013112884834663626 0.01935483870967742