7 0.9816965005644251 0.8942417331812998 0.007901951298177712 0.013683010262257697
0 0.850104821802935 0.6359749144811858 0.007901951298177712 0.013683010262257697
7 0.3087405257216578 0.44811858608893956 0.007901951298177712 0.013683010262257697
10 0.49564586357039186 0.38768529076396807 0.007901951298177712 0.013683010262257697
10 0.6944847605224964 0.21949828962371723 0.007901951298177712 0.013683010262257697
0 0.28309950008063217 0.9093500570125428 0.007901951298177712 0.013683010262257697
11 0.28326076439283987 0.6354047890535918 0.007901951298177712 0.013683010262257697
10 0.4779067892275439 0.3882554161915621 0.007901951298177712 0.013683010262257697
5 0.49580712788259956 0.46864310148232613 0.007901951298177712 0.013683010262257697
11 0.12280277374616998 0.2750855188141391 0.007901951298177712 0.013683010262257697
12 0.3564747621351395 0.24629418472063855 0.007901951298177712 0.013683010262257697
10 0.5109659732301242 0.4278791334093501 0.007901951298177712 0.013683010262257697
11 0.08684083212385099 0.7471493728620296 0.007901951298177712 0.013683010262257697
10 0.3229317851959361 0.7996009122006842 0.007901951298177712 0.013683010262257697
0 0.3261570714400903 0.32639680729760545 0.007901951298177712 0.013683010262257697