10 0.7363169897377423 0.8459677419354839 0.013112884834663626 0.01935483870967742
0 0.5276510832383124 0.8387096774193549 0.013112884834663626 0.01935483870967742
10 0.7363169897377423 0.8754032258064516 0.013112884834663626 0.01935483870967742
0 0.2127993158494869 0.6838709677419355 0.033352337514253136 0.020967741935483872
1 0.5025655644241733 0.9641129032258065 0.013112884834663626 0.01935483870967742
10 0.34806157354618017 0.6709677419354839 0.01767388825541619 0.01935483870967742
0 0.8978050171037628 0.6201612903225806 0.02708095781071836 0.02338709677419355
0 0.27765108323831245 0.8673387096774193 0.013112884834663626 0.01935483870967742
10 0.5285062713797035 0.8641129032258065 0.013112884834663626 0.01935483870967742
8 0.9378563283922463 0.8887096774193548 0.013112884834663626 0.01935483870967742
9 0.8718643101482326 0.3556451612903226 0.016818700114025087 0.01935483870967742
11 0.7202109464082098 0.6201612903225806 0.02708095781071836 0.02338709677419355
0 0.2782212086659065 0.8959677419354839 0.013112884834663626 0.01935483870967742
7 0.5034207525655644 0.8887096774193548 0.013112884834663626 0.01935483870967742
10 0.9615165336374002 0.8887096774193548 0.013112884834663626 0.01935483870967742