10 0.21336944127708096 0.425 0.033352337514253136 0.020967741935483872
0 0.34806157354618017 0.6709677419354839 0.01767388825541619 0.01935483870967742
10 0.8718643101482326 0.3556451612903226 0.016818700114025087 0.01935483870967742
0 0.34734891676168755 0.6427419354838709 0.016248574686431014 0.01532258064516129
12 0.7202109464082098 0.6201612903225806 0.02708095781071836 0.02338709677419355
10 0.5285062713797035 0.8641129032258065 0.013112884834663626 0.01935483870967742
3 0.7363169897377423 0.9032258064516129 0.013112884834663626 0.01935483870967742
0 0.6942702394526796 0.3725806451612903 0.016818700114025087 0.01935483870967742
0 0.3675883694412771 0.425 0.033352337514253136 0.020967741935483872
5 0.34763397947548463 0.725 0.016818700114025087 0.01935483870967742
0 0.27765108323831245 0.8391129032258065 0.013112884834663626 0.01935483870967742
10 0.5028506271379704 0.8637096774193549 0.013112884834663626 0.01935483870967742
10 0.51154503990878 0.3153225806451613 0.016818700114025087 0.01935483870967742