10 0.8145973154362416 0.9258600237247924 0.008389261744966443 0.013048635824436536
0 0.23657718120805368 0.5391459074733096 0.008389261744966443 0.013048635824436536
10 0.2600671140939597 0.2781731909845789 0.008389261744966443 0.013048635824436536
10 0.9010067114093959 0.28647686832740216 0.008389261744966443 0.013048635824436536
11 0.08473154362416108 0.9110320284697508 0.006711409395973154 0.009489916963226572
0 0.2902684563758389 0.34934756820877816 0.008389261744966443 0.013048635824436536
0 0.22902684563758388 0.2781731909845789 0.008389261744966443 0.013048635824436536
0 0.25 0.702846975088968 0.008389261744966443 0.013048635824436536
11 0.23573825503355705 0.4845788849347568 0.008389261744966443 0.013048635824436536
0 0.22902684563758388 0.31494661921708184 0.008389261744966443 0.013048635824436536
8 0.22902684563758388 0.36595492289442466 0.008389261744966443 0.013048635824436536
0 0.7550335570469798 0.3766310794780546 0.008389261744966443 0.013048635824436536
0 0.22651006711409397 0.666073546856465 0.008389261744966443 0.013048635824436536
1 0.8070469798657718 0.5498220640569395 0.008389261744966443 0.013048635824436536
10 0.462248322147651 0.1619217081850534 0.008389261744966443 0.013048635824436536