12 0.6696500564425093 0.6710376282782212 0.007901951298177712 0.013683010262257697
5 0.7510885341074021 0.5883694412770809 0.007901951298177712 0.013683010262257697
11 0.5109659732301242 0.4278791334093501 0.007901951298177712 0.013683010262257697
11 0.28326076439283987 0.6633409350057012 0.007901951298177712 0.013683010262257697
0 0.48774391227221414 0.6616305587229191 0.007901951298177712 0.013683010262257697
6 0.0870020964360587 0.7166476624857469 0.007901951298177712 0.013683010262257697
12 0.4779067892275439 0.44783352337514254 0.007901951298177712 0.013683010262257697
8 0.7514110627318175 0.49002280501710377 0.007901951298177712 0.013683010262257697
0 0.3261570714400903 0.32639680729760545 0.007901951298177712 0.013683010262257697
2 0.3524431543299468 0.6636259977194983 0.007901951298177712 0.013683010262257697
2 0.3569585550717626 0.4290193842645382 0.007901951298177712 0.013683010262257697
12 0.6694887921303015 0.620866590649943 0.007901951298177712 0.013683010262257697
0 0.28326076439283987 0.7186431014823261 0.007901951298177712 0.013683010262257697
10 0.3529269472665699 0.8004561003420753 0.007901951298177712 0.013683010262257697