0 0.5285062713797035 0.8641129032258065 0.013112884834663626 0.01935483870967742
0 0.9378563283922463 0.8887096774193548 0.013112884834663626 0.01935483870967742
4 0.4847491448118586 0.6391129032258065 0.016818700114025087 0.01935483870967742
0 0.8978050171037628 0.6201612903225806 0.02708095781071836 0.02338709677419355
6 0.8710091220068416 0.2979838709677419 0.016818700114025087 0.01935483870967742
10 0.5034207525655644 0.8887096774193548 0.013112884834663626 0.01935483870967742
2 0.34734891676168755 0.6427419354838709 0.016248574686431014 0.01532258064516129
10 0.34763397947548463 0.697983870967742 0.016818700114025087 0.01935483870967742
2 0.51154503990878 0.3153225806451613 0.016818700114025087 0.01935483870967742
10 0.5276510832383124 0.9395161290322581 0.013112884834663626 0.01935483870967742
11 0.6948403648802737 0.3439516129032258 0.016818700114025087 0.01935483870967742
0 0.6942702394526796 0.3725806451612903 0.016818700114025087 0.01935483870967742