8 0.20469798657718122 0.31494661921708184 0.008389261744966443 0.013048635824436536
4 0.2902684563758389 0.2781731909845789 0.008389261744966443 0.013048635824436536
5 0.8959731543624161 0.14768683274021352 0.008389261744966443 0.013048635824436536
10 0.9723154362416108 0.3066429418742586 0.008389261744966443 0.013048635824436536
10 0.9471476510067114 0.34104389086595494 0.008389261744966443 0.013048635824436536
1 0.9731543624161074 0.32562277580071175 0.008389261744966443 0.013048635824436536
0 0.6031879194630873 0.9116251482799526 0.008389261744966443 0.013048635824436536
0 0.22902684563758388 0.2959667852906287 0.008389261744966443 0.013048635824436536
10 0.8968120805369127 0.09905100830367734 0.008389261744966443 0.013048635824436536
11 0.6031879194630873 0.8594306049822064 0.008389261744966443 0.013048635824436536
0 0.20553691275167785 0.33155397390272834 0.008389261744966443 0.013048635824436536
10 0.6031879194630873 0.9294187425860023 0.008389261744966443 0.013048635824436536
0 0.5671140939597316 0.4288256227758007 0.008389261744966443 0.013048635824436536