8 0.27765108323831245 0.8673387096774193 0.013112884834663626 0.01935483870967742
10 0.5276510832383124 0.8387096774193549 0.013112884834663626 0.01935483870967742
12 0.5276510832383124 0.964516129032258 0.013112884834663626 0.01935483870967742
11 0.5034207525655644 0.8887096774193548 0.013112884834663626 0.01935483870967742
8 0.6942702394526796 0.3725806451612903 0.016818700114025087 0.01935483870967742
10 0.08338084378563283 0.6838709677419355 0.033352337514253136 0.020967741935483872
1 0.5276510832383124 0.9141129032258064 0.013112884834663626 0.01935483870967742
10 0.9370011402508552 0.8455645161290323 0.013112884834663626 0.01935483870967742
10 0.5034207525655644 0.9153225806451613 0.013112884834663626 0.01935483870967742
10 0.7363169897377423 0.9032258064516129 0.013112884834663626 0.01935483870967742
0 0.5276510832383124 0.9395161290322581 0.013112884834663626 0.01935483870967742