10 0.5734676742233418 0.1376037959667853 0.010075566750629723 0.014234875444839857
10 0.1809403862300588 0.2918149466192171 0.01595298068849706 0.02372479240806643
5 0.6087321578505458 0.17319098457888493 0.010075566750629723 0.014234875444839857
11 0.5608732157850546 0.1376037959667853 0.010075566750629723 0.014234875444839857
9 0.023089840470193114 0.46144721233689207 0.01595298068849706 0.02372479240806643
10 0.025608732157850547 0.9395017793594306 0.01595298068849706 0.02372479240806643
0 0.023089840470193114 0.31198102016607354 0.01595298068849706 0.02372479240806643
10 0.5734676742233418 0.265717674970344 0.010075566750629723 0.014234875444839857
10 0.5617128463476071 0.19217081850533807 0.010075566750629723 0.014234875444839857
0 0.5071368597816961 0.3902728351126928 0.010075566750629723 0.014234875444839857
9 0.5071368597816961 0.15776986951364175 0.010075566750629723 0.014234875444839857
12 0.17338371116708648 0.8232502965599051 0.009235936188077247 0.009489916963226572
9 0.5566750629722922 0.34638196915776986 0.010075566750629723 0.014234875444839857