10 0.12231898080954685 0.30188141391106044 0.007901951298177712 0.013683010262257697
4 0.3564747621351395 0.36801596351197263 0.007901951298177712 0.013683010262257697
2 0.3259958071278826 0.28677309007981755 0.007901951298177712 0.013683010262257697
0 0.471778745363651 0.790193842645382 0.007901951298177712 0.013683010262257697
0 0.5064505724883084 0.8409350057012542 0.007901951298177712 0.013683010262257697
12 0.5261248185776488 0.26738882554161914 0.007901951298177712 0.013683010262257697
10 0.4779067892275439 0.44783352337514254 0.007901951298177712 0.013683010262257697
0 0.28309950008063217 0.9093500570125428 0.007901951298177712 0.013683010262257697
10 0.8372036768263184 0.8124287343215507 0.007901951298177712 0.013683010262257697
2 0.8380099983873569 0.87115165336374 0.007901951298177712 0.013683010262257697
0 0.48774391227221414 0.6616305587229191 0.007901951298177712 0.013683010262257697
0 0.6146589259796807 0.3922462941847206 0.007901951298177712 0.013683010262257697
10 0.370020964360587 0.8004561003420753 0.007901951298177712 0.013683010262257697
10 0.6007901951298178 0.669612314709236 0.007901951298177712 0.013683010262257697
0 0.3524431543299468 0.8269669327251995 0.007901951298177712 0.013683010262257697