10 0.22651006711409397 0.7016607354685647 0.008389261744966443 0.013048635824436536
12 0.8741610738255033 0.1298932384341637 0.008389261744966443 0.013048635824436536
0 0.5671140939597316 0.5 0.008389261744966443 0.013048635824436536
11 0.20469798657718122 0.2959667852906287 0.008389261744966443 0.013048635824436536
0 0.9010067114093959 0.28647686832740216 0.008389261744966443 0.013048635824436536
0 0.8968120805369127 0.13345195729537365 0.008389261744966443 0.013048635824436536
0 0.8968120805369127 0.11684460260972716 0.008389261744966443 0.013048635824436536
10 0.9748322147651006 0.7040332147093713 0.008389261744966443 0.013048635824436536
10 0.05285234899328859 0.9122182680901542 0.006711409395973154 0.009489916963226572
0 0.20553691275167785 0.36595492289442466 0.008389261744966443 0.013048635824436536
0 0.5679530201342282 0.41340450771055753 0.008389261744966443 0.013048635824436536