8 0.5261248185776488 0.4284492588369441 0.007901951298177712 0.013683010262257697
2 0.30777293984841153 0.854618015963512 0.007901951298177712 0.013683010262257697
0 0.3261570714400903 0.508551881413911 0.007901951298177712 0.013683010262257697
10 0.30777293984841153 0.7728050171037628 0.007901951298177712 0.013683010262257697
2 0.8157555233026931 0.8942417331812998 0.007901951298177712 0.013683010262257697
10 0.3259958071278826 0.4278791334093501 0.007901951298177712 0.013683010262257697
10 0.49548459925818417 0.30758266818700114 0.007901951298177712 0.013683010262257697
5 0.49564586357039186 0.32867730900798175 0.007901951298177712 0.013683010262257697
0 0.3261570714400903 0.3879703534777651 0.007901951298177712 0.013683010262257697
11 0.3569585550717626 0.4290193842645382 0.007901951298177712 0.013683010262257697
10 0.8617158522818901 0.6120296465222349 0.007901951298177712 0.013683010262257697
11 0.495000806321561 0.24629418472063855 0.007901951298177712 0.013683010262257697
10 0.5109659732301242 0.4484036488027366 0.007901951298177712 0.013683010262257697
11 0.32244799225931303 0.6636259977194983 0.007901951298177712 0.013683010262257697