9 0.20553691275167785 0.33155397390272834 0.008389261744966443 0.013048635824436536
2 0.9748322147651006 0.6874258600237247 0.008389261744966443 0.013048635824436536
3 0.4773489932885906 0.6281138790035588 0.008389261744966443 0.013048635824436536
2 0.5679530201342282 0.3956109134045077 0.008389261744966443 0.013048635824436536
10 0.08473154362416108 0.9110320284697508 0.006711409395973154 0.009489916963226572
6 0.8808724832214765 0.34223013048635825 0.008389261744966443 0.013048635824436536
3 0.19546979865771813 0.7218268090154211 0.008389261744966443 0.013048635824436536
5 0.9001677852348994 0.3066429418742586 0.008389261744966443 0.013048635824436536
9 0.7080536912751678 0.37544483985765126 0.008389261744966443 0.013048635824436536
7 0.9471476510067114 0.34104389086595494 0.008389261744966443 0.013048635824436536
4 0.9664429530201343 0.5154211150652431 0.008389261744966443 0.013048635824436536
5 0.22651006711409397 0.6838671411625148 0.008389261744966443 0.013048635824436536