0 0.5276510832383124 0.964516129032258 0.013112884834663626 0.01935483870967742
1 0.5276510832383124 0.9395161290322581 0.013112884834663626 0.01935483870967742
5 0.5276510832383124 0.8879032258064516 0.013112884834663626 0.01935483870967742
11 0.7363169897377423 0.932258064516129 0.013112884834663626 0.01935483870967742
12 0.8710091220068416 0.2979838709677419 0.016818700114025087 0.01935483870967742
5 0.30188141391106044 0.8955645161290322 0.013112884834663626 0.01935483870967742
0 0.9615165336374002 0.8887096774193548 0.013112884834663626 0.01935483870967742
1 0.7363169897377423 0.9032258064516129 0.013112884834663626 0.01935483870967742
5 0.5028506271379704 0.8637096774193549 0.013112884834663626 0.01935483870967742
10 0.5025655644241733 0.9641129032258065 0.013112884834663626 0.01935483870967742
11 0.9378563283922463 0.8887096774193548 0.013112884834663626 0.01935483870967742
9 0.30273660205245156 0.8661290322580645 0.013112884834663626 0.01935483870967742
4 0.5285062713797035 0.8641129032258065 0.013112884834663626 0.01935483870967742