10 0.7510885341074021 0.8480615735461802 0.007901951298177712 0.013683010262257697
10 0.33760683760683763 0.8004561003420753 0.007901951298177712 0.013683010262257697
7 0.33760683760683763 0.7183580387685291 0.007901951298177712 0.013683010262257697
7 0.495000806321561 0.24629418472063855 0.007901951298177712 0.013683010262257697
11 0.30793420416061923 0.8814139110604333 0.007901951298177712 0.013683010262257697
3 0.9599258184163845 0.895096921322691 0.007901951298177712 0.013683010262257697
10 0.3414771810998226 0.468072976054732 0.007901951298177712 0.013683010262257697
4 0.7178680857926141 0.17930444697833522 0.007901951298177712 0.013683010262257697
3 0.5261248185776488 0.32696693272519955 0.007901951298177712 0.013683010262257697
11 0.3564747621351395 0.24629418472063855 0.007901951298177712 0.013683010262257697
12 0.49564586357039186 0.4284492588369441 0.007901951298177712 0.013683010262257697
10 0.3259958071278826 0.2668187001140251 0.007901951298177712 0.013683010262257697
10 0.3261570714400903 0.40849486887115166 0.007901951298177712 0.013683010262257697