0 0.21336944127708096 0.425 0.033352337514253136 0.020967741935483872
10 0.8978050171037628 0.6201612903225806 0.02708095781071836 0.02338709677419355
10 0.7363169897377423 0.8754032258064516 0.013112884834663626 0.01935483870967742
10 0.7363169897377423 0.8459677419354839 0.013112884834663626 0.01935483870967742
7 0.34763397947548463 0.697983870967742 0.016818700114025087 0.01935483870967742
10 0.6942702394526796 0.3725806451612903 0.016818700114025087 0.01935483870967742
1 0.30273660205245156 0.8661290322580645 0.013112884834663626 0.01935483870967742
10 0.5276510832383124 0.8879032258064516 0.013112884834663626 0.01935483870967742
0 0.30273660205245156 0.8358870967741936 0.013112884834663626 0.01935483870967742
12 0.4847491448118586 0.6391129032258065 0.016818700114025087 0.01935483870967742
0 0.7363169897377423 0.9032258064516129 0.013112884834663626 0.01935483870967742
10 0.51154503990878 0.3153225806451613 0.016818700114025087 0.01935483870967742
0 0.5276510832383124 0.8387096774193549 0.013112884834663626 0.01935483870967742