4 0.22902684563758388 0.2615658362989324 0.008389261744966443 0.013048635824436536
8 0.5167785234899329 0.4988137603795967 0.008389261744966443 0.013048635824436536
5 0.22902684563758388 0.31494661921708184 0.008389261744966443 0.013048635824436536
10 0.6031879194630873 0.8404507710557533 0.008389261744966443 0.013048635824436536
9 0.8062080536912751 0.47983392645314354 0.008389261744966443 0.013048635824436536
5 0.2600671140939597 0.3125741399762752 0.008389261744966443 0.013048635824436536
8 0.8145973154362416 0.9104389086595492 0.008389261744966443 0.013048635824436536
3 0.5419463087248322 0.43001186239620404 0.008389261744966443 0.013048635824436536
9 0.20553691275167785 0.33155397390272834 0.008389261744966443 0.013048635824436536
10 0.30201342281879195 0.8819691577698695 0.008389261744966443 0.013048635824436536
12 0.8070469798657718 0.6589561091340451 0.008389261744966443 0.013048635824436536
12 0.4773489932885906 0.6281138790035588 0.008389261744966443 0.013048635824436536