2 0.014693534844668345 0.49940688018979834 0.009235936188077247 0.009489916963226572
0 0.6087321578505458 0.2111506524317912 0.010075566750629723 0.014234875444839857
10 0.17170445004198154 0.3701067615658363 0.009235936188077247 0.009489916963226572
9 0.6221662468513854 0.15658362989323843 0.010075566750629723 0.014234875444839857
9 0.6095717884130982 0.2846975088967972 0.010075566750629723 0.014234875444839857
10 0.5071368597816961 0.36061684460260973 0.010075566750629723 0.014234875444839857
10 0.6221662468513854 0.1376037959667853 0.010075566750629723 0.014234875444839857
10 0.5071368597816961 0.34519572953736655 0.010075566750629723 0.014234875444839857
0 0.17170445004198154 0.3570581257413998 0.009235936188077247 0.009489916963226572
10 0.023089840470193114 0.31198102016607354 0.01595298068849706 0.02372479240806643
3 0.5188916876574308 0.34519572953736655 0.010075566750629723 0.014234875444839857
1 0.5734676742233418 0.265717674970344 0.010075566750629723 0.014234875444839857
4 0.5608732157850546 0.15658362989323843 0.010075566750629723 0.014234875444839857
7 0.5197313182199832 0.265717674970344 0.010075566750629723 0.014234875444839857
5 0.014693534844668345 0.5160142348754448 0.009235936188077247 0.009489916963226572