12 0.8733221476510067 0.09786476868327403 0.008389261744966443 0.013048635824436536
9 0.8145973154362416 0.9104389086595492 0.008389261744966443 0.013048635824436536
0 0.9672818791946308 0.5498220640569395 0.008389261744966443 0.013048635824436536
0 0.6057046979865772 0.6435349940688019 0.008389261744966443 0.013048635824436536
9 0.2600671140939597 0.3125741399762752 0.008389261744966443 0.013048635824436536
10 0.613255033557047 0.19750889679715303 0.008389261744966443 0.013048635824436536
6 0.23573825503355705 0.5011862396204033 0.008389261744966443 0.013048635824436536
8 0.8296979865771812 0.9092526690391459 0.008389261744966443 0.013048635824436536
10 0.05285234899328859 0.9122182680901542 0.006711409395973154 0.009489916963226572
10 0.9672818791946308 0.4988137603795967 0.008389261744966443 0.013048635824436536
0 0.5679530201342282 0.3766310794780546 0.008389261744966443 0.013048635824436536
6 0.613255033557047 0.23309608540925267 0.008389261744966443 0.013048635824436536