0 0.30188141391106044 0.8955645161290322 0.013112884834663626 0.01935483870967742
10 0.5276510832383124 0.9141129032258064 0.013112884834663626 0.01935483870967742
4 0.7363169897377423 0.8459677419354839 0.013112884834663626 0.01935483870967742
10 0.7363169897377423 0.8754032258064516 0.013112884834663626 0.01935483870967742
0 0.7202109464082098 0.6201612903225806 0.02708095781071836 0.02338709677419355
11 0.6948403648802737 0.3439516129032258 0.016818700114025087 0.01935483870967742
10 0.7363169897377423 0.9604838709677419 0.013112884834663626 0.01935483870967742
0 0.34763397947548463 0.697983870967742 0.016818700114025087 0.01935483870967742
0 0.8710091220068416 0.2979838709677419 0.016818700114025087 0.01935483870967742
8 0.9370011402508552 0.8455645161290323 0.013112884834663626 0.01935483870967742
10 0.08338084378563283 0.6838709677419355 0.033352337514253136 0.020967741935483872
4 0.9615165336374002 0.8887096774193548 0.013112884834663626 0.01935483870967742
0 0.8978050171037628 0.6201612903225806 0.02708095781071836 0.02338709677419355