10 0.5285062713797035 0.8641129032258065 0.013112884834663626 0.01935483870967742
0 0.27765108323831245 0.8673387096774193 0.013112884834663626 0.01935483870967742
6 0.5276510832383124 0.9141129032258064 0.013112884834663626 0.01935483870967742
10 0.5276510832383124 0.964516129032258 0.013112884834663626 0.01935483870967742
0 0.34763397947548463 0.725 0.016818700114025087 0.01935483870967742
10 0.5025655644241733 0.9641129032258065 0.013112884834663626 0.01935483870967742
2 0.7363169897377423 0.8754032258064516 0.013112884834663626 0.01935483870967742
0 0.34806157354618017 0.6709677419354839 0.01767388825541619 0.01935483870967742
10 0.8710091220068416 0.2979838709677419 0.016818700114025087 0.01935483870967742
11 0.9370011402508552 0.8455645161290323 0.013112884834663626 0.01935483870967742
10 0.6948403648802737 0.3439516129032258 0.016818700114025087 0.01935483870967742
1 0.34734891676168755 0.6427419354838709 0.016248574686431014 0.01532258064516129
10 0.7363169897377423 0.932258064516129 0.013112884834663626 0.01935483870967742