1 0.6694887921303015 0.620866590649943 0.007901951298177712 0.013683010262257697
3 0.47742299629092083 0.40849486887115166 0.007901951298177712 0.013683010262257697
10 0.4780680535397517 0.4888825541619156 0.007901951298177712 0.013683010262257697
10 0.3259958071278826 0.24629418472063855 0.007901951298177712 0.013683010262257697
0 0.8604257377842284 0.39481185860889395 0.007901951298177712 0.013683010262257697
1 0.33760683760683763 0.8269669327251995 0.007901951298177712 0.013683010262257697
10 0.3229317851959361 0.7451539338654504 0.007901951298177712 0.013683010262257697
10 0.49580712788259956 0.36801596351197263 0.007901951298177712 0.013683010262257697
0 0.5109659732301242 0.3674458380843786 0.007901951298177712 0.013683010262257697
10 0.5109659732301242 0.4484036488027366 0.007901951298177712 0.013683010262257697
0 0.3259958071278826 0.2668187001140251 0.007901951298177712 0.013683010262257697