10 0.8968120805369127 0.09905100830367734 0.008389261744966443 0.013048635824436536
1 0.20469798657718122 0.34934756820877816 0.008389261744966443 0.013048635824436536
10 0.9731543624161074 0.32562277580071175 0.008389261744966443 0.013048635824436536
10 0.22902684563758388 0.36595492289442466 0.008389261744966443 0.013048635824436536
11 0.19546979865771813 0.7384341637010676 0.008389261744966443 0.013048635824436536
10 0.462248322147651 0.19750889679715303 0.008389261744966443 0.013048635824436536
10 0.6048657718120806 0.6091340450771056 0.008389261744966443 0.013048635824436536
10 0.5679530201342282 0.4454329774614472 0.008389261744966443 0.013048635824436536
10 0.22902684563758388 0.2959667852906287 0.008389261744966443 0.013048635824436536
0 0.9664429530201343 0.5688018979833926 0.008389261744966443 0.013048635824436536
10 0.22651006711409397 0.6838671411625148 0.008389261744966443 0.013048635824436536
10 0.3011744966442953 0.8997627520759194 0.008389261744966443 0.013048635824436536
7 0.14513422818791946 0.8760379596678529 0.008389261744966443 0.013048635824436536