10 0.5419463087248322 0.37544483985765126 0.008389261744966443 0.013048635824436536
10 0.5411073825503355 0.4110320284697509 0.008389261744966443 0.013048635824436536
0 0.19546979865771813 0.7218268090154211 0.008389261744966443 0.013048635824436536
7 0.924496644295302 0.28647686832740216 0.008389261744966443 0.013048635824436536
10 0.9010067114093959 0.32562277580071175 0.008389261744966443 0.013048635824436536
10 0.5167785234899329 0.4288256227758007 0.008389261744966443 0.013048635824436536
1 0.30201342281879195 0.8463819691577699 0.008389261744966443 0.013048635824436536
8 0.22986577181208054 0.33155397390272834 0.008389261744966443 0.013048635824436536
1 0.14513422818791946 0.8938315539739027 0.008389261744966443 0.013048635824436536
0 0.9664429530201343 0.533214709371293 0.008389261744966443 0.013048635824436536
10 0.5679530201342282 0.3766310794780546 0.008389261744966443 0.013048635824436536