12 0.5566750629722922 0.32977461447212336 0.010075566750629723 0.014234875444839857
7 0.023089840470193114 0.46144721233689207 0.01595298068849706 0.02372479240806643
4 0.6087321578505458 0.26334519572953735 0.010075566750629723 0.014234875444839857
4 0.5079764903442485 0.17319098457888493 0.010075566750629723 0.014234875444839857
12 0.5205709487825357 0.2846975088967972 0.010075566750629723 0.014234875444839857
11 0.5734676742233418 0.19217081850533807 0.010075566750629723 0.014234875444839857
6 0.17338371116708648 0.5183867141162515 0.009235936188077247 0.009489916963226572
1 0.023089840470193114 0.31198102016607354 0.01595298068849706 0.02372479240806643
10 0.1809403862300588 0.2918149466192171 0.01595298068849706 0.02372479240806643
3 0.5608732157850546 0.1376037959667853 0.010075566750629723 0.014234875444839857
12 0.5071368597816961 0.2111506524317912 0.010075566750629723 0.014234875444839857