0 0.34734891676168755 0.6427419354838709 0.016248574686431014 0.01532258064516129
0 0.08338084378563283 0.6838709677419355 0.033352337514253136 0.020967741935483872
4 0.8710091220068416 0.2979838709677419 0.016818700114025087 0.01935483870967742
0 0.21336944127708096 0.425 0.033352337514253136 0.020967741935483872
11 0.5028506271379704 0.8637096774193549 0.013112884834663626 0.01935483870967742
0 0.5276510832383124 0.9141129032258064 0.013112884834663626 0.01935483870967742
10 0.7363169897377423 0.932258064516129 0.013112884834663626 0.01935483870967742
11 0.34763397947548463 0.725 0.016818700114025087 0.01935483870967742
12 0.8978050171037628 0.6201612903225806 0.02708095781071836 0.02338709677419355
0 0.3675883694412771 0.425 0.033352337514253136 0.020967741935483872
10 0.7363169897377423 0.8754032258064516 0.013112884834663626 0.01935483870967742
11 0.30188141391106044 0.8955645161290322 0.013112884834663626 0.01935483870967742
0 0.6948403648802737 0.3439516129032258 0.016818700114025087 0.01935483870967742
0 0.5034207525655644 0.9153225806451613 0.013112884834663626 0.01935483870967742
12 0.9370011402508552 0.8455645161290323 0.013112884834663626 0.01935483870967742