12 0.12231898080954685 0.30188141391106044 0.007901951298177712 0.013683010262257697
2 0.3084179970972424 0.24629418472063855 0.007901951298177712 0.013683010262257697
10 0.3566360264473472 0.26653363740022806 0.007901951298177712 0.013683010262257697
11 0.08684083212385099 0.685860889395667 0.007901951298177712 0.013683010262257697
3 0.3414771810998226 0.4284492588369441 0.007901951298177712 0.013683010262257697
5 0.3259958071278826 0.44783352337514254 0.007901951298177712 0.013683010262257697
1 0.6944847605224964 0.21949828962371723 0.007901951298177712 0.013683010262257697
3 0.4779067892275439 0.4284492588369441 0.007901951298177712 0.013683010262257697
7 0.5256410256410257 0.24572405929304447 0.007901951298177712 0.013683010262257697
0 0.28326076439283987 0.7186431014823261 0.007901951298177712 0.013683010262257697
2 0.8157555233026931 0.8942417331812998 0.007901951298177712 0.013683010262257697