5 0.6095717884130982 0.2846975088967972 0.010075566750629723 0.014234875444839857
0 0.6087321578505458 0.24673784104389088 0.010075566750629723 0.014234875444839857
0 0.5608732157850546 0.2277580071174377 0.010075566750629723 0.014234875444839857
4 0.014693534844668345 0.8185053380782918 0.009235936188077247 0.009489916963226572
9 0.5608732157850546 0.20877817319098457 0.010075566750629723 0.014234875444839857
5 0.5566750629722922 0.5088967971530249 0.010075566750629723 0.014234875444839857
8 0.5734676742233418 0.1376037959667853 0.010075566750629723 0.014234875444839857
8 0.5079764903442485 0.1376037959667853 0.010075566750629723 0.014234875444839857
4 0.5566750629722922 0.527876631079478 0.010075566750629723 0.014234875444839857
10 0.5734676742233418 0.15658362989323843 0.010075566750629723 0.014234875444839857
6 0.17170445004198154 0.3274021352313167 0.009235936188077247 0.009489916963226572
12 0.014693534844668345 0.6690391459074733 0.009235936188077247 0.009489916963226572
7 0.5608732157850546 0.1376037959667853 0.010075566750629723 0.014234875444839857
4 0.5734676742233418 0.2823250296559905 0.010075566750629723 0.014234875444839857