2 0.9672818791946308 0.46322657176749704 0.008389261744966443 0.013048635824436536
0 0.5167785234899329 0.4288256227758007 0.008389261744966443 0.013048635824436536
5 0.19546979865771813 0.7218268090154211 0.008389261744966443 0.013048635824436536
9 0.22651006711409397 0.7372479240806643 0.008389261744966443 0.013048635824436536
10 0.8145973154362416 0.9258600237247924 0.008389261744966443 0.013048635824436536
2 0.9731543624161074 0.3766310794780546 0.008389261744966443 0.013048635824436536
10 0.9010067114093959 0.32562277580071175 0.008389261744966443 0.013048635824436536
2 0.5679530201342282 0.4454329774614472 0.008389261744966443 0.013048635824436536
6 0.5176174496644296 0.44661921708185054 0.008389261744966443 0.013048635824436536
8 0.30201342281879195 0.8641755634638197 0.008389261744966443 0.013048635824436536
11 0.4773489932885906 0.6814946619217082 0.008389261744966443 0.013048635824436536
9 0.8145973154362416 0.8938315539739027 0.008389261744966443 0.013048635824436536
10 0.20469798657718122 0.24258600237247924 0.008389261744966443 0.013048635824436536
11 0.2902684563758389 0.36595492289442466 0.008389261744966443 0.013048635824436536
7 0.22651006711409397 0.7016607354685647 0.008389261744966443 0.013048635824436536