11 0.49580712788259956 0.46864310148232613 0.007901951298177712 0.013683010262257697
8 0.7517335913562329 0.8956670467502851 0.007901951298177712 0.013683010262257697
0 0.3082567327850347 0.48945267958950966 0.007901951298177712 0.013683010262257697
11 0.7510885341074021 0.8480615735461802 0.007901951298177712 0.013683010262257697
11 0.3564747621351395 0.30672748004561 0.007901951298177712 0.013683010262257697
2 0.6146589259796807 0.3922462941847206 0.007901951298177712 0.013683010262257697
7 0.30728914691178844 0.8281071835803877 0.007901951298177712 0.013683010262257697
2 0.5262860828898565 0.3070125427594071 0.007901951298177712 0.013683010262257697
9 0.3229317851959361 0.7996009122006842 0.007901951298177712 0.013683010262257697
1 0.3414771810998226 0.3278221208665906 0.007901951298177712 0.013683010262257697
2 0.6519109820996614 0.6445267958950969 0.007901951298177712 0.013683010262257697
12 0.3259958071278826 0.36801596351197263 0.007901951298177712 0.013683010262257697
1 0.5261248185776488 0.32696693272519955 0.007901951298177712 0.013683010262257697