6 0.5389110604332953 0.6366935483870968 0.016818700114025087 0.01935483870967742
0 0.51154503990878 0.3153225806451613 0.016818700114025087 0.01935483870967742
10 0.27765108323831245 0.8673387096774193 0.013112884834663626 0.01935483870967742
10 0.3675883694412771 0.425 0.033352337514253136 0.020967741935483872
10 0.34806157354618017 0.6709677419354839 0.01767388825541619 0.01935483870967742
0 0.5034207525655644 0.9153225806451613 0.013112884834663626 0.01935483870967742
10 0.34734891676168755 0.6427419354838709 0.016248574686431014 0.01532258064516129
7 0.5276510832383124 0.9141129032258064 0.013112884834663626 0.01935483870967742
10 0.9615165336374002 0.8887096774193548 0.013112884834663626 0.01935483870967742
10 0.2127993158494869 0.6838709677419355 0.033352337514253136 0.020967741935483872
10 0.21336944127708096 0.425 0.033352337514253136 0.020967741935483872