12 0.28309950008063217 0.6907069555302167 0.007901951298177712 0.013683010262257697
7 0.3564747621351395 0.36801596351197263 0.007901951298177712 0.013683010262257697
0 0.47774552491533623 0.5088369441277081 0.007901951298177712 0.013683010262257697
4 0.5114497661667473 0.5096921322690992 0.007901951298177712 0.013683010262257697
5 0.3261570714400903 0.3879703534777651 0.007901951298177712 0.013683010262257697
9 0.3414771810998226 0.4284492588369441 0.007901951298177712 0.013683010262257697
11 0.3566360264473472 0.28677309007981755 0.007901951298177712 0.013683010262257697
10 0.5596677955168521 0.9236031927023945 0.007901951298177712 0.013683010262257697
0 0.3259958071278826 0.4278791334093501 0.007901951298177712 0.013683010262257697
8 0.32244799225931303 0.8263968072976055 0.007901951298177712 0.013683010262257697
3 0.7507660054829867 0.4184720638540479 0.007901951298177712 0.013683010262257697
7 0.4779067892275439 0.306442417331813 0.007901951298177712 0.013683010262257697