6 0.947986577181208 0.32443653618030843 0.008389261744966443 0.013048635824436536
0 0.5419463087248322 0.37544483985765126 0.008389261744966443 0.013048635824436536
2 0.6031879194630873 0.9116251482799526 0.008389261744966443 0.013048635824436536
9 0.23573825503355705 0.5011862396204033 0.008389261744966443 0.013048635824436536
10 0.2902684563758389 0.2781731909845789 0.008389261744966443 0.013048635824436536
0 0.2516778523489933 0.6838671411625148 0.008389261744966443 0.013048635824436536
10 0.613255033557047 0.18090154211150652 0.008389261744966443 0.013048635824436536
2 0.5167785234899329 0.41340450771055753 0.008389261744966443 0.013048635824436536
3 0.462248322147651 0.1619217081850534 0.008389261744966443 0.013048635824436536
6 0.613255033557047 0.23309608540925267 0.008389261744966443 0.013048635824436536
11 0.22651006711409397 0.7206405693950177 0.008389261744966443 0.013048635824436536
10 0.22986577181208054 0.33155397390272834 0.008389261744966443 0.013048635824436536
6 0.4773489932885906 0.6637010676156584 0.008389261744966443 0.013048635824436536