6 0.5028506271379704 0.8637096774193549 0.013112884834663626 0.01935483870967742
0 0.30273660205245156 0.8661290322580645 0.013112884834663626 0.01935483870967742
2 0.30188141391106044 0.8955645161290322 0.013112884834663626 0.01935483870967742
4 0.9370011402508552 0.8455645161290323 0.013112884834663626 0.01935483870967742
1 0.7363169897377423 0.932258064516129 0.013112884834663626 0.01935483870967742
7 0.5276510832383124 0.9395161290322581 0.013112884834663626 0.01935483870967742
0 0.34806157354618017 0.6709677419354839 0.01767388825541619 0.01935483870967742
3 0.27765108323831245 0.8673387096774193 0.013112884834663626 0.01935483870967742
7 0.21336944127708096 0.425 0.033352337514253136 0.020967741935483872
0 0.6934150513112884 0.3157258064516129 0.016818700114025087 0.01935483870967742
8 0.5025655644241733 0.9403225806451613 0.013112884834663626 0.01935483870967742