1 0.5608732157850546 0.15658362989323843 0.010075566750629723 0.014234875444839857
3 0.014693534844668345 0.6690391459074733 0.009235936188077247 0.009489916963226572
3 0.5608732157850546 0.26334519572953735 0.010075566750629723 0.014234875444839857
2 0.17338371116708648 0.6512455516014235 0.009235936188077247 0.009489916963226572
2 0.5734676742233418 0.17319098457888493 0.010075566750629723 0.014234875444839857
7 0.6221662468513854 0.17437722419928825 0.010075566750629723 0.014234875444839857
2 0.023089840470193114 0.18861209964412812 0.014273719563392108 0.018979833926453145
0 0.5617128463476071 0.19217081850533807 0.010075566750629723 0.014234875444839857
11 0.5205709487825357 0.2846975088967972 0.010075566750629723 0.014234875444839857
2 0.6087321578505458 0.26334519572953735 0.010075566750629723 0.014234875444839857
3 0.5079764903442485 0.19217081850533807 0.010075566750629723 0.014234875444839857
5 0.5608732157850546 0.1376037959667853 0.010075566750629723 0.014234875444839857
3 0.023089840470193114 0.46144721233689207 0.01595298068849706 0.02372479240806643