10 0.19546979865771813 0.6672597864768683 0.008389261744966443 0.013048635824436536
6 0.8959731543624161 0.14768683274021352 0.008389261744966443 0.013048635824436536
6 0.6057046979865772 0.6435349940688019 0.008389261744966443 0.013048635824436536
6 0.19546979865771813 0.7218268090154211 0.008389261744966443 0.013048635824436536
10 0.8808724832214765 0.34223013048635825 0.008389261744966443 0.013048635824436536
9 0.9723154362416108 0.3066429418742586 0.008389261744966443 0.013048635824436536
0 0.2902684563758389 0.34934756820877816 0.008389261744966443 0.013048635824436536
9 0.5419463087248322 0.4833926453143535 0.008389261744966443 0.013048635824436536
12 0.4773489932885906 0.6969157769869514 0.008389261744966443 0.013048635824436536
6 0.5411073825503355 0.4110320284697509 0.008389261744966443 0.013048635824436536
9 0.6031879194630873 0.895017793594306 0.008389261744966443 0.013048635824436536
12 0.2600671140939597 0.2781731909845789 0.008389261744966443 0.013048635824436536
11 0.20553691275167785 0.33155397390272834 0.008389261744966443 0.013048635824436536
7 0.6031879194630873 0.8594306049822064 0.008389261744966443 0.013048635824436536
2 0.5176174496644296 0.44661921708185054 0.008389261744966443 0.013048635824436536