11 0.4773489932885906 0.6637010676156584 0.008389261744966443 0.013048635824436536
7 0.8145973154362416 0.9104389086595492 0.008389261744966443 0.013048635824436536
8 0.9748322147651006 0.7218268090154211 0.008389261744966443 0.013048635824436536
3 0.3011744966442953 0.8997627520759194 0.008389261744966443 0.013048635824436536
12 0.22986577181208054 0.22597864768683273 0.008389261744966443 0.013048635824436536
12 0.22902684563758388 0.36595492289442466 0.008389261744966443 0.013048635824436536
12 0.5679530201342282 0.3766310794780546 0.008389261744966443 0.013048635824436536
5 0.8733221476510067 0.11447212336892053 0.008389261744966443 0.013048635824436536
10 0.462248322147651 0.1619217081850534 0.008389261744966443 0.013048635824436536
9 0.19463087248322147 0.702846975088968 0.008389261744966443 0.013048635824436536
5 0.2902684563758389 0.33155397390272834 0.008389261744966443 0.013048635824436536
9 0.22902684563758388 0.31494661921708184 0.008389261744966443 0.013048635824436536
1 0.25083892617449666 0.7372479240806643 0.008389261744966443 0.013048635824436536
4 0.5419463087248322 0.4833926453143535 0.008389261744966443 0.013048635824436536
9 0.5419463087248322 0.3956109134045077 0.008389261744966443 0.013048635824436536