10 0.299929676511955 0.7365451388888888 0.009142053445850914 0.014756944444444444
8 0.10021097046413502 0.5811631944444444 0.009142053445850914 0.014756944444444444
11 0.5580168776371308 0.6710069444444444 0.009142053445850914 0.012152777777777778
0 0.5559071729957806 0.8428819444444444 0.009142053445850914 0.012152777777777778
11 0.5552039381153305 0.7673611111111112 0.009142053445850914 0.012152777777777778
11 0.5580168776371308 0.4852430555555556 0.009142053445850914 0.012152777777777778
0 0.5580168776371308 0.1423611111111111 0.009142053445850914 0.012152777777777778
10 0.3020393811533052 0.7113715277777778 0.009142053445850914 0.014756944444444444
0 0.5552039381153305 0.7847222222222222 0.009142053445850914 0.012152777777777778
10 0.5566104078762306 0.6892361111111112 0.009142053445850914 0.012152777777777778
10 0.5566104078762306 0.4375 0.009142053445850914 0.012152777777777778
12 0.2661744022503516 0.7365451388888888 0.009142053445850914 0.014756944444444444
10 0.5566104078762306 0.8810763888888888 0.009142053445850914 0.012152777777777778