12 0.26547116736990156 0.86328125 0.009142053445850914 0.014756944444444444
6 0.5566104078762306 0.6310763888888888 0.009142053445850914 0.012152777777777778
5 0.30063291139240506 0.8893229166666666 0.009142053445850914 0.014756944444444444
10 0.5559071729957806 0.9192708333333334 0.009142053445850914 0.012152777777777778
10 0.22749648382559776 0.2764756944444444 0.009142053445850914 0.014756944444444444
11 0.22609001406469761 0.3120659722222222 0.009142053445850914 0.014756944444444444
9 0.2795358649789029 0.1449652777777778 0.009142053445850914 0.012152777777777778
0 0.5573136427566807 0.08159722222222222 0.009142053445850914 0.012152777777777778
10 0.26476793248945146 0.5464409722222222 0.009142053445850914 0.014756944444444444
0 0.22538677918424754 0.5464409722222222 0.009142053445850914 0.014756944444444444
0 0.30133614627285515 0.8138020833333334 0.009142053445850914 0.014756944444444444
2 0.22679324894514769 0.2339409722222222 0.009142053445850914 0.014756944444444444
0 0.10021097046413502 0.5811631944444444 0.009142053445850914 0.014756944444444444