9 0.5566104078762306 0.6310763888888888 0.009142053445850914 0.012152777777777778
4 0.22749648382559776 0.4457465277777778 0.009142053445850914 0.014756944444444444
7 0.22749648382559776 0.3424479166666667 0.009142053445850914 0.014756944444444444
6 0.5559071729957806 0.9383680555555556 0.009142053445850914 0.012152777777777778
4 0.22749648382559776 0.4110243055555556 0.009142053445850914 0.014756944444444444
5 0.26547116736990156 0.2339409722222222 0.009142053445850914 0.014756944444444444
2 0.30133614627285515 0.8138020833333334 0.009142053445850914 0.014756944444444444
11 0.5559071729957806 0.9192708333333334 0.009142053445850914 0.012152777777777778
2 0.26547116736990156 0.8381076388888888 0.009142053445850914 0.014756944444444444
8 0.2633614627285513 0.5794270833333334 0.009142053445850914 0.014756944444444444
0 0.2668776371308017 0.7634548611111112 0.009142053445850914 0.014756944444444444
7 0.26476793248945146 0.3763020833333333 0.009142053445850914 0.014756944444444444
4 0.2640646976090014 0.16536458333333334 0.009142053445850914 0.014756944444444444
7 0.5559071729957806 0.1605902777777778 0.009142053445850914 0.012152777777777778