9 0.5573136427566807 0.10416666666666667 0.009142053445850914 0.012152777777777778
2 0.30063291139240506 0.9153645833333334 0.009142053445850914 0.014756944444444444
4 0.2661744022503516 0.4422743055555556 0.009142053445850914 0.014756944444444444
10 0.2795358649789029 0.1449652777777778 0.009142053445850914 0.012152777777777778
5 0.22538677918424754 0.5464409722222222 0.009142053445850914 0.014756944444444444
0 0.5566104078762306 0.2847222222222222 0.009142053445850914 0.012152777777777778
7 0.2668776371308017 0.7634548611111112 0.009142053445850914 0.014756944444444444
9 0.5559071729957806 0.9192708333333334 0.009142053445850914 0.012152777777777778
7 0.5573136427566807 0.5121527777777778 0.009142053445850914 0.012152777777777778
0 0.26476793248945146 0.2009548611111111 0.009142053445850914 0.014756944444444444
0 0.26476793248945146 0.27734375 0.009142053445850914 0.014756944444444444
5 0.26476793248945146 0.3763020833333333 0.009142053445850914 0.014756944444444444