10 0.5566104078762306 0.9583333333333334 0.009142053445850914 0.012152777777777778
0 0.5566104078762306 0.4375 0.009142053445850914 0.012152777777777778
10 0.2661744022503516 0.5134548611111112 0.009142053445850914 0.014756944444444444
4 0.30063291139240506 0.8381076388888888 0.009142053445850914 0.014756944444444444
3 0.5552039381153305 0.3576388888888889 0.009142053445850914 0.012152777777777778
12 0.5559071729957806 0.7465277777777778 0.009142053445850914 0.012152777777777778
0 0.2661744022503516 0.7877604166666666 0.009142053445850914 0.014756944444444444
6 0.2661744022503516 0.4422743055555556 0.009142053445850914 0.014756944444444444
0 0.22749648382559776 0.4110243055555556 0.009142053445850914 0.014756944444444444
11 0.26547116736990156 0.2339409722222222 0.009142053445850914 0.014756944444444444
11 0.5559071729957806 0.8255208333333334 0.009142053445850914 0.012152777777777778
0 0.5580168776371308 0.12239583333333333 0.009142053445850914 0.012152777777777778
0 0.2633614627285513 0.5794270833333334 0.009142053445850914 0.014756944444444444
0 0.5566104078762306 0.8810763888888888 0.009142053445850914 0.012152777777777778