0 0.10021097046413502 0.5811631944444444 0.009142053445850914 0.014756944444444444
0 0.5566104078762306 0.9001736111111112 0.009142053445850914 0.012152777777777778
7 0.26547116736990156 0.3433159722222222 0.009142053445850914 0.014756944444444444
9 0.22749648382559776 0.4110243055555556 0.009142053445850914 0.014756944444444444
6 0.26758087201125175 0.7096354166666666 0.009142053445850914 0.014756944444444444
10 0.22609001406469761 0.14453125 0.009142053445850914 0.014756944444444444
10 0.299929676511955 0.7365451388888888 0.009142053445850914 0.014756944444444444
8 0.5559071729957806 0.8428819444444444 0.009142053445850914 0.012152777777777778
11 0.26476793248945146 0.2009548611111111 0.009142053445850914 0.014756944444444444
10 0.26547116736990156 0.8381076388888888 0.009142053445850914 0.014756944444444444
9 0.5566104078762306 0.8810763888888888 0.009142053445850914 0.012152777777777778