8 0.5559071729957806 0.7465277777777778 0.009142053445850914 0.012152777777777778
0 0.5566104078762306 0.4635416666666667 0.009142053445850914 0.012152777777777778
3 0.2795358649789029 0.1449652777777778 0.009142053445850914 0.012152777777777778
10 0.5566104078762306 0.7092013888888888 0.009142053445850914 0.012152777777777778
0 0.5573136427566807 0.10416666666666667 0.009142053445850914 0.012152777777777778
2 0.5552039381153305 0.7847222222222222 0.009142053445850914 0.012152777777777778
6 0.5580168776371308 0.4852430555555556 0.009142053445850914 0.012152777777777778
6 0.5559071729957806 0.1605902777777778 0.009142053445850914 0.012152777777777778
8 0.299929676511955 0.7365451388888888 0.009142053445850914 0.014756944444444444
6 0.2661744022503516 0.8146701388888888 0.009142053445850914 0.014756944444444444
11 0.5559071729957806 0.9383680555555556 0.009142053445850914 0.012152777777777778