9 0.5559071729957806 0.8255208333333334 0.009142053445850914 0.012152777777777778
2 0.2661744022503516 0.8146701388888888 0.009142053445850914 0.014756944444444444
4 0.5552039381153305 0.7847222222222222 0.009142053445850914 0.012152777777777778
10 0.26476793248945146 0.2009548611111111 0.009142053445850914 0.014756944444444444
12 0.22609001406469761 0.14453125 0.009142053445850914 0.014756944444444444
0 0.2661744022503516 0.7877604166666666 0.009142053445850914 0.014756944444444444
10 0.10021097046413502 0.5811631944444444 0.009142053445850914 0.014756944444444444
0 0.2289029535864979 0.51171875 0.009142053445850914 0.014756944444444444
7 0.26476793248945146 0.3111979166666667 0.009142053445850914 0.014756944444444444
1 0.24859353023909986 0.14366319444444445 0.009142053445850914 0.014756944444444444
7 0.5566104078762306 0.6892361111111112 0.009142053445850914 0.012152777777777778
6 0.26476793248945146 0.3763020833333333 0.009142053445850914 0.014756944444444444
0 0.5552039381153305 0.8046875 0.009142053445850914 0.012152777777777778
1 0.5566104078762306 0.4375 0.009142053445850914 0.012152777777777778
4 0.22609001406469761 0.3120659722222222 0.009142053445850914 0.014756944444444444