10 0.5580168776371308 0.1423611111111111 0.009142053445850914 0.012152777777777778
10 0.22749648382559776 0.2764756944444444 0.009142053445850914 0.014756944444444444
4 0.5566104078762306 0.2847222222222222 0.009142053445850914 0.012152777777777778
11 0.26476793248945146 0.2009548611111111 0.009142053445850914 0.014756944444444444
0 0.22679324894514769 0.2339409722222222 0.009142053445850914 0.014756944444444444
0 0.2661744022503516 0.5134548611111112 0.009142053445850914 0.014756944444444444
0 0.26547116736990156 0.8901909722222222 0.009142053445850914 0.014756944444444444
11 0.26476793248945146 0.5464409722222222 0.009142053445850914 0.014756944444444444
10 0.2661744022503516 0.8146701388888888 0.009142053445850914 0.014756944444444444
10 0.5573136427566807 0.2170138888888889 0.009142053445850914 0.012152777777777778
8 0.2289029535864979 0.51171875 0.009142053445850914 0.014756944444444444
10 0.30063291139240506 0.9153645833333334 0.009142053445850914 0.014756944444444444
7 0.26476793248945146 0.27734375 0.009142053445850914 0.014756944444444444