0 0.22679324894514769 0.20182291666666666 0.009142053445850914 0.014756944444444444
0 0.5580168776371308 0.1423611111111111 0.009142053445850914 0.012152777777777778
1 0.10021097046413502 0.5811631944444444 0.009142053445850914 0.014756944444444444
10 0.26476793248945146 0.2009548611111111 0.009142053445850914 0.014756944444444444
11 0.5552039381153305 0.7291666666666666 0.009142053445850914 0.012152777777777778
5 0.5552039381153305 0.3576388888888889 0.009142053445850914 0.012152777777777778
10 0.2795358649789029 0.1449652777777778 0.009142053445850914 0.012152777777777778
4 0.22749648382559776 0.4110243055555556 0.009142053445850914 0.014756944444444444
5 0.26547116736990156 0.8901909722222222 0.009142053445850914 0.014756944444444444
7 0.5559071729957806 0.1831597222222222 0.009142053445850914 0.012152777777777778
0 0.5573136427566807 0.10416666666666667 0.009142053445850914 0.012152777777777778