0 0.18359375 0.6397790055248619 0.00859375 0.011049723756906077
10 0.1625 0.2861878453038674 0.00859375 0.011049723756906077
10 0.641796875 0.24972375690607734 0.00859375 0.011049723756906077
0 0.6421875 0.7337016574585635 0.00859375 0.011049723756906077
0 0.891015625 0.5176795580110497 0.00859375 0.011049723756906077
4 0.956640625 0.5176795580110497 0.00859375 0.011049723756906077
10 0.891796875 0.48066298342541436 0.00859375 0.011049723756906077
0 0.18359375 0.8939226519337017 0.00859375 0.011049723756906077
0 0.44921875 0.43701657458563536 0.00859375 0.011049723756906077
0 0.1640625 0.6961325966850829 0.00859375 0.011049723756906077
0 0.95546875 0.32486187845303865 0.00859375 0.011049723756906077
11 0.6421875 0.6176795580110497 0.00859375 0.011049723756906077
0 0.18359375 0.26795580110497236 0.0078125 0.009944751381215469
3 0.225 0.4165745856353591 0.00859375 0.011049723756906077
11 0.225 0.2861878453038674 0.00859375 0.011049723756906077