10 0.204296875 0.6950276243093922 0.00859375 0.011049723756906077
5 0.641796875 0.4723756906077348 0.00859375 0.011049723756906077
11 0.641796875 0.7701657458563536 0.00859375 0.011049723756906077
6 0.204296875 0.5121546961325967 0.00859375 0.011049723756906077
0 0.2046875 0.6585635359116022 0.00859375 0.011049723756906077
11 0.896875 0.9613259668508287 0.00859375 0.011049723756906077
11 0.2046875 0.43701657458563536 0.00859375 0.011049723756906077
11 0.40859375 0.9110497237569061 0.00859375 0.011049723756906077
10 0.1625 0.474585635359116 0.00859375 0.011049723756906077
9 0.891796875 0.48066298342541436 0.00859375 0.011049723756906077
6 0.2048828125 0.874585635359116 0.009765625 0.012154696132596685
10 0.95546875 0.32486187845303865 0.00859375 0.011049723756906077
3 0.428515625 0.4176795580110497 0.00859375 0.011049723756906077