4 0.6421875 0.6176795580110497 0.00859375 0.011049723756906077
3 0.6421875 0.8839779005524862 0.00859375 0.011049723756906077
3 0.18359375 0.7530386740331492 0.00859375 0.011049723756906077
10 0.891015625 0.7668508287292818 0.00859375 0.011049723756906077
5 0.891015625 0.7303867403314918 0.00859375 0.011049723756906077
2 0.4078125 0.6917127071823205 0.00859375 0.011049723756906077
6 0.163671875 0.6574585635359116 0.00859375 0.011049723756906077
10 0.18359375 0.3430939226519337 0.00859375 0.011049723756906077
1 0.891015625 0.5176795580110497 0.00859375 0.011049723756906077
1 0.2046875 0.474585635359116 0.00859375 0.011049723756906077
12 0.9703125 0.24861878453038674 0.00859375 0.011049723756906077