10 0.6421875 0.7337016574585635 0.00859375 0.011049723756906077
4 0.2046875 0.43701657458563536 0.00859375 0.011049723756906077
3 0.90625 0.8055248618784531 0.00859375 0.011049723756906077
12 0.891015625 0.7668508287292818 0.00859375 0.011049723756906077
0 0.225390625 0.2668508287292818 0.00859375 0.011049723756906077
10 0.428515625 0.8928176795580111 0.00859375 0.011049723756906077
0 0.2046875 0.7701657458563536 0.00859375 0.011049723756906077
2 0.225390625 0.7530386740331492 0.00859375 0.011049723756906077
9 0.891796875 0.5552486187845304 0.00859375 0.011049723756906077
9 0.4296875 0.6165745856353592 0.00859375 0.011049723756906077
8 0.922265625 0.9419889502762431 0.00859375 0.011049723756906077
2 0.44921875 0.598342541436464 0.00859375 0.011049723756906077
1 0.204296875 0.7337016574585635 0.00859375 0.011049723756906077
9 0.225 0.2861878453038674 0.00859375 0.011049723756906077
12 0.162890625 0.36132596685082874 0.00859375 0.011049723756906077