1 0.2046875 0.24861878453038674 0.00859375 0.011049723756906077
1 0.97109375 0.7121546961325966 0.00859375 0.011049723756906077
0 0.891015625 0.7303867403314918 0.00859375 0.011049723756906077
6 0.22421875 0.3237569060773481 0.00859375 0.011049723756906077
10 0.18359375 0.8939226519337017 0.00859375 0.011049723756906077
1 0.204296875 0.7337016574585635 0.00859375 0.011049723756906077
6 0.641015625 0.9204419889502763 0.00859375 0.011049723756906077
6 0.20546875 0.6215469613259669 0.00859375 0.011049723756906077
0 0.204296875 0.36132596685082874 0.00859375 0.011049723756906077
4 0.4078125 0.8756906077348067 0.00859375 0.011049723756906077
0 0.1640625 0.6961325966850829 0.00859375 0.011049723756906077
2 0.1625 0.2861878453038674 0.00859375 0.011049723756906077
3 0.95546875 0.48066298342541436 0.00859375 0.011049723756906077
12 0.44921875 0.598342541436464 0.00859375 0.011049723756906077
0 0.9546875 0.5552486187845304 0.00859375 0.011049723756906077