4 0.891796875 0.5552486187845304 0.00859375 0.011049723756906077
0 0.641796875 0.32486187845303865 0.00859375 0.011049723756906077
12 0.641796875 0.24972375690607734 0.00859375 0.011049723756906077
5 0.225 0.4165745856353591 0.00859375 0.011049723756906077
9 0.428515625 0.7121546961325966 0.00859375 0.011049723756906077
1 0.8921875 0.3430939226519337 0.00859375 0.011049723756906077
5 0.162890625 0.24861878453038674 0.00859375 0.011049723756906077
1 0.428515625 0.3806629834254144 0.00859375 0.011049723756906077
7 0.18359375 0.3430939226519337 0.00859375 0.011049723756906077
1 0.204296875 0.6950276243093922 0.00859375 0.011049723756906077
11 0.450390625 0.874585635359116 0.00859375 0.011049723756906077
4 0.2046875 0.7701657458563536 0.00859375 0.011049723756906077
2 0.428515625 0.3430939226519337 0.00859375 0.011049723756906077
2 0.1828125 0.41878453038674035 0.00859375 0.011049723756906077
9 0.226171875 0.4552486187845304 0.00859375 0.011049723756906077