8 0.44921875 0.7303867403314918 0.00859375 0.011049723756906077
0 0.9703125 0.24861878453038674 0.00859375 0.011049723756906077
12 0.18359375 0.7530386740331492 0.00859375 0.011049723756906077
8 0.428515625 0.4176795580110497 0.00859375 0.011049723756906077
12 0.163671875 0.6574585635359116 0.00859375 0.011049723756906077
9 0.1828125 0.30441988950276244 0.00859375 0.011049723756906077
11 0.96171875 0.9613259668508287 0.00859375 0.011049723756906077
6 0.225 0.3430939226519337 0.00859375 0.011049723756906077
9 0.18359375 0.6756906077348066 0.00859375 0.011049723756906077
10 0.641015625 0.9204419889502763 0.00859375 0.011049723756906077
1 0.40859375 0.5624309392265193 0.00859375 0.011049723756906077
7 0.225390625 0.7154696132596685 0.00859375 0.011049723756906077
0 0.95546875 0.7679558011049724 0.00859375 0.011049723756906077
0 0.182421875 0.2861878453038674 0.00859375 0.011049723756906077
1 0.204296875 0.6950276243093922 0.00859375 0.011049723756906077