11 0.225390625 0.3806629834254144 0.00859375 0.011049723756906077
10 0.2046875 0.24861878453038674 0.00859375 0.011049723756906077
10 0.225 0.2861878453038674 0.00859375 0.011049723756906077
3 0.1625 0.474585635359116 0.00859375 0.011049723756906077
0 0.162890625 0.7325966850828729 0.00859375 0.011049723756906077
12 0.641796875 0.24972375690607734 0.00859375 0.011049723756906077
10 0.4078125 0.3994475138121547 0.00859375 0.011049723756906077
0 0.95546875 0.6928176795580111 0.00859375 0.011049723756906077
10 0.2046875 0.7701657458563536 0.00859375 0.011049723756906077
0 0.204296875 0.5121546961325967 0.00859375 0.011049723756906077
10 0.40859375 0.598342541436464 0.00859375 0.011049723756906077