1 0.641796875 0.7701657458563536 0.00859375 0.011049723756906077
2 0.2046875 0.4 0.00859375 0.011049723756906077
7 0.204296875 0.30441988950276244 0.00859375 0.011049723756906077
2 0.407421875 0.9519337016574586 0.00859375 0.011049723756906077
5 0.891796875 0.48066298342541436 0.00859375 0.011049723756906077
4 0.225390625 0.2668508287292818 0.00859375 0.011049723756906077
10 0.922265625 0.9419889502762431 0.00859375 0.011049723756906077
2 0.18359375 0.3430939226519337 0.00859375 0.011049723756906077
1 0.18359375 0.3806629834254144 0.00859375 0.011049723756906077
6 0.162890625 0.8756906077348067 0.00859375 0.011049723756906077
12 0.9703125 0.305524861878453 0.00859375 0.011049723756906077
11 0.1828125 0.30441988950276244 0.00859375 0.011049723756906077
2 0.906640625 0.26795580110497236 0.00859375 0.011049723756906077
0 0.4078125 0.6370165745856353 0.00859375 0.011049723756906077