12 0.18359375 0.4552486187845304 0.00859375 0.011049723756906077
3 0.4078125 0.8756906077348067 0.00859375 0.011049723756906077
1 0.40859375 0.598342541436464 0.00859375 0.011049723756906077
9 0.450390625 0.3602209944751381 0.00859375 0.011049723756906077
0 0.1625 0.3983425414364641 0.00859375 0.011049723756906077
7 0.2046875 0.43701657458563536 0.00859375 0.011049723756906077
12 0.2046875 0.6585635359116022 0.00859375 0.011049723756906077
11 0.182421875 0.2861878453038674 0.00859375 0.011049723756906077
6 0.162890625 0.7325966850828729 0.00859375 0.011049723756906077
12 0.891796875 0.5552486187845304 0.00859375 0.011049723756906077
1 0.1828125 0.7154696132596685 0.00859375 0.011049723756906077
0 0.95546875 0.6928176795580111 0.00859375 0.011049723756906077