9 0.6421875 0.6176795580110497 0.00859375 0.011049723756906077
0 0.906640625 0.26795580110497236 0.00859375 0.011049723756906077
0 0.4296875 0.6165745856353592 0.00859375 0.011049723756906077
6 0.956640625 0.5176795580110497 0.00859375 0.011049723756906077
12 0.20546875 0.6215469613259669 0.00859375 0.011049723756906077
5 0.2046875 0.7701657458563536 0.00859375 0.011049723756906077
7 0.97109375 0.7486187845303868 0.00859375 0.011049723756906077
9 0.97109375 0.7121546961325966 0.00859375 0.011049723756906077
0 0.6421875 0.7337016574585635 0.00859375 0.011049723756906077
3 0.204296875 0.9110497237569061 0.00859375 0.011049723756906077
8 0.40859375 0.7497237569060774 0.00859375 0.011049723756906077
1 0.450390625 0.3602209944751381 0.00859375 0.011049723756906077
9 0.428515625 0.8928176795580111 0.00859375 0.011049723756906077
10 0.18359375 0.7530386740331492 0.00859375 0.011049723756906077