5 0.18359375 0.8939226519337017 0.00859375 0.011049723756906077
0 0.428515625 0.30441988950276244 0.00859375 0.011049723756906077
5 0.2046875 0.4 0.00859375 0.011049723756906077
10 0.641796875 0.32486187845303865 0.00859375 0.011049723756906077
0 0.1634765625 0.930939226519337 0.009765625 0.012154696132596685
1 0.225390625 0.6779005524861879 0.00859375 0.011049723756906077
10 0.40859375 0.32486187845303865 0.00859375 0.011049723756906077
0 0.90546875 0.3237569060773481 0.00859375 0.011049723756906077
12 0.6421875 0.7337016574585635 0.00859375 0.011049723756906077
10 0.225 0.4165745856353591 0.00859375 0.011049723756906077
2 0.896875 0.9613259668508287 0.00859375 0.011049723756906077
2 0.162890625 0.43591160220994474 0.00859375 0.011049723756906077
12 0.1640625 0.6961325966850829 0.00859375 0.011049723756906077
10 0.226171875 0.4552486187845304 0.00859375 0.011049723756906077