3 0.225390625 0.6392265193370166 0.00859375 0.011049723756906077
8 0.4078125 0.24972375690607734 0.00859375 0.011049723756906077
0 0.204296875 0.7337016574585635 0.00859375 0.011049723756906077
7 0.18359375 0.8939226519337017 0.00859375 0.011049723756906077
5 0.1625 0.3983425414364641 0.00859375 0.011049723756906077
10 0.44921875 0.7303867403314918 0.00859375 0.011049723756906077
12 0.906640625 0.5359116022099447 0.00859375 0.011049723756906077
2 0.450390625 0.3602209944751381 0.00859375 0.011049723756906077
8 0.182421875 0.2861878453038674 0.00859375 0.011049723756906077
2 0.162890625 0.43591160220994474 0.00859375 0.011049723756906077
8 0.18359375 0.26795580110497236 0.0078125 0.009944751381215469
9 0.225 0.4165745856353591 0.00859375 0.011049723756906077
0 0.9703125 0.8055248618784531 0.00859375 0.011049723756906077
10 0.1634765625 0.930939226519337 0.009765625 0.012154696132596685
8 0.97109375 0.7486187845303868 0.00859375 0.011049723756906077