0 0.162890625 0.43591160220994474 0.00859375 0.011049723756906077
4 0.97109375 0.7121546961325966 0.00859375 0.011049723756906077
10 0.1634765625 0.930939226519337 0.009765625 0.012154696132596685
11 0.95546875 0.32486187845303865 0.00859375 0.011049723756906077
3 0.428515625 0.8928176795580111 0.00859375 0.011049723756906077
11 0.1828125 0.7154696132596685 0.00859375 0.011049723756906077
11 0.162890625 0.7325966850828729 0.00859375 0.011049723756906077
7 0.9703125 0.5370165745856353 0.00859375 0.011049723756906077
0 0.4296875 0.6165745856353592 0.00859375 0.011049723756906077
11 0.204296875 0.36132596685082874 0.00859375 0.011049723756906077
8 0.428515625 0.30441988950276244 0.00859375 0.011049723756906077
11 0.44921875 0.9497237569060774 0.00859375 0.011049723756906077