5 0.428515625 0.3430939226519337 0.00859375 0.011049723756906077
0 0.97109375 0.7121546961325966 0.00859375 0.011049723756906077
8 0.162890625 0.8756906077348067 0.00859375 0.011049723756906077
12 0.18359375 0.26795580110497236 0.0078125 0.009944751381215469
5 0.95546875 0.6928176795580111 0.00859375 0.011049723756906077
12 0.906640625 0.7497237569060774 0.00859375 0.011049723756906077
11 0.891796875 0.48066298342541436 0.00859375 0.011049723756906077
7 0.225 0.3430939226519337 0.00859375 0.011049723756906077
10 0.204296875 0.30441988950276244 0.00859375 0.011049723756906077
11 0.2046875 0.474585635359116 0.00859375 0.011049723756906077
0 0.225 0.2861878453038674 0.00859375 0.011049723756906077
1 0.1625 0.3983425414364641 0.00859375 0.011049723756906077
7 0.95546875 0.7679558011049724 0.00859375 0.011049723756906077
3 0.44921875 0.7303867403314918 0.00859375 0.011049723756906077
10 0.891015625 0.7303867403314918 0.00859375 0.011049723756906077