5 0.9703125 0.24861878453038674 0.00859375 0.011049723756906077
5 0.2046875 0.24861878453038674 0.00859375 0.011049723756906077
7 0.18359375 0.8939226519337017 0.00859375 0.011049723756906077
3 0.225390625 0.2668508287292818 0.00859375 0.011049723756906077
12 0.1634765625 0.930939226519337 0.009765625 0.012154696132596685
12 0.906640625 0.5359116022099447 0.00859375 0.011049723756906077
2 0.18359375 0.26795580110497236 0.0078125 0.009944751381215469
2 0.4078125 0.8756906077348067 0.00859375 0.011049723756906077
0 0.95546875 0.7679558011049724 0.00859375 0.011049723756906077
12 0.204296875 0.7337016574585635 0.00859375 0.011049723756906077
11 0.429296875 0.932596685082873 0.00859375 0.011049723756906077
0 0.97109375 0.7121546961325966 0.00859375 0.011049723756906077
1 0.1828125 0.7154696132596685 0.00859375 0.011049723756906077
0 0.225390625 0.6779005524861879 0.00859375 0.011049723756906077
5 0.2048828125 0.874585635359116 0.009765625 0.012154696132596685