4 0.225 0.3430939226519337 0.00859375 0.011049723756906077
11 0.450390625 0.3602209944751381 0.00859375 0.011049723756906077
0 0.95546875 0.7679558011049724 0.00859375 0.011049723756906077
6 0.956640625 0.5176795580110497 0.00859375 0.011049723756906077
10 0.896875 0.9613259668508287 0.00859375 0.011049723756906077
1 0.641796875 0.24972375690607734 0.00859375 0.011049723756906077
9 0.18359375 0.4552486187845304 0.00859375 0.011049723756906077
12 0.641015625 0.9204419889502763 0.00859375 0.011049723756906077
3 0.922265625 0.9419889502762431 0.00859375 0.011049723756906077
12 0.225390625 0.7530386740331492 0.00859375 0.011049723756906077
5 0.891015625 0.7303867403314918 0.00859375 0.011049723756906077
9 0.428515625 0.7121546961325966 0.00859375 0.011049723756906077
5 0.1828125 0.7154696132596685 0.00859375 0.011049723756906077
1 0.204296875 0.6950276243093922 0.00859375 0.011049723756906077