5 0.407421875 0.9519337016574586 0.00859375 0.011049723756906077
0 0.896875 0.9613259668508287 0.00859375 0.011049723756906077
0 0.428515625 0.3806629834254144 0.00859375 0.011049723756906077
0 0.162890625 0.24861878453038674 0.00859375 0.011049723756906077
1 0.44921875 0.9121546961325967 0.00859375 0.011049723756906077
10 0.162890625 0.8756906077348067 0.00859375 0.011049723756906077
0 0.1828125 0.7154696132596685 0.00859375 0.011049723756906077
0 0.428515625 0.8928176795580111 0.00859375 0.011049723756906077
10 0.641796875 0.2861878453038674 0.00859375 0.011049723756906077
10 0.18359375 0.26795580110497236 0.0078125 0.009944751381215469
0 0.225 0.3430939226519337 0.00859375 0.011049723756906077
0 0.1625 0.2861878453038674 0.00859375 0.011049723756906077
10 0.9609375 0.9237569060773481 0.00859375 0.011049723756906077