11 0.4454166666666667 0.6824520627542127 0.0425 0.01801278326554329
10 0.94875 0.8544450900639163 0.0425 0.01801278326554329
10 0.44625 0.35008715862870426 0.0425 0.01801278326554329
10 0.9445833333333333 0.1147588611272516 0.0425 0.01801278326554329
7 0.4479166666666667 0.12289366647298082 0.0425 0.01801278326554329
4 0.39458333333333334 0.9177803602556653 0.0425 0.01801278326554329
10 0.3929166666666667 0.08977338756536897 0.0425 0.01801278326554329
10 0.44708333333333333 0.09093550261475886 0.0425 0.01801278326554329
10 0.94875 0.8904706565950029 0.0425 0.01801278326554329
10 0.9470833333333334 0.08396281231841952 0.0425 0.01801278326554329
10 0.39458333333333334 0.8852411388727484 0.0425 0.01801278326554329
12 0.39625 0.12289366647298082 0.0425 0.01801278326554329
0 0.3929166666666667 0.3832074375363161 0.0425 0.01801278326554329
12 0.39208333333333334 0.6812899477048228 0.0425 0.01801278326554329