2 0.39625 0.12289366647298082 0.0425 0.01801278326554329
4 0.9470833333333334 0.08396281231841952 0.0425 0.01801278326554329
8 0.9479166666666666 0.9218477629285299 0.0425 0.01801278326554329
2 0.9479166666666666 0.4848925043579314 0.0425 0.01801278326554329
9 0.9470833333333334 0.6551423590935502 0.0425 0.01801278326554329
6 0.3929166666666667 0.41807088901801276 0.0425 0.01801278326554329
6 0.9470833333333334 0.689424753050552 0.0425 0.01801278326554329
7 0.94875 0.8904706565950029 0.0425 0.01801278326554329
1 0.44625 0.384369552585706 0.0425 0.01801278326554329
4 0.94875 0.8544450900639163 0.0425 0.01801278326554329
4 0.4479166666666667 0.12289366647298082 0.0425 0.01801278326554329
0 0.3929166666666667 0.3832074375363161 0.0425 0.01801278326554329