11 0.39375 0.35066821615339916 0.0425 0.01801278326554329
5 0.9479166666666666 0.9218477629285299 0.0425 0.01801278326554329
11 0.9470833333333334 0.08396281231841952 0.0425 0.01801278326554329
0 0.3929166666666667 0.4517722254503196 0.0425 0.01801278326554329
10 0.44958333333333333 0.8352701917489832 0.0425 0.01801278326554329
9 0.94875 0.8904706565950029 0.0425 0.01801278326554329
0 0.8945833333333333 0.6551423590935502 0.0425 0.01801278326554329
10 0.44625 0.41807088901801276 0.0425 0.01801278326554329
11 0.3929166666666667 0.08977338756536897 0.0425 0.01801278326554329
11 0.3929166666666667 0.637129575828007 0.0425 0.01801278326554329
0 0.9470833333333334 0.6551423590935502 0.0425 0.01801278326554329
0 0.9470833333333334 0.7231260894828588 0.0425 0.01801278326554329