0 0.4454166666666667 0.6824520627542127 0.0425 0.01801278326554329
1 0.39625 0.12289366647298082 0.0425 0.01801278326554329
12 0.8970833333333333 0.6905868680999419 0.0425 0.01801278326554329
3 0.44375 0.637129575828007 0.0425 0.01801278326554329
1 0.3929166666666667 0.08977338756536897 0.0425 0.01801278326554329
11 0.3929166666666667 0.41807088901801276 0.0425 0.01801278326554329
0 0.9470833333333334 0.6551423590935502 0.0425 0.01801278326554329
10 0.94875 0.4494479953515398 0.0425 0.01801278326554329
8 0.44625 0.41807088901801276 0.0425 0.01801278326554329
10 0.9470833333333334 0.7231260894828588 0.0425 0.01801278326554329
0 0.4479166666666667 0.12289366647298082 0.0425 0.01801278326554329
0 0.44958333333333333 0.8352701917489832 0.0425 0.01801278326554329
0 0.3929166666666667 0.3832074375363161 0.0425 0.01801278326554329