2 0.9479166666666666 0.29837303893085415 0.0425 0.01801278326554329
5 0.44625 0.35008715862870426 0.0425 0.01801278326554329
0 0.44625 0.8864032539221383 0.0425 0.01801278326554329
11 0.3929166666666667 0.637129575828007 0.0425 0.01801278326554329
9 0.44375 0.637129575828007 0.0425 0.01801278326554329
10 0.9479166666666666 0.2547937245787333 0.0425 0.01801278326554329
8 0.3929166666666667 0.6022661243463103 0.0425 0.01801278326554329
12 0.8945833333333333 0.6551423590935502 0.0425 0.01801278326554329
5 0.9470833333333334 0.08396281231841952 0.0425 0.01801278326554329
10 0.9470833333333334 0.7231260894828588 0.0425 0.01801278326554329
0 0.44625 0.41807088901801276 0.0425 0.01801278326554329
7 0.3929166666666667 0.08977338756536897 0.0425 0.01801278326554329