3 0.9470833333333334 0.689424753050552 0.0425 0.01801278326554329
10 0.44625 0.384369552585706 0.0425 0.01801278326554329
10 0.9479166666666666 0.29837303893085415 0.0425 0.01801278326554329
10 0.9479166666666666 0.9218477629285299 0.0425 0.01801278326554329
0 0.3929166666666667 0.637129575828007 0.0425 0.01801278326554329
10 0.9479166666666666 0.2547937245787333 0.0425 0.01801278326554329
2 0.39625 0.8346891342242883 0.0425 0.01801278326554329
0 0.3929166666666667 0.3832074375363161 0.0425 0.01801278326554329
11 0.4479166666666667 0.12289366647298082 0.0425 0.01801278326554329
11 0.89625 0.7219639744334689 0.0425 0.01801278326554329
10 0.9470833333333334 0.7231260894828588 0.0425 0.01801278326554329
10 0.9479166666666666 0.4848925043579314 0.0425 0.01801278326554329
7 0.8970833333333333 0.6905868680999419 0.0425 0.01801278326554329
0 0.3929166666666667 0.08977338756536897 0.0425 0.01801278326554329