1 0.39208333333333334 0.6812899477048228 0.0425 0.01801278326554329
8 0.44625 0.35008715862870426 0.0425 0.01801278326554329
10 0.9470833333333334 0.689424753050552 0.0425 0.01801278326554329
5 0.9470833333333334 0.08396281231841952 0.0425 0.01801278326554329
3 0.3929166666666667 0.08977338756536897 0.0425 0.01801278326554329
8 0.4454166666666667 0.6016850668216154 0.0425 0.01801278326554329
10 0.4454166666666667 0.15427077280650783 0.0425 0.01801278326554329
3 0.39375 0.35066821615339916 0.0425 0.01801278326554329
4 0.94875 0.8904706565950029 0.0425 0.01801278326554329
0 0.9470833333333334 0.6551423590935502 0.0425 0.01801278326554329
8 0.39458333333333334 0.9177803602556653 0.0425 0.01801278326554329
2 0.39625 0.12289366647298082 0.0425 0.01801278326554329
10 0.4454166666666667 0.6824520627542127 0.0425 0.01801278326554329
11 0.44958333333333333 0.8352701917489832 0.0425 0.01801278326554329
3 0.4479166666666667 0.12289366647298082 0.0425 0.01801278326554329