0 0.94875 0.4494479953515398 0.0425 0.01801278326554329
4 0.9479166666666666 0.2547937245787333 0.0425 0.01801278326554329
0 0.3929166666666667 0.637129575828007 0.0425 0.01801278326554329
4 0.3929166666666667 0.6022661243463103 0.0425 0.01801278326554329
10 0.39208333333333334 0.6812899477048228 0.0425 0.01801278326554329
10 0.4454166666666667 0.6016850668216154 0.0425 0.01801278326554329
2 0.39625 0.12289366647298082 0.0425 0.01801278326554329
10 0.39625 0.8346891342242883 0.0425 0.01801278326554329
5 0.8945833333333333 0.6551423590935502 0.0425 0.01801278326554329
2 0.3929166666666667 0.4517722254503196 0.0425 0.01801278326554329
11 0.9470833333333334 0.08396281231841952 0.0425 0.01801278326554329
0 0.44625 0.8864032539221383 0.0425 0.01801278326554329
10 0.9470833333333334 0.6551423590935502 0.0425 0.01801278326554329
6 0.4479166666666667 0.12289366647298082 0.0425 0.01801278326554329
10 0.94875 0.8904706565950029 0.0425 0.01801278326554329