2 0.44375 0.637129575828007 0.0425 0.01801278326554329
7 0.44625 0.384369552585706 0.0425 0.01801278326554329
10 0.4454166666666667 0.6824520627542127 0.0425 0.01801278326554329
11 0.4479166666666667 0.12289366647298082 0.0425 0.01801278326554329
11 0.4454166666666667 0.15427077280650783 0.0425 0.01801278326554329
5 0.3929166666666667 0.41807088901801276 0.0425 0.01801278326554329
11 0.3929166666666667 0.637129575828007 0.0425 0.01801278326554329
6 0.9470833333333334 0.08396281231841952 0.0425 0.01801278326554329
2 0.39375 0.35066821615339916 0.0425 0.01801278326554329
6 0.9445833333333333 0.1147588611272516 0.0425 0.01801278326554329
7 0.44958333333333333 0.8352701917489832 0.0425 0.01801278326554329
6 0.94875 0.8544450900639163 0.0425 0.01801278326554329