3 0.3929166666666667 0.6022661243463103 0.0425 0.01801278326554329
4 0.44625 0.8864032539221383 0.0425 0.01801278326554329
5 0.9470833333333334 0.689424753050552 0.0425 0.01801278326554329
9 0.39625 0.12289366647298082 0.0425 0.01801278326554329
11 0.3929166666666667 0.637129575828007 0.0425 0.01801278326554329
12 0.3929166666666667 0.41807088901801276 0.0425 0.01801278326554329
4 0.8970833333333333 0.6905868680999419 0.0425 0.01801278326554329
8 0.9445833333333333 0.1147588611272516 0.0425 0.01801278326554329
11 0.44375 0.637129575828007 0.0425 0.01801278326554329
6 0.9479166666666666 0.2547937245787333 0.0425 0.01801278326554329
1 0.4454166666666667 0.6824520627542127 0.0425 0.01801278326554329
12 0.9479166666666666 0.29837303893085415 0.0425 0.01801278326554329