10 0.9470833333333334 0.7231260894828588 0.0425 0.01801278326554329
0 0.44625 0.8864032539221383 0.0425 0.01801278326554329
0 0.94875 0.8544450900639163 0.0425 0.01801278326554329
0 0.9445833333333333 0.1147588611272516 0.0425 0.01801278326554329
0 0.8945833333333333 0.6551423590935502 0.0425 0.01801278326554329
2 0.39458333333333334 0.8852411388727484 0.0425 0.01801278326554329
10 0.4479166666666667 0.12289366647298082 0.0425 0.01801278326554329
0 0.3929166666666667 0.3832074375363161 0.0425 0.01801278326554329
0 0.3929166666666667 0.6022661243463103 0.0425 0.01801278326554329
8 0.3929166666666667 0.08977338756536897 0.0425 0.01801278326554329
7 0.39375 0.35066821615339916 0.0425 0.01801278326554329
0 0.94875 0.8904706565950029 0.0425 0.01801278326554329
0 0.3929166666666667 0.637129575828007 0.0425 0.01801278326554329
10 0.4454166666666667 0.9177803602556653 0.0425 0.01801278326554329