0 0.4454166666666667 0.9177803602556653 0.0425 0.01801278326554329
0 0.3929166666666667 0.08977338756536897 0.0425 0.01801278326554329
0 0.4454166666666667 0.6016850668216154 0.0425 0.01801278326554329
11 0.9445833333333333 0.1147588611272516 0.0425 0.01801278326554329
0 0.39375 0.35066821615339916 0.0425 0.01801278326554329
10 0.44625 0.35008715862870426 0.0425 0.01801278326554329
0 0.39208333333333334 0.6812899477048228 0.0425 0.01801278326554329
9 0.3929166666666667 0.637129575828007 0.0425 0.01801278326554329
10 0.39625 0.12289366647298082 0.0425 0.01801278326554329
0 0.3929166666666667 0.3832074375363161 0.0425 0.01801278326554329
4 0.4454166666666667 0.6824520627542127 0.0425 0.01801278326554329