6 0.44625 0.35008715862870426 0.0425 0.01801278326554329
1 0.9479166666666666 0.2547937245787333 0.0425 0.01801278326554329
0 0.44625 0.41807088901801276 0.0425 0.01801278326554329
0 0.9470833333333334 0.08396281231841952 0.0425 0.01801278326554329
1 0.44708333333333333 0.09093550261475886 0.0425 0.01801278326554329
3 0.9470833333333334 0.7231260894828588 0.0425 0.01801278326554329
6 0.4454166666666667 0.6824520627542127 0.0425 0.01801278326554329
0 0.44958333333333333 0.8352701917489832 0.0425 0.01801278326554329
9 0.3929166666666667 0.41807088901801276 0.0425 0.01801278326554329
10 0.94875 0.8544450900639163 0.0425 0.01801278326554329
5 0.3929166666666667 0.4517722254503196 0.0425 0.01801278326554329
0 0.44625 0.384369552585706 0.0425 0.01801278326554329
0 0.3929166666666667 0.6022661243463103 0.0425 0.01801278326554329