0 0.9066059225512528 0.8048913043478261 0.08200455580865604 0.03152173913043478
12 0.9020501138952164 0.31032608695652175 0.08200455580865604 0.03152173913043478
2 0.4533029612756264 0.7885869565217392 0.08200455580865604 0.03152173913043478
0 0.908883826879271 0.5592391304347826 0.08200455580865604 0.03152173913043478
3 0.45558086560364464 0.4092391304347826 0.08200455580865604 0.03152173913043478
6 0.9066059225512528 0.5929347826086957 0.08200455580865604 0.03152173913043478
11 0.4533029612756264 0.5407608695652174 0.08200455580865604 0.03152173913043478
9 0.45558086560364464 0.3766304347826087 0.08200455580865604 0.03152173913043478
0 0.908883826879271 0.27880434782608693 0.08200455580865604 0.03152173913043478
0 0.4533029612756264 0.4766304347826087 0.08200455580865604 0.03152173913043478
12 0.9020501138952164 0.3766304347826087 0.08200455580865604 0.03152173913043478
12 0.45558086560364464 0.2722826086956522 0.0774487471526196 0.014130434782608696
12 0.908883826879271 0.4429347826086957 0.08200455580865604 0.03152173913043478
7 0.44874715261959 0.5081521739130435 0.08200455580865604 0.03152173913043478