3 0.9066059225512528 0.6255434782608695 0.08200455580865604 0.03152173913043478
5 0.45558086560364464 0.2722826086956522 0.0774487471526196 0.014130434782608696
11 0.4533029612756264 0.4766304347826087 0.08200455580865604 0.03152173913043478
1 0.45558086560364464 0.3516304347826087 0.0774487471526196 0.014130434782608696
12 0.4533029612756264 0.4418478260869565 0.08200455580865604 0.03152173913043478
7 0.45558086560364464 0.3766304347826087 0.08200455580865604 0.03152173913043478
9 0.9066059225512528 0.6559782608695652 0.08200455580865604 0.03152173913043478
6 0.9066059225512528 0.8048913043478261 0.08200455580865604 0.03152173913043478
3 0.9020501138952164 0.3766304347826087 0.08200455580865604 0.03152173913043478
0 0.45558086560364464 0.30380434782608695 0.0774487471526196 0.014130434782608696
9 0.44874715261959 0.5081521739130435 0.08200455580865604 0.03152173913043478