11 0.9103403141361257 0.46805555555555556 0.013089005235602094 0.025
2 0.7990837696335078 0.16805555555555557 0.013089005235602094 0.019444444444444445
10 0.762434554973822 0.3587962962962963 0.013089005235602094 0.019444444444444445
0 0.7990837696335078 0.24953703703703703 0.013089005235602094 0.019444444444444445
4 0.9096858638743456 0.22361111111111112 0.013089005235602094 0.019444444444444445
12 0.8887434554973822 0.7893518518518519 0.013089005235602094 0.019444444444444445
3 0.40903141361256545 0.5356481481481481 0.013089005235602094 0.019444444444444445
7 0.8723821989528796 0.5217592592592593 0.013089005235602094 0.019444444444444445
10 0.7879581151832461 0.6800925925925926 0.013089005235602094 0.019444444444444445
3 0.8717277486910995 0.46805555555555556 0.013089005235602094 0.019444444444444445
6 0.724476439790576 0.7615740740740741 0.013089005235602094 0.019444444444444445
2 0.7637434554973822 0.17083333333333334 0.013089005235602094 0.019444444444444445
2 0.7990837696335078 0.1439814814814815 0.013089005235602094 0.019444444444444445
12 0.8723821989528796 0.2523148148148148 0.013089005235602094 0.019444444444444445
11 0.7617801047120419 0.3837962962962963 0.013089005235602094 0.019444444444444445