3 0.9096858638743456 0.16805555555555557 0.013089005235602094 0.019444444444444445
0 0.8887434554973822 0.763425925925926 0.013089005235602094 0.019444444444444445
0 0.7617801047120419 0.4125 0.013089005235602094 0.019444444444444445
8 0.17801047120418848 0.7328703703703704 0.013089005235602094 0.019444444444444445
10 0.9469895287958116 0.4148148148148148 0.014397905759162303 0.022222222222222223
11 0.9469895287958116 0.3611111111111111 0.014397905759162303 0.022222222222222223
10 0.9502617801047121 0.7078703703703704 0.013089005235602094 0.019444444444444445
10 0.762434554973822 0.14212962962962963 0.013089005235602094 0.019444444444444445
11 0.7617801047120419 0.3837962962962963 0.013089005235602094 0.019444444444444445
0 0.9476439790575916 0.46944444444444444 0.014397905759162303 0.022222222222222223
9 0.9502617801047121 0.7615740740740741 0.013089005235602094 0.019444444444444445
12 0.9096858638743456 0.25046296296296294 0.013089005235602094 0.019444444444444445
10 0.8887434554973822 0.7893518518518519 0.013089005235602094 0.019444444444444445
3 0.7899214659685864 0.8152777777777778 0.013089005235602094 0.019444444444444445
0 0.8723821989528796 0.22453703703703703 0.013089005235602094 0.019444444444444445