0 0.9456806282722513 0.17222222222222222 0.014397905759162303 0.022222222222222223
8 0.7617801047120419 0.27824074074074073 0.013089005235602094 0.019444444444444445
10 0.9502617801047121 0.6532407407407408 0.013089005235602094 0.019444444444444445
4 0.9469895287958116 0.33425925925925926 0.014397905759162303 0.022222222222222223
0 0.7990837696335078 0.1439814814814815 0.013089005235602094 0.019444444444444445
10 0.9103403141361257 0.19768518518518519 0.013089005235602094 0.019444444444444445
8 0.724476439790576 0.22453703703703703 0.017015706806282723 0.019444444444444445
10 0.7637434554973822 0.22361111111111112 0.013089005235602094 0.019444444444444445
2 0.724476439790576 0.7615740740740741 0.013089005235602094 0.019444444444444445
5 0.9116492146596858 0.33194444444444443 0.013089005235602094 0.019444444444444445
7 0.9096858638743456 0.4134259259259259 0.013089005235602094 0.019444444444444445
8 0.9502617801047121 0.7375 0.013089005235602094 0.019444444444444445
9 0.9502617801047121 0.7902777777777777 0.013089005235602094 0.019444444444444445
0 0.8717277486910995 0.1986111111111111 0.013089005235602094 0.019444444444444445