10 0.7886125654450262 0.8430555555555556 0.013089005235602094 0.019444444444444445
10 0.8514397905759162 0.7625 0.013089005235602094 0.019444444444444445
0 0.8723821989528796 0.2523148148148148 0.013089005235602094 0.019444444444444445
5 0.724476439790576 0.7347222222222223 0.013089005235602094 0.019444444444444445
10 0.8717277486910995 0.1986111111111111 0.013089005235602094 0.019444444444444445
10 0.8717277486910995 0.16898148148148148 0.013089005235602094 0.019444444444444445
10 0.17801047120418848 0.7328703703703704 0.013089005235602094 0.019444444444444445
0 0.7990837696335078 0.24953703703703703 0.013089005235602094 0.019444444444444445
9 0.7637434554973822 0.22361111111111112 0.013089005235602094 0.019444444444444445
10 0.7257853403141361 0.7875 0.013089005235602094 0.019444444444444445
0 0.725130890052356 0.6273148148148148 0.013089005235602094 0.019444444444444445
0 0.762434554973822 0.14212962962962963 0.013089005235602094 0.019444444444444445