6 0.7997382198952879 0.38472222222222224 0.013089005235602094 0.019444444444444445
3 0.9096858638743456 0.25046296296296294 0.013089005235602094 0.019444444444444445
10 0.7617801047120419 0.27824074074074073 0.013089005235602094 0.019444444444444445
11 0.7984293193717278 0.3060185185185185 0.013089005235602094 0.019444444444444445
11 0.7977748691099477 0.4125 0.013089005235602094 0.019444444444444445
5 0.725130890052356 0.33194444444444443 0.013089005235602094 0.019444444444444445
3 0.762434554973822 0.14212962962962963 0.013089005235602094 0.019444444444444445
12 0.8730366492146597 0.4393518518518518 0.013089005235602094 0.019444444444444445
11 0.7879581151832461 0.7615740740740741 0.013089005235602094 0.019444444444444445
0 0.7886125654450262 0.7078703703703704 0.013089005235602094 0.019444444444444445
9 0.9469895287958116 0.2814814814814815 0.014397905759162303 0.022222222222222223
7 0.9103403141361257 0.4412037037037037 0.013089005235602094 0.019444444444444445
1 0.8507853403141361 0.6541666666666667 0.013089005235602094 0.019444444444444445