2 0.7899214659685864 0.6541666666666667 0.013089005235602094 0.019444444444444445
10 0.724476439790576 0.7347222222222223 0.013089005235602094 0.019444444444444445
6 0.17801047120418848 0.6291666666666667 0.013089005235602094 0.019444444444444445
11 0.9502617801047121 0.7615740740740741 0.013089005235602094 0.019444444444444445
0 0.9103403141361257 0.4412037037037037 0.013089005235602094 0.019444444444444445
8 0.8520942408376964 0.7893518518518519 0.013089005235602094 0.019444444444444445
7 0.762434554973822 0.14212962962962963 0.013089005235602094 0.019444444444444445
2 0.40772251308900526 0.4375 0.013089005235602094 0.019444444444444445
2 0.762434554973822 0.25046296296296294 0.013089005235602094 0.019444444444444445
8 0.9103403141361257 0.19768518518518519 0.013089005235602094 0.019444444444444445
4 0.8717277486910995 0.46805555555555556 0.013089005235602094 0.019444444444444445
11 0.8723821989528796 0.14212962962962963 0.013089005235602094 0.019444444444444445
6 0.9469895287958116 0.4148148148148148 0.014397905759162303 0.022222222222222223