4 0.8730366492146597 0.4097222222222222 0.013089005235602094 0.019444444444444445
11 0.8723821989528796 0.14212962962962963 0.013089005235602094 0.019444444444444445
10 0.762434554973822 0.3050925925925926 0.013089005235602094 0.019444444444444445
0 0.9077225130890052 0.1439814814814815 0.013089005235602094 0.019444444444444445
10 0.7879581151832461 0.6800925925925926 0.013089005235602094 0.019444444444444445
1 0.8730366492146597 0.4393518518518518 0.013089005235602094 0.019444444444444445
10 0.17604712041884818 0.5347222222222222 0.013089005235602094 0.019444444444444445
12 0.8723821989528796 0.38657407407407407 0.013089005235602094 0.019444444444444445
7 0.7990837696335078 0.22268518518518518 0.013089005235602094 0.019444444444444445
10 0.9096858638743456 0.2763888888888889 0.013089005235602094 0.019444444444444445
8 0.724476439790576 0.22453703703703703 0.017015706806282723 0.019444444444444445
0 0.7257853403141361 0.1699074074074074 0.013089005235602094 0.019444444444444445
12 0.9469895287958116 0.44074074074074077 0.014397905759162303 0.022222222222222223
0 0.7886125654450262 0.7078703703703704 0.013089005235602094 0.019444444444444445