12 0.8887434554973822 0.736574074074074 0.013089005235602094 0.019444444444444445
11 0.9502617801047121 0.7375 0.013089005235602094 0.019444444444444445
0 0.17670157068062828 0.8319444444444445 0.013089005235602094 0.019444444444444445
12 0.17735602094240838 0.4375 0.013089005235602094 0.019444444444444445
4 0.7617801047120419 0.4125 0.013089005235602094 0.019444444444444445
11 0.9096858638743456 0.22361111111111112 0.013089005235602094 0.019444444444444445
11 0.7977748691099477 0.4125 0.013089005235602094 0.019444444444444445
0 0.8723821989528796 0.22453703703703703 0.013089005235602094 0.019444444444444445
0 0.7990837696335078 0.16805555555555557 0.013089005235602094 0.019444444444444445
2 0.7984293193717278 0.44027777777777777 0.013089005235602094 0.019444444444444445
3 0.8730366492146597 0.4097222222222222 0.013089005235602094 0.019444444444444445
8 0.9469895287958116 0.2814814814814815 0.014397905759162303 0.022222222222222223
7 0.7984293193717278 0.46805555555555556 0.013089005235602094 0.019444444444444445
0 0.7637434554973822 0.22361111111111112 0.013089005235602094 0.019444444444444445
0 0.9502617801047121 0.7078703703703704 0.013089005235602094 0.019444444444444445