0 0.7990837696335078 0.19675925925925927 0.013089005235602094 0.019444444444444445
4 0.8887434554973822 0.736574074074074 0.013089005235602094 0.019444444444444445
4 0.8514397905759162 0.7337962962962963 0.013089005235602094 0.019444444444444445
10 0.8520942408376964 0.6273148148148148 0.013089005235602094 0.019444444444444445
0 0.725130890052356 0.35694444444444445 0.013089005235602094 0.019444444444444445
10 0.17801047120418848 0.7328703703703704 0.013089005235602094 0.019444444444444445
8 0.724476439790576 0.22453703703703703 0.017015706806282723 0.019444444444444445
3 0.9476439790575916 0.30833333333333335 0.014397905759162303 0.022222222222222223
9 0.725130890052356 0.33194444444444443 0.013089005235602094 0.019444444444444445
12 0.9456806282722513 0.25 0.014397905759162303 0.022222222222222223
12 0.7617801047120419 0.27824074074074073 0.013089005235602094 0.019444444444444445
11 0.8717277486910995 0.16898148148148148 0.013089005235602094 0.019444444444444445
3 0.40772251308900526 0.4375 0.013089005235602094 0.019444444444444445
2 0.9096858638743456 0.2763888888888889 0.013089005235602094 0.019444444444444445