5 0.7984293193717278 0.3060185185185185 0.013089005235602094 0.019444444444444445
10 0.8520942408376964 0.7893518518518519 0.013089005235602094 0.019444444444444445
3 0.724476439790576 0.7615740740740741 0.013089005235602094 0.019444444444444445
3 0.725130890052356 0.1412037037037037 0.013089005235602094 0.019444444444444445
12 0.9456806282722513 0.25 0.014397905759162303 0.022222222222222223
9 0.9096858638743456 0.22361111111111112 0.013089005235602094 0.019444444444444445
10 0.9096858638743456 0.25046296296296294 0.013089005235602094 0.019444444444444445
0 0.9469895287958116 0.33425925925925926 0.014397905759162303 0.022222222222222223
11 0.724476439790576 0.22453703703703703 0.017015706806282723 0.019444444444444445
4 0.7257853403141361 0.7875 0.013089005235602094 0.019444444444444445
10 0.762434554973822 0.33101851851851855 0.013089005235602094 0.019444444444444445
4 0.725130890052356 0.35694444444444445 0.013089005235602094 0.019444444444444445
0 0.8893979057591623 0.6541666666666667 0.013089005235602094 0.019444444444444445
1 0.9077225130890052 0.1439814814814815 0.013089005235602094 0.019444444444444445