4 0.9469895287958116 0.33425925925925926 0.014397905759162303 0.022222222222222223
2 0.7238219895287958 0.27824074074074073 0.013089005235602094 0.019444444444444445
10 0.7990837696335078 0.22268518518518518 0.013089005235602094 0.019444444444444445
10 0.9502617801047121 0.7902777777777777 0.013089005235602094 0.019444444444444445
0 0.9502617801047121 0.6532407407407408 0.013089005235602094 0.019444444444444445
10 0.7637434554973822 0.22361111111111112 0.013089005235602094 0.019444444444444445
7 0.40772251308900526 0.4375 0.013089005235602094 0.019444444444444445
0 0.9476439790575916 0.46944444444444444 0.014397905759162303 0.022222222222222223
2 0.9456806282722513 0.22407407407407406 0.014397905759162303 0.022222222222222223
0 0.8520942408376964 0.7893518518518519 0.013089005235602094 0.019444444444444445
8 0.9096858638743456 0.38842592592592595 0.013089005235602094 0.019444444444444445