11 0.8717277486910995 0.16898148148148148 0.013089005235602094 0.019444444444444445
3 0.7990837696335078 0.36064814814814816 0.013089005235602094 0.019444444444444445
0 0.7990837696335078 0.22268518518518518 0.013089005235602094 0.019444444444444445
4 0.40772251308900526 0.7347222222222223 0.013089005235602094 0.019444444444444445
5 0.9109947643979057 0.3597222222222222 0.013089005235602094 0.019444444444444445
3 0.9103403141361257 0.46805555555555556 0.013089005235602094 0.025
12 0.8893979057591623 0.6541666666666667 0.013089005235602094 0.019444444444444445
10 0.8723821989528796 0.5217592592592593 0.013089005235602094 0.019444444444444445
0 0.725130890052356 0.6273148148148148 0.013089005235602094 0.019444444444444445
5 0.8717277486910995 0.1986111111111111 0.013089005235602094 0.019444444444444445
9 0.7990837696335078 0.1439814814814815 0.013089005235602094 0.019444444444444445
12 0.8507853403141361 0.6541666666666667 0.013089005235602094 0.019444444444444445
1 0.762434554973822 0.33101851851851855 0.013089005235602094 0.019444444444444445
0 0.7238219895287958 0.7087962962962963 0.013089005235602094 0.019444444444444445