0 0.7997382198952879 0.38472222222222224 0.013089005235602094 0.019444444444444445
11 0.7990837696335078 0.16805555555555557 0.013089005235602094 0.019444444444444445
11 0.725130890052356 0.1412037037037037 0.013089005235602094 0.019444444444444445
11 0.7990837696335078 0.36064814814814816 0.013089005235602094 0.019444444444444445
3 0.762434554973822 0.3050925925925926 0.013089005235602094 0.019444444444444445
8 0.7238219895287958 0.7087962962962963 0.013089005235602094 0.019444444444444445
11 0.9509162303664922 0.6282407407407408 0.013089005235602094 0.019444444444444445
3 0.9456806282722513 0.25 0.014397905759162303 0.022222222222222223
7 0.9469895287958116 0.14444444444444443 0.014397905759162303 0.022222222222222223
1 0.7886125654450262 0.7356481481481482 0.013089005235602094 0.019444444444444445
9 0.9476439790575916 0.2 0.014397905759162303 0.022222222222222223
2 0.7990837696335078 0.27824074074074073 0.013089005235602094 0.019444444444444445