0 0.7990837696335078 0.1439814814814815 0.013089005235602094 0.019444444444444445
10 0.7990837696335078 0.27824074074074073 0.013089005235602094 0.019444444444444445
10 0.8520942408376964 0.7893518518518519 0.013089005235602094 0.019444444444444445
10 0.9509162303664922 0.6800925925925926 0.013089005235602094 0.019444444444444445
10 0.9096858638743456 0.25046296296296294 0.013089005235602094 0.019444444444444445
10 0.7990837696335078 0.16805555555555557 0.013089005235602094 0.019444444444444445
0 0.8730366492146597 0.36157407407407405 0.013089005235602094 0.019444444444444445
0 0.9469895287958116 0.2814814814814815 0.014397905759162303 0.022222222222222223
10 0.9469895287958116 0.3611111111111111 0.014397905759162303 0.022222222222222223
0 0.7984293193717278 0.46805555555555556 0.013089005235602094 0.019444444444444445
9 0.9469895287958116 0.33425925925925926 0.014397905759162303 0.022222222222222223
0 0.8723821989528796 0.3050925925925926 0.013089005235602094 0.019444444444444445
11 0.7879581151832461 0.7615740740740741 0.013089005235602094 0.019444444444444445
0 0.8723821989528796 0.5217592592592593 0.013089005235602094 0.019444444444444445
6 0.762434554973822 0.3587962962962963 0.013089005235602094 0.019444444444444445