0 0.7879581151832461 0.6800925925925926 0.013089005235602094 0.019444444444444445
3 0.40772251308900526 0.4375 0.013089005235602094 0.019444444444444445
11 0.762434554973822 0.46620370370370373 0.013089005235602094 0.019444444444444445
7 0.40903141361256545 0.5356481481481481 0.013089005235602094 0.019444444444444445
10 0.7617801047120419 0.4125 0.013089005235602094 0.019444444444444445
1 0.7637434554973822 0.22361111111111112 0.013089005235602094 0.019444444444444445
1 0.8514397905759162 0.6800925925925926 0.013089005235602094 0.019444444444444445
6 0.8717277486910995 0.46805555555555556 0.013089005235602094 0.019444444444444445
11 0.7257853403141361 0.1699074074074074 0.013089005235602094 0.019444444444444445
6 0.7886125654450262 0.7356481481481482 0.013089005235602094 0.019444444444444445
1 0.7905759162303665 0.6263888888888889 0.013089005235602094 0.019444444444444445
3 0.9096858638743456 0.38842592592592595 0.013089005235602094 0.019444444444444445
4 0.762434554973822 0.3050925925925926 0.013089005235602094 0.019444444444444445
0 0.9502617801047121 0.7902777777777777 0.013089005235602094 0.019444444444444445
6 0.9469895287958116 0.14444444444444443 0.014397905759162303 0.022222222222222223