0 0.9456806282722513 0.17222222222222222 0.014397905759162303 0.022222222222222223
10 0.725130890052356 0.35694444444444445 0.013089005235602094 0.019444444444444445
0 0.40772251308900526 0.7347222222222223 0.013089005235602094 0.019444444444444445
2 0.8893979057591623 0.6541666666666667 0.013089005235602094 0.019444444444444445
10 0.9096858638743456 0.22361111111111112 0.013089005235602094 0.019444444444444445
0 0.7257853403141361 0.7875 0.013089005235602094 0.019444444444444445
9 0.9103403141361257 0.19768518518518519 0.013089005235602094 0.019444444444444445
0 0.7257853403141361 0.6550925925925926 0.013089005235602094 0.019444444444444445
0 0.40772251308900526 0.4375 0.013089005235602094 0.019444444444444445
3 0.724476439790576 0.25324074074074077 0.013089005235602094 0.019444444444444445
0 0.8723821989528796 0.5217592592592593 0.013089005235602094 0.019444444444444445