7 0.724476439790576 0.25324074074074077 0.013089005235602094 0.019444444444444445
0 0.406413612565445 0.836574074074074 0.013089005235602094 0.019444444444444445
10 0.9096858638743456 0.25046296296296294 0.013089005235602094 0.019444444444444445
9 0.9096858638743456 0.2763888888888889 0.013089005235602094 0.019444444444444445
3 0.9502617801047121 0.6532407407407408 0.013089005235602094 0.019444444444444445
2 0.9476439790575916 0.30833333333333335 0.014397905759162303 0.022222222222222223
8 0.7637434554973822 0.17083333333333334 0.013089005235602094 0.019444444444444445
2 0.8514397905759162 0.6800925925925926 0.013089005235602094 0.019444444444444445
0 0.7257853403141361 0.30416666666666664 0.013089005235602094 0.019444444444444445
10 0.9502617801047121 0.7615740740740741 0.013089005235602094 0.019444444444444445
2 0.17801047120418848 0.6291666666666667 0.013089005235602094 0.019444444444444445
10 0.9116492146596858 0.33194444444444443 0.013089005235602094 0.019444444444444445
10 0.8520942408376964 0.7893518518518519 0.013089005235602094 0.019444444444444445
0 0.7637434554973822 0.22361111111111112 0.013089005235602094 0.019444444444444445
0 0.7905759162303665 0.6263888888888889 0.013089005235602094 0.019444444444444445