12 0.8514397905759162 0.7625 0.013089005235602094 0.019444444444444445
7 0.7886125654450262 0.7078703703703704 0.013089005235602094 0.019444444444444445
4 0.8717277486910995 0.16898148148148148 0.013089005235602094 0.019444444444444445
2 0.7238219895287958 0.7087962962962963 0.013089005235602094 0.019444444444444445
5 0.9456806282722513 0.25 0.014397905759162303 0.022222222222222223
0 0.762434554973822 0.19768518518518519 0.013089005235602094 0.019444444444444445
5 0.9469895287958116 0.14444444444444443 0.014397905759162303 0.022222222222222223
3 0.7990837696335078 0.24953703703703703 0.013089005235602094 0.019444444444444445
12 0.17735602094240838 0.4375 0.013089005235602094 0.019444444444444445
11 0.9509162303664922 0.6282407407407408 0.013089005235602094 0.019444444444444445
9 0.7617801047120419 0.27824074074074073 0.013089005235602094 0.019444444444444445