10 0.9077225130890052 0.1439814814814815 0.013089005235602094 0.019444444444444445
11 0.8723821989528796 0.14212962962962963 0.013089005235602094 0.019444444444444445
5 0.725130890052356 0.19768518518518519 0.013089005235602094 0.019444444444444445
1 0.7617801047120419 0.3837962962962963 0.013089005235602094 0.019444444444444445
8 0.9103403141361257 0.4412037037037037 0.013089005235602094 0.019444444444444445
1 0.7990837696335078 0.24953703703703703 0.013089005235602094 0.019444444444444445
4 0.725130890052356 0.6273148148148148 0.013089005235602094 0.019444444444444445
8 0.9469895287958116 0.33425925925925926 0.014397905759162303 0.022222222222222223
0 0.7899214659685864 0.6541666666666667 0.013089005235602094 0.019444444444444445
4 0.887434554973822 0.6236111111111111 0.013089005235602094 0.019444444444444445
7 0.17801047120418848 0.7328703703703704 0.013089005235602094 0.019444444444444445
6 0.8730366492146597 0.4097222222222222 0.013089005235602094 0.019444444444444445
8 0.762434554973822 0.3050925925925926 0.013089005235602094 0.019444444444444445
0 0.9469895287958116 0.2814814814814815 0.014397905759162303 0.022222222222222223