11 0.8514397905759162 0.6800925925925926 0.013089005235602094 0.019444444444444445
4 0.4083769633507853 0.6300925925925925 0.013089005235602094 0.019444444444444445
10 0.7899214659685864 0.6541666666666667 0.013089005235602094 0.019444444444444445
10 0.725130890052356 0.6273148148148148 0.013089005235602094 0.019444444444444445
1 0.7257853403141361 0.4162037037037037 0.013089005235602094 0.019444444444444445
0 0.40772251308900526 0.7347222222222223 0.013089005235602094 0.019444444444444445
11 0.9509162303664922 0.6800925925925926 0.013089005235602094 0.019444444444444445
10 0.7990837696335078 0.27824074074074073 0.013089005235602094 0.019444444444444445
11 0.762434554973822 0.3587962962962963 0.013089005235602094 0.019444444444444445
10 0.7617801047120419 0.27824074074074073 0.013089005235602094 0.019444444444444445
10 0.9502617801047121 0.7078703703703704 0.013089005235602094 0.019444444444444445
9 0.724476439790576 0.46805555555555556 0.013089005235602094 0.019444444444444445
10 0.7886125654450262 0.7078703703703704 0.013089005235602094 0.019444444444444445