0 0.7990837696335078 0.22268518518518518 0.013089005235602094 0.019444444444444445
0 0.8730366492146597 0.36157407407407405 0.013089005235602094 0.019444444444444445
10 0.7990837696335078 0.24953703703703703 0.013089005235602094 0.019444444444444445
10 0.8723821989528796 0.33287037037037037 0.013089005235602094 0.019444444444444445
0 0.7990837696335078 0.3337962962962963 0.013089005235602094 0.019444444444444445
12 0.7886125654450262 0.8430555555555556 0.013089005235602094 0.019444444444444445
10 0.8520942408376964 0.7069444444444445 0.013089005235602094 0.019444444444444445
7 0.7257853403141361 0.43842592592592594 0.013089005235602094 0.019444444444444445
0 0.7886125654450262 0.7893518518518519 0.013089005235602094 0.019444444444444445
1 0.9096858638743456 0.22361111111111112 0.013089005235602094 0.019444444444444445
0 0.724476439790576 0.46805555555555556 0.013089005235602094 0.019444444444444445
8 0.8514397905759162 0.7625 0.013089005235602094 0.019444444444444445
10 0.724476439790576 0.7615740740740741 0.013089005235602094 0.019444444444444445
10 0.9077225130890052 0.1439814814814815 0.013089005235602094 0.019444444444444445
1 0.7637434554973822 0.17083333333333334 0.013089005235602094 0.019444444444444445