11 0.9096858638743456 0.38842592592592595 0.013089005235602094 0.019444444444444445
2 0.7257853403141361 0.30416666666666664 0.013089005235602094 0.019444444444444445
11 0.7899214659685864 0.8152777777777778 0.013089005235602094 0.019444444444444445
0 0.9096858638743456 0.2763888888888889 0.013089005235602094 0.019444444444444445
4 0.725130890052356 0.19768518518518519 0.013089005235602094 0.019444444444444445
9 0.725130890052356 0.1162037037037037 0.013089005235602094 0.019444444444444445
9 0.725130890052356 0.35694444444444445 0.013089005235602094 0.019444444444444445
10 0.7257853403141361 0.4162037037037037 0.013089005235602094 0.019444444444444445
11 0.9103403141361257 0.19768518518518519 0.013089005235602094 0.019444444444444445
0 0.8730366492146597 0.4097222222222222 0.013089005235602094 0.019444444444444445
10 0.762434554973822 0.14212962962962963 0.013089005235602094 0.019444444444444445
7 0.40903141361256545 0.5356481481481481 0.013089005235602094 0.019444444444444445
8 0.9509162303664922 0.6282407407407408 0.013089005235602094 0.019444444444444445