10 0.4501953125 0.3759765625 0.025390625 0.013671875
8 0.4033203125 0.572265625 0.025390625 0.013671875
6 0.916015625 0.748046875 0.025390625 0.013671875
3 0.404296875 0.4736328125 0.025390625 0.013671875
7 0.8251953125 0.744140625 0.025390625 0.013671875
12 0.6240234375 0.3828125 0.025390625 0.013671875
11 0.4169921875 0.3291015625 0.025390625 0.013671875
8 0.3818359375 0.3515625 0.025390625 0.013671875
11 0.9169921875 0.701171875 0.025390625 0.013671875
10 0.404296875 0.5224609375 0.025390625 0.013671875
9 0.826171875 0.4716796875 0.025390625 0.013671875
10 0.3427734375 0.498046875 0.025390625 0.013671875
10 0.6416015625 0.794921875 0.025390625 0.013671875