9 0.9482421875 0.4921875 0.025390625 0.013671875
5 0.404296875 0.4736328125 0.025390625 0.013671875
1 0.640625 0.74609375 0.025390625 0.013671875
0 0.6748046875 0.6767578125 0.025390625 0.013671875
5 0.4501953125 0.3046875 0.025390625 0.013671875
1 0.6416015625 0.697265625 0.025390625 0.013671875
7 0.8583984375 0.7216796875 0.025390625 0.013671875
0 0.4033203125 0.572265625 0.025390625 0.013671875
4 0.625 0.4697265625 0.025390625 0.013671875
1 0.623046875 0.5205078125 0.025390625 0.013671875
11 0.4169921875 0.3291015625 0.025390625 0.013671875
1 0.4501953125 0.3759765625 0.025390625 0.013671875
8 0.9482421875 0.388671875 0.025390625 0.013671875
2 0.9501953125 0.6748046875 0.025390625 0.013671875
1 0.826171875 0.4716796875 0.025390625 0.013671875