10 0.29972044728434505 0.7466254218222722 0.009984025559105431 0.011811023622047244
0 0.7869408945686901 0.27249718785151855 0.009984025559105431 0.011811023622047244
8 0.6615415335463258 0.920978627671541 0.009984025559105431 0.011811023622047244
3 0.3117012779552716 0.4423509561304837 0.009984025559105431 0.011811023622047244
3 0.6759185303514377 0.8321147356580427 0.009984025559105431 0.011811023622047244
11 0.45427316293929715 0.281496062992126 0.009984025559105431 0.011811023622047244
10 0.6555511182108626 0.44797525309336333 0.009984025559105431 0.011811023622047244
3 0.42631789137380194 0.9114173228346457 0.009984025559105431 0.011811023622047244
0 0.6619408945686901 0.9648481439820022 0.009984025559105431 0.011811023622047244
11 0.4910143769968051 0.30568053993250843 0.009984025559105431 0.011811023622047244
0 0.7877396166134185 0.18082114735658042 0.009984025559105431 0.011811023622047244
1 0.3113019169329074 0.23312710911136109 0.009984025559105431 0.011811023622047244
9 0.9652555910543131 0.6448256467941508 0.00878594249201278 0.012935883014623173
8 0.8057108626198083 0.8484251968503937 0.009984025559105431 0.011811023622047244
10 0.8049121405750799 0.8264904386951631 0.009984025559105431 0.011811023622047244