0 0.6759185303514377 0.577334083239595 0.009984025559105431 0.011811023622047244
1 0.1459664536741214 0.29893138357705284 0.009984025559105431 0.011811023622047244
1 0.9726437699680511 0.2983689538807649 0.009984025559105431 0.011811023622047244
12 0.45427316293929715 0.3984814398200225 0.009984025559105431 0.011811023622047244
0 0.42671725239616615 0.8652980877390326 0.009984025559105431 0.011811023622047244
0 0.8085063897763578 0.29611923509561305 0.009984025559105431 0.011811023622047244
0 0.9380990415335463 0.6684476940382452 0.00878594249201278 0.012935883014623173
1 0.9287140575079872 0.34448818897637795 0.009984025559105431 0.011811023622047244
2 0.6527555910543131 0.8084926884139483 0.009984025559105431 0.011811023622047244
0 0.8085063897763578 0.24887514060742408 0.009984025559105431 0.011811023622047244
2 0.8053115015974441 0.7786839145106862 0.009984025559105431 0.011811023622047244