8 0.2985223642172524 0.6521372328458943 0.009984025559105431 0.011811023622047244
10 0.1459664536741214 0.4738470191226097 0.009984025559105431 0.011811023622047244
7 0.9287140575079872 0.5092800899887514 0.009984025559105431 0.011811023622047244
9 0.4910143769968051 0.30568053993250843 0.009984025559105431 0.011811023622047244
1 0.455870607028754 0.18644544431946006 0.009984025559105431 0.011811023622047244
1 0.9388977635782748 0.7629358830146231 0.00878594249201278 0.012935883014623173
11 0.9768370607028753 0.7629358830146231 0.00878594249201278 0.012935883014623173
3 0.6619408945686901 0.9648481439820022 0.009984025559105431 0.011811023622047244
0 0.6735223642172524 0.9417885264341957 0.009984025559105431 0.011811023622047244
6 0.7869408945686901 0.27249718785151855 0.009984025559105431 0.011811023622047244
7 0.45467252396166136 0.32761529808773904 0.009984025559105431 0.011811023622047244
3 0.9295127795527156 0.2736220472440945 0.009984025559105431 0.011811023622047244
11 0.45507188498402557 0.5137795275590551 0.009984025559105431 0.011811023622047244