1 0.9295127795527156 0.2736220472440945 0.009984025559105431 0.011811023622047244
2 0.9388977635782748 0.6217660292463442 0.00878594249201278 0.012935883014623173
1 0.3105031948881789 0.41929133858267714 0.009984025559105431 0.011811023622047244
9 0.45507188498402557 0.234251968503937 0.009984025559105431 0.011811023622047244
1 0.42671725239616615 0.8652980877390326 0.009984025559105431 0.011811023622047244
7 0.455870607028754 0.18644544431946006 0.009984025559105431 0.011811023622047244
6 0.3113019169329074 0.23312710911136109 0.009984025559105431 0.011811023622047244
0 0.7865415335463258 0.6510123734533183 0.009984025559105431 0.011811023622047244
0 0.6527555910543131 0.8084926884139483 0.009984025559105431 0.011811023622047244
1 0.9287140575079872 0.34448818897637795 0.009984025559105431 0.011811023622047244
8 0.6735223642172524 0.9417885264341957 0.009984025559105431 0.011811023622047244