12 0.4790335463258786 0.9114173228346457 0.009984025559105431 0.011811023622047244
5 0.45427316293929715 0.281496062992126 0.009984025559105431 0.011811023622047244
7 0.14516773162939298 0.4969066366704162 0.009984025559105431 0.011811023622047244
3 0.8037140575079872 0.40129358830146233 0.009984025559105431 0.011811023622047244
11 0.4866214057507987 0.7758717660292463 0.009984025559105431 0.011811023622047244
1 0.6555511182108626 0.44797525309336333 0.009984025559105431 0.011811023622047244
3 0.9644568690095847 0.7393138357705287 0.00878594249201278 0.012935883014623173
11 0.4914137380191693 0.2567491563554556 0.009984025559105431 0.011811023622047244
0 0.8053115015974441 0.7786839145106862 0.009984025559105431 0.011811023622047244
12 0.42631789137380194 0.9114173228346457 0.009984025559105431 0.011811023622047244
11 0.14636581469648563 0.3219910011248594 0.009984025559105431 0.011811023622047244
10 0.9388977635782748 0.7629358830146231 0.00878594249201278 0.012935883014623173
10 0.45507188498402557 0.234251968503937 0.009984025559105431 0.011811023622047244