1 0.7873402555910544 0.5329021372328459 0.009984025559105431 0.011811023622047244
0 0.9380990415335463 0.8309898762654668 0.00878594249201278 0.012935883014623173
5 0.9291134185303515 0.22862767154105737 0.009984025559105431 0.011811023622047244
0 0.6735223642172524 0.9417885264341957 0.009984025559105431 0.011811023622047244
1 0.4790335463258786 0.9114173228346457 0.009984025559105431 0.011811023622047244
0 0.9656549520766773 0.9029808773903262 0.00878594249201278 0.012935883014623173
12 0.8053115015974441 0.7320022497187851 0.009984025559105431 0.011811023622047244
0 0.3105031948881789 0.1858830146231721 0.009984025559105431 0.011811023622047244
0 0.16114217252396165 0.8084926884139483 0.009984025559105431 0.011811023622047244
12 0.14636581469648563 0.6858830146231721 0.009984025559105431 0.011811023622047244
0 0.6527555910543131 0.8084926884139483 0.009984025559105431 0.011811023622047244
3 0.1619408945686901 0.7792463442069741 0.009984025559105431 0.011811023622047244
0 0.9287140575079872 0.5092800899887514 0.009984025559105431 0.011811023622047244
0 0.49181309904153353 0.3737345331833521 0.009984025559105431 0.011811023622047244