6 0.7877396166134185 0.18082114735658042 0.009984025559105431 0.011811023622047244
5 0.9388977635782748 0.7168166479190101 0.00878594249201278 0.012935883014623173
1 0.9768370607028753 0.7629358830146231 0.00878594249201278 0.012935883014623173
1 0.18430511182108625 0.9429133858267716 0.009984025559105431 0.011811023622047244
0 0.9652555910543131 0.6920697412823397 0.00878594249201278 0.012935883014623173
12 0.1619408945686901 0.7792463442069741 0.009984025559105431 0.011811023622047244
0 0.6531549520766773 0.7623734533183352 0.009984025559105431 0.011811023622047244
0 0.9644568690095847 0.7393138357705287 0.00878594249201278 0.012935883014623173
2 0.4914137380191693 0.2567491563554556 0.009984025559105431 0.011811023622047244
12 0.9544728434504792 0.96822272215973 0.00878594249201278 0.012935883014623173
2 0.45307507987220447 0.8883577052868391 0.009984025559105431 0.011811023622047244
5 0.45427316293929715 0.281496062992126 0.009984025559105431 0.011811023622047244