0 0.28694250403009136 0.8230827638572513 0.010746910263299301 0.016704631738800303
2 0.261687264911338 0.8409263477600607 0.017195056421278884 0.017463933181473046
0 0.4723267060720043 0.5075930144267274 0.017195056421278884 0.017463933181473046
0 0.2262224610424503 0.626044039483675 0.017195056421278884 0.017463933181473046
0 0.5126276195593766 0.6564160971905847 0.017195056421278884 0.017463933181473046
2 0.5572272971520688 0.570615034168565 0.017195056421278884 0.017463933181473046
12 0.28747984954325634 0.7805618830675778 0.010746910263299301 0.016704631738800303
0 0.7571198280494358 0.8728170083523159 0.017195056421278884 0.017463933181473046
1 0.47340139709833423 0.7839787395596052 0.017195056421278884 0.017463933181473046
0 0.7565824825362708 0.9191343963553531 0.017195056421278884 0.017463933181473046
0 0.5572272971520688 0.5918754745634016 0.017195056421278884 0.017463933181473046