6 0.5126276195593766 0.6564160971905847 0.017195056421278884 0.017463933181473046
0 0.9032778076303063 0.2486712224753227 0.017195056421278884 0.017463933181473046
3 0.5561526061257388 0.6996962794229309 0.017195056421278884 0.017463933181473046
4 0.16872649113379903 0.6457858769931663 0.017195056421278884 0.017463933181473046
2 0.739924771628157 0.29422930903568717 0.017195056421278884 0.017463933181473046
10 0.28801719505642126 0.564540622627183 0.017195056421278884 0.017463933181473046
5 0.5561526061257388 0.6366742596810934 0.017195056421278884 0.017463933181473046
11 0.5900053734551316 0.2911921032649962 0.017195056421278884 0.017463933181473046
11 0.4723267060720043 0.6366742596810934 0.017195056421278884 0.017463933181473046
8 0.7549704459967759 0.8234624145785877 0.017195056421278884 0.017463933181473046
1 0.5572272971520688 0.5918754745634016 0.017195056421278884 0.017463933181473046