2 0.28801719505642126 0.564540622627183 0.017195056421278884 0.017463933181473046
9 0.800644814615798 0.7566438876233865 0.017195056421278884 0.017463933181473046
12 0.5900053734551316 0.26917236142748674 0.017195056421278884 0.017463933181473046
10 0.8017195056421279 0.8006833712984055 0.017195056421278884 0.017463933181473046
3 0.5878559914024718 0.7198177676537585 0.010746910263299301 0.016704631738800303
9 0.7635679742074154 0.357630979498861 0.010746910263299301 0.016704631738800303
7 0.5137023105857066 0.5721336370539104 0.017195056421278884 0.017463933181473046
10 0.5910800644814616 0.9206529992406985 0.017195056421278884 0.017463933181473046
0 0.5126276195593766 0.6564160971905847 0.017195056421278884 0.017463933181473046
10 0.2246104245029554 0.544039483675019 0.017195056421278884 0.017463933181473046
3 0.5572272971520688 0.5060744115413819 0.017195056421278884 0.017463933181473046
4 0.737775389575497 0.5652999240698557 0.017195056421278884 0.017463933181473046
11 0.28747984954325634 0.3830675778283979 0.017195056421278884 0.017463933181473046