1 0.800644814615798 0.7088078967350038 0.017195056421278884 0.017463933181473046
0 0.26276195593766793 0.7619589977220956 0.017195056421278884 0.017463933181473046
1 0.261687264911338 0.884206529992407 0.017195056421278884 0.017463933181473046
0 0.28747984954325634 0.33826879271070615 0.017195056421278884 0.017463933181473046
0 0.261687264911338 0.8409263477600607 0.017195056421278884 0.017463933181473046
1 0.4691026329930145 0.9039483675018982 0.017195056421278884 0.017463933181473046
9 0.738312735088662 0.5220197418375095 0.017195056421278884 0.017463933181473046
1 0.28747984954325634 0.36104783599088835 0.017195056421278884 0.017463933181473046
4 0.9247716281569048 0.3621867881548975 0.010746910263299301 0.016704631738800303
4 0.5889306824288018 0.44267274107820803 0.010746910263299301 0.016704631738800303
2 0.5916174099946265 0.3344722854973424 0.017195056421278884 0.017463933181473046
0 0.28801719505642126 0.2949886104783599 0.017195056421278884 0.017463933181473046
12 0.7646426652337452 0.2718299164768413 0.010746910263299301 0.016704631738800303