1 0.5577646426652337 0.4422930903568717 0.017195056421278884 0.017463933181473046
6 0.28694250403009136 0.8230827638572513 0.010746910263299301 0.016704631738800303
12 0.7372380440623321 0.4263477600607441 0.017195056421278884 0.017463933181473046
12 0.28694250403009136 0.27145026575550496 0.017195056421278884 0.017463933181473046
2 0.7619559376679205 0.31662870159453305 0.010746910263299301 0.016704631738800303
5 0.9043524986566363 0.4741837509491268 0.017195056421278884 0.017463933181473046
3 0.47340139709833423 0.6974183750949127 0.017195056421278884 0.017463933181473046
1 0.9043524986566363 0.517463933181473 0.017195056421278884 0.017463933181473046
3 0.5583019881783987 0.5288534548215642 0.017195056421278884 0.017463933181473046
2 0.7635679742074154 0.4054669703872437 0.010746910263299301 0.016704631738800303
0 0.26276195593766793 0.9259681093394078 0.017195056421278884 0.017463933181473046
0 0.5878559914024718 0.7198177676537585 0.010746910263299301 0.016704631738800303
1 0.47178936055883935 0.5918754745634016 0.017195056421278884 0.017463933181473046
4 0.28801719505642126 0.6457858769931663 0.017195056421278884 0.017463933181473046
0 0.28747984954325634 0.33826879271070615 0.017195056421278884 0.017463933181473046