6 0.47340139709833423 0.6974183750949127 0.017195056421278884 0.017463933181473046
10 0.5142396560988716 0.4407744874715262 0.017195056421278884 0.017463933181473046
1 0.9247716281569048 0.49582384206529995 0.010746910263299301 0.016704631738800303
10 0.7555077915099409 0.781700835231587 0.017195056421278884 0.017463933181473046
5 0.47178936055883935 0.4415337889141989 0.017195056421278884 0.017463933181473046
2 0.261687264911338 0.884206529992407 0.017195056421278884 0.017463933181473046
11 0.26276195593766793 0.9259681093394078 0.017195056421278884 0.017463933181473046
8 0.9043524986566363 0.3838268792710706 0.017195056421278884 0.017463933181473046
4 0.28801719505642126 0.2949886104783599 0.017195056421278884 0.017463933181473046
3 0.5857066093498119 0.785876993166287 0.010746910263299301 0.016704631738800303
9 0.5916174099946265 0.3344722854973424 0.017195056421278884 0.017463933181473046
6 0.5142396560988716 0.5273348519362187 0.017195056421278884 0.017463933181473046
11 0.7635679742074154 0.4533029612756264 0.010746910263299301 0.016704631738800303
0 0.4723267060720043 0.54707668944571 0.017195056421278884 0.017463933181473046