4 0.9675213675213675 0.2937147461724416 0.018233618233618232 0.016921837228041903
11 0.30313390313390315 0.5701047542304593 0.018233618233618232 0.016921837228041903
9 0.09515669515669516 0.17767929089443996 0.018233618233618232 0.016921837228041903
11 0.49230769230769234 0.773972602739726 0.018233618233618232 0.016921837228041903
10 0.3037037037037037 0.3098307816277196 0.018233618233618232 0.016921837228041903
0 0.6153846153846154 0.7771958098307816 0.018233618233618232 0.016921837228041903
0 0.9669515669515669 0.6724415793714746 0.018233618233618232 0.016921837228041903
3 0.9669515669515669 0.4443996776792909 0.018233618233618232 0.016921837228041903
9 0.9686609686609686 0.5435132957292506 0.018233618233618232 0.016921837228041903
9 0.20056980056980056 0.701450443190975 0.018233618233618232 0.016921837228041903
4 0.8552706552706553 0.3058017727639001 0.018233618233618232 0.016921837228041903