1 0.20056980056980056 0.701450443190975 0.018233618233618232 0.016921837228041903
0 0.30427350427350425 0.17767929089443996 0.018233618233618232 0.016921837228041903
1 0.6153846153846154 0.927880741337631 0.018233618233618232 0.016921837228041903
12 0.4928774928774929 0.3106365834004835 0.012535612535612535 0.015310233682514102
0 0.6148148148148148 0.5789685737308622 0.018233618233618232 0.016921837228041903
0 0.49173789173789173 0.41055600322320707 0.012535612535612535 0.015310233682514102
2 0.7344729344729345 0.443593875906527 0.018233618233618232 0.016921837228041903
0 0.46096866096866096 0.3356164383561644 0.012535612535612535 0.015310233682514102
1 0.09515669515669516 0.8311845286059629 0.018233618233618232 0.016921837228041903
9 0.0962962962962963 0.9609186140209508 0.018233618233618232 0.016921837228041903
2 0.8558404558404559 0.21232876712328766 0.018233618233618232 0.016921837228041903
2 0.09743589743589744 0.4403706688154714 0.018233618233618232 0.016921837228041903
1 0.49173789173789173 0.10757453666398066 0.012535612535612535 0.015310233682514102
4 0.9669515669515669 0.6724415793714746 0.018233618233618232 0.016921837228041903