8 0.30313390313390315 0.5701047542304593 0.018233618233618232 0.016921837228041903
12 0.7350427350427351 0.19218372280419016 0.018233618233618232 0.016921837228041903
4 0.4928774928774929 0.3106365834004835 0.012535612535612535 0.015310233682514102
10 0.8558404558404559 0.21232876712328766 0.018233618233618232 0.016921837228041903
5 0.6136752136752137 0.5306204673650282 0.018233618233618232 0.016921837228041903
12 0.09515669515669516 0.8311845286059629 0.018233618233618232 0.016921837228041903
0 0.4603988603988604 0.38477034649476227 0.012535612535612535 0.015310233682514102
7 0.4547008547008547 0.8497179693795326 0.018233618233618232 0.016921837228041903
11 0.4603988603988604 0.2832393231265109 0.012535612535612535 0.015310233682514102
2 0.7350427350427351 0.290491539081386 0.018233618233618232 0.016921837228041903
0 0.9686609686609686 0.3920225624496374 0.018233618233618232 0.016921837228041903
3 0.6153846153846154 0.11079774375503626 0.018233618233618232 0.016921837228041903
10 0.09572649572649573 0.5676873489121677 0.018233618233618232 0.016921837228041903