1 0.452991452991453 0.7997582594681708 0.018233618233618232 0.016921837228041903
4 0.8575498575498576 0.403303787268332 0.018233618233618232 0.016921837228041903
2 0.6153846153846154 0.15995165189363417 0.018233618233618232 0.016921837228041903
9 0.30427350427350425 0.701450443190975 0.018233618233618232 0.016921837228041903
1 0.452991452991453 0.8996776792908945 0.018233618233618232 0.016921837228041903
10 0.49230769230769234 0.15914585012087026 0.012535612535612535 0.015310233682514102
12 0.2 0.17767929089443996 0.018233618233618232 0.016921837228041903
7 0.09515669515669516 0.3074133763094279 0.018233618233618232 0.016921837228041903
12 0.4905982905982906 0.8763094278807413 0.018233618233618232 0.016921837228041903
2 0.49173789173789173 0.8271555197421434 0.018233618233618232 0.016921837228041903
10 0.20113960113960114 0.9601128122481869 0.018233618233618232 0.016921837228041903
10 0.19886039886039886 0.5668815471394038 0.018233618233618232 0.016921837228041903