10 0.30188141391106044 0.8955645161290322 0.013112884834663626 0.01935483870967742
2 0.511259977194983 0.3717741935483871 0.016818700114025087 0.01935483870967742
4 0.9372862029646523 0.9358870967741936 0.013112884834663626 0.01935483870967742
12 0.6948403648802737 0.3439516129032258 0.016818700114025087 0.01935483870967742
10 0.5389110604332953 0.6366935483870968 0.016818700114025087 0.01935483870967742
6 0.5025655644241733 0.9641129032258065 0.013112884834663626 0.01935483870967742
10 0.5028506271379704 0.8637096774193549 0.013112884834663626 0.01935483870967742
0 0.4847491448118586 0.6391129032258065 0.016818700114025087 0.01935483870967742
1 0.5034207525655644 0.9153225806451613 0.013112884834663626 0.01935483870967742
11 0.5276510832383124 0.8879032258064516 0.013112884834663626 0.01935483870967742
4 0.8718643101482326 0.3556451612903226 0.016818700114025087 0.01935483870967742