6 0.7202109464082098 0.6201612903225806 0.02708095781071836 0.02338709677419355
12 0.34806157354618017 0.6709677419354839 0.01767388825541619 0.01935483870967742
11 0.21336944127708096 0.425 0.033352337514253136 0.020967741935483872
7 0.34763397947548463 0.697983870967742 0.016818700114025087 0.01935483870967742
4 0.5276510832383124 0.9395161290322581 0.013112884834663626 0.01935483870967742
5 0.9615165336374002 0.8887096774193548 0.013112884834663626 0.01935483870967742
7 0.5034207525655644 0.8887096774193548 0.013112884834663626 0.01935483870967742
9 0.27765108323831245 0.8673387096774193 0.013112884834663626 0.01935483870967742
11 0.7363169897377423 0.932258064516129 0.013112884834663626 0.01935483870967742
0 0.3675883694412771 0.425 0.033352337514253136 0.020967741935483872
8 0.5028506271379704 0.8387096774193549 0.013112884834663626 0.01935483870967742
8 0.5025655644241733 0.9641129032258065 0.013112884834663626 0.01935483870967742