1 0.3382518948556684 0.7445838084378563 0.007901951298177712 0.013683010262257697
1 0.739477503628447 0.6111744583808438 0.007901951298177712 0.013683010262257697
4 0.341799709724238 0.24686431014823262 0.007901951298177712 0.013683010262257697
2 0.36953717142396386 0.9084948688711516 0.007901951298177712 0.013683010262257697
1 0.28309950008063217 0.8825541619156214 0.007901951298177712 0.013683010262257697
1 0.49580712788259956 0.36801596351197263 0.007901951298177712 0.013683010262257697
1 0.471778745363651 0.790193842645382 0.007901951298177712 0.013683010262257697
6 0.6148201902918884 0.33238312428734323 0.007901951298177712 0.013683010262257697
1 0.510482180293501 0.24629418472063855 0.007901951298177712 0.013683010262257697
1 0.5296726334462184 0.604903078677309 0.007901951298177712 0.013683010262257697
0 0.3084179970972424 0.3275370581527936 0.007901951298177712 0.013683010262257697
0 0.49564586357039186 0.32867730900798175 0.007901951298177712 0.013683010262257697