0 0.8610707950330592 0.44042189281641964 0.007901951298177712 0.013683010262257697
10 0.5262860828898565 0.4090649942987457 0.007901951298177712 0.013683010262257697
7 0.4779067892275439 0.3275370581527936 0.007901951298177712 0.013683010262257697
2 0.30777293984841153 0.7728050171037628 0.007901951298177712 0.013683010262257697
10 0.49564586357039186 0.44783352337514254 0.007901951298177712 0.013683010262257697
10 0.7643122077084341 0.7408779931584949 0.007901951298177712 0.013683010262257697
4 0.9599258184163845 0.895096921322691 0.007901951298177712 0.013683010262257697
11 0.7510885341074021 0.8480615735461802 0.007901951298177712 0.013683010262257697
7 0.3566360264473472 0.28677309007981755 0.007901951298177712 0.013683010262257697
0 0.33760683760683763 0.6636259977194983 0.007901951298177712 0.013683010262257697
11 0.510482180293501 0.24629418472063855 0.007901951298177712 0.013683010262257697