12 0.8978050171037628 0.6201612903225806 0.02708095781071836 0.02338709677419355
1 0.5276510832383124 0.8879032258064516 0.013112884834663626 0.01935483870967742
1 0.2782212086659065 0.8959677419354839 0.013112884834663626 0.01935483870967742
1 0.5276510832383124 0.9141129032258064 0.013112884834663626 0.01935483870967742
2 0.6942702394526796 0.3725806451612903 0.016818700114025087 0.01935483870967742
9 0.6948403648802737 0.3439516129032258 0.016818700114025087 0.01935483870967742
0 0.5276510832383124 0.964516129032258 0.013112884834663626 0.01935483870967742
3 0.2127993158494869 0.6838709677419355 0.033352337514253136 0.020967741935483872
0 0.5025655644241733 0.9641129032258065 0.013112884834663626 0.01935483870967742
12 0.7363169897377423 0.932258064516129 0.013112884834663626 0.01935483870967742
2 0.9615165336374002 0.8887096774193548 0.013112884834663626 0.01935483870967742
5 0.34763397947548463 0.697983870967742 0.016818700114025087 0.01935483870967742
2 0.511259977194983 0.3717741935483871 0.016818700114025087 0.01935483870967742