1 0.6221662468513854 0.17437722419928825 0.010075566750629723 0.014234875444839857
1 0.6221662468513854 0.15658362989323843 0.010075566750629723 0.014234875444839857
1 0.17170445004198154 0.3570581257413998 0.009235936188077247 0.009489916963226572
0 0.014693534844668345 0.35231316725978645 0.009235936188077247 0.009489916963226572
0 0.023089840470193114 0.31198102016607354 0.01595298068849706 0.02372479240806643
1 0.5071368597816961 0.15776986951364175 0.010075566750629723 0.014234875444839857
0 0.5734676742233418 0.19217081850533807 0.010075566750629723 0.014234875444839857
5 0.5734676742233418 0.265717674970344 0.010075566750629723 0.014234875444839857
5 0.6095717884130982 0.2846975088967972 0.010075566750629723 0.014234875444839857
0 0.5566750629722922 0.5088967971530249 0.010075566750629723 0.014234875444839857
0 0.014693534844668345 0.49940688018979834 0.009235936188077247 0.009489916963226572
2 0.5079764903442485 0.1376037959667853 0.010075566750629723 0.014234875444839857