11 0.5071368597816961 0.34519572953736655 0.010075566750629723 0.014234875444839857
4 0.5071368597816961 0.36061684460260973 0.010075566750629723 0.014234875444839857
0 0.5205709487825357 0.2846975088967972 0.010075566750629723 0.014234875444839857
0 0.5566750629722922 0.49347568208778175 0.010075566750629723 0.014234875444839857
11 0.023089840470193114 0.46144721233689207 0.01595298068849706 0.02372479240806643
0 0.5566750629722922 0.5088967971530249 0.010075566750629723 0.014234875444839857
0 0.6213266162888329 0.19217081850533807 0.010075566750629723 0.014234875444839857
11 0.5734676742233418 0.2823250296559905 0.010075566750629723 0.014234875444839857
11 0.5205709487825357 0.1542111506524318 0.010075566750629723 0.014234875444839857
12 0.17170445004198154 0.3701067615658363 0.009235936188077247 0.009489916963226572
1 0.5188916876574308 0.32977461447212336 0.010075566750629723 0.014234875444839857
10 0.6221662468513854 0.26334519572953735 0.010075566750629723 0.014234875444839857
12 0.5566750629722922 0.34638196915776986 0.010075566750629723 0.014234875444839857
3 0.5205709487825357 0.17319098457888493 0.010075566750629723 0.014234875444839857
0 0.5197313182199832 0.36180308422301305 0.010075566750629723 0.014234875444839857