1 0.511259977194983 0.3717741935483871 0.016818700114025087 0.01935483870967742
12 0.512115165336374 0.3443548387096774 0.016818700114025087 0.01935483870967742
0 0.5028506271379704 0.8387096774193549 0.013112884834663626 0.01935483870967742
9 0.4847491448118586 0.6391129032258065 0.016818700114025087 0.01935483870967742
2 0.34763397947548463 0.697983870967742 0.016818700114025087 0.01935483870967742
6 0.30188141391106044 0.8955645161290322 0.013112884834663626 0.01935483870967742
1 0.5276510832383124 0.9395161290322581 0.013112884834663626 0.01935483870967742
0 0.5025655644241733 0.9641129032258065 0.013112884834663626 0.01935483870967742
0 0.08338084378563283 0.6838709677419355 0.033352337514253136 0.020967741935483872
1 0.7363169897377423 0.8754032258064516 0.013112884834663626 0.01935483870967742
11 0.34806157354618017 0.6709677419354839 0.01767388825541619 0.01935483870967742
2 0.3675883694412771 0.425 0.033352337514253136 0.020967741935483872
9 0.9372862029646523 0.9358870967741936 0.013112884834663626 0.01935483870967742
0 0.5276510832383124 0.8879032258064516 0.013112884834663626 0.01935483870967742
4 0.5025655644241733 0.9403225806451613 0.013112884834663626 0.01935483870967742