12 0.5025655644241733 0.9403225806451613 0.013112884834663626 0.01935483870967742
0 0.5028506271379704 0.8637096774193549 0.013112884834663626 0.01935483870967742
2 0.7363169897377423 0.932258064516129 0.013112884834663626 0.01935483870967742
1 0.7363169897377423 0.8754032258064516 0.013112884834663626 0.01935483870967742
2 0.34763397947548463 0.725 0.016818700114025087 0.01935483870967742
0 0.7363169897377423 0.9604838709677419 0.013112884834663626 0.01935483870967742
0 0.5276510832383124 0.964516129032258 0.013112884834663626 0.01935483870967742
0 0.08338084378563283 0.6838709677419355 0.033352337514253136 0.020967741935483872
2 0.6942702394526796 0.3725806451612903 0.016818700114025087 0.01935483870967742
2 0.5034207525655644 0.8887096774193548 0.013112884834663626 0.01935483870967742
1 0.4847491448118586 0.6391129032258065 0.016818700114025087 0.01935483870967742
2 0.34763397947548463 0.697983870967742 0.016818700114025087 0.01935483870967742