1 0.5296726334462184 0.604903078677309 0.007901951298177712 0.013683010262257697
1 0.47742299629092083 0.40849486887115166 0.007901951298177712 0.013683010262257697
12 0.3084179970972424 0.3275370581527936 0.007901951298177712 0.013683010262257697
2 0.5262860828898565 0.3070125427594071 0.007901951298177712 0.013683010262257697
0 0.36953717142396386 0.9084948688711516 0.007901951298177712 0.013683010262257697
10 0.7514110627318175 0.49002280501710377 0.007901951298177712 0.013683010262257697
1 0.3566360264473472 0.26653363740022806 0.007901951298177712 0.013683010262257697
12 0.5109659732301242 0.467787913340935 0.007901951298177712 0.013683010262257697
10 0.6177229479116272 0.6442417331812998 0.007901951298177712 0.013683010262257697
11 0.3414771810998226 0.3278221208665906 0.007901951298177712 0.013683010262257697
2 0.370020964360587 0.8004561003420753 0.007901951298177712 0.013683010262257697
0 0.3229317851959361 0.7451539338654504 0.007901951298177712 0.013683010262257697
1 0.5261248185776488 0.26738882554161914 0.007901951298177712 0.013683010262257697