1 0.6193355910337043 0.9036488027366021 0.007901951298177712 0.013683010262257697
0 0.3569585550717626 0.4885974914481186 0.007901951298177712 0.013683010262257697
0 0.3259958071278826 0.24629418472063855 0.007901951298177712 0.013683010262257697
1 0.5112885018545396 0.40849486887115166 0.007901951298177712 0.013683010262257697
1 0.8372036768263184 0.7180729760547321 0.007901951298177712 0.013683010262257697
0 0.48774391227221414 0.6331242873432155 0.007901951298177712 0.013683010262257697
1 0.3564747621351395 0.36801596351197263 0.007901951298177712 0.013683010262257697
0 0.47048863086598935 0.8882554161915621 0.007901951298177712 0.013683010262257697
8 0.5112885018545396 0.32696693272519955 0.007901951298177712 0.013683010262257697
0 0.49548459925818417 0.2671037628278221 0.007901951298177712 0.013683010262257697
8 0.5256410256410257 0.24572405929304447 0.007901951298177712 0.013683010262257697
2 0.6156265118529269 0.5057012542759407 0.007901951298177712 0.013683010262257697