0 0.17338371116708648 0.8232502965599051 0.009235936188077247 0.009489916963226572
0 0.5079764903442485 0.1376037959667853 0.010075566750629723 0.014234875444839857
0 0.5071368597816961 0.34519572953736655 0.010075566750629723 0.014234875444839857
1 0.5197313182199832 0.36180308422301305 0.010075566750629723 0.014234875444839857
0 0.6087321578505458 0.26334519572953735 0.010075566750629723 0.014234875444839857
1 0.5608732157850546 0.17319098457888493 0.010075566750629723 0.014234875444839857
0 0.5071368597816961 0.24673784104389088 0.010075566750629723 0.014234875444839857
1 0.5071368597816961 0.15776986951364175 0.010075566750629723 0.014234875444839857
10 0.5608732157850546 0.26334519572953735 0.010075566750629723 0.014234875444839857
4 0.6087321578505458 0.2111506524317912 0.010075566750629723 0.014234875444839857
1 0.5566750629722922 0.527876631079478 0.010075566750629723 0.014234875444839857
10 0.5079764903442485 0.19217081850533807 0.010075566750629723 0.014234875444839857
0 0.6087321578505458 0.2265717674970344 0.010075566750629723 0.014234875444839857
1 0.6087321578505458 0.17319098457888493 0.010075566750629723 0.014234875444839857