0 0.5079764903442485 0.2846975088967972 0.010075566750629723 0.014234875444839857
1 0.17170445004198154 0.3274021352313167 0.009235936188077247 0.009489916963226572
2 0.021410579345088162 0.6144721233689205 0.01595298068849706 0.02372479240806643
7 0.6087321578505458 0.17319098457888493 0.010075566750629723 0.014234875444839857
8 0.023089840470193114 0.46144721233689207 0.01595298068849706 0.02372479240806643
11 0.5197313182199832 0.36180308422301305 0.010075566750629723 0.014234875444839857
12 0.5734676742233418 0.15658362989323843 0.010075566750629723 0.014234875444839857
5 0.6087321578505458 0.19217081850533807 0.010075566750629723 0.014234875444839857
10 0.5197313182199832 0.265717674970344 0.010075566750629723 0.014234875444839857
11 0.5205709487825357 0.17319098457888493 0.010075566750629723 0.014234875444839857
4 0.5071368597816961 0.2111506524317912 0.010075566750629723 0.014234875444839857
11 0.6221662468513854 0.26334519572953735 0.010075566750629723 0.014234875444839857
2 0.5608732157850546 0.17319098457888493 0.010075566750629723 0.014234875444839857