7 0.7363169897377423 0.8459677419354839 0.013112884834663626 0.01935483870967742
11 0.5276510832383124 0.9141129032258064 0.013112884834663626 0.01935483870967742
4 0.5034207525655644 0.8887096774193548 0.013112884834663626 0.01935483870967742
6 0.7363169897377423 0.932258064516129 0.013112884834663626 0.01935483870967742
11 0.6942702394526796 0.3725806451612903 0.016818700114025087 0.01935483870967742
11 0.3675883694412771 0.425 0.033352337514253136 0.020967741935483872
2 0.08338084378563283 0.6838709677419355 0.033352337514253136 0.020967741935483872
10 0.6934150513112884 0.3157258064516129 0.016818700114025087 0.01935483870967742
4 0.34763397947548463 0.697983870967742 0.016818700114025087 0.01935483870967742
9 0.30273660205245156 0.8661290322580645 0.013112884834663626 0.01935483870967742
0 0.9615165336374002 0.8887096774193548 0.013112884834663626 0.01935483870967742
7 0.5276510832383124 0.8879032258064516 0.013112884834663626 0.01935483870967742
0 0.5025655644241733 0.9403225806451613 0.013112884834663626 0.01935483870967742
11 0.34806157354618017 0.6709677419354839 0.01767388825541619 0.01935483870967742