4 0.9294468634091275 0.7881984036488028 0.007901951298177712 0.013683010262257697
0 0.3414771810998226 0.3278221208665906 0.007901951298177712 0.013683010262257697
2 0.5262860828898565 0.36801596351197263 0.007901951298177712 0.013683010262257697
7 0.49564586357039186 0.40849486887115166 0.007901951298177712 0.013683010262257697
1 0.6146589259796807 0.3922462941847206 0.007901951298177712 0.013683010262257697
1 0.3259958071278826 0.4885974914481186 0.007901951298177712 0.013683010262257697
0 0.4779067892275439 0.3275370581527936 0.007901951298177712 0.013683010262257697
4 0.5112885018545396 0.3070125427594071 0.007901951298177712 0.013683010262257697
10 0.3566360264473472 0.28677309007981755 0.007901951298177712 0.013683010262257697
12 0.7643122077084341 0.7408779931584949 0.007901951298177712 0.013683010262257697
0 0.47048863086598935 0.8882554161915621 0.007901951298177712 0.013683010262257697
1 0.32244799225931303 0.6898517673888256 0.007901951298177712 0.013683010262257697