8 0.27765108323831245 0.8673387096774193 0.013112884834663626 0.01935483870967742
1 0.5034207525655644 0.9153225806451613 0.013112884834663626 0.01935483870967742
9 0.6934150513112884 0.3157258064516129 0.016818700114025087 0.01935483870967742
11 0.512115165336374 0.3443548387096774 0.016818700114025087 0.01935483870967742
12 0.34763397947548463 0.725 0.016818700114025087 0.01935483870967742
3 0.34806157354618017 0.6709677419354839 0.01767388825541619 0.01935483870967742
12 0.5028506271379704 0.8387096774193549 0.013112884834663626 0.01935483870967742
10 0.9372862029646523 0.9358870967741936 0.013112884834663626 0.01935483870967742
12 0.5276510832383124 0.9395161290322581 0.013112884834663626 0.01935483870967742
10 0.5025655644241733 0.9403225806451613 0.013112884834663626 0.01935483870967742
12 0.511259977194983 0.3717741935483871 0.016818700114025087 0.01935483870967742
11 0.5276510832383124 0.964516129032258 0.013112884834663626 0.01935483870967742
0 0.9615165336374002 0.8887096774193548 0.013112884834663626 0.01935483870967742
5 0.7363169897377423 0.8459677419354839 0.013112884834663626 0.01935483870967742
7 0.4847491448118586 0.6391129032258065 0.016818700114025087 0.01935483870967742