12 0.49564586357039186 0.32867730900798175 0.007901951298177712 0.013683010262257697
6 0.9217061764231576 0.21949828962371723 0.007901951298177712 0.013683010262257697
10 0.5064505724883084 0.8409350057012542 0.007901951298177712 0.013683010262257697
6 0.7512497984196097 0.346636259977195 0.007901951298177712 0.013683010262257697
11 0.4779067892275439 0.3882554161915621 0.007901951298177712 0.013683010262257697
10 0.49564586357039186 0.48831242873432157 0.007901951298177712 0.013683010262257697
6 0.3259958071278826 0.44783352337514254 0.007901951298177712 0.013683010262257697
9 0.3087405257216578 0.3674458380843786 0.007901951298177712 0.013683010262257697
7 0.4780680535397517 0.2460091220068415 0.007901951298177712 0.013683010262257697
12 0.3259958071278826 0.4278791334093501 0.007901951298177712 0.013683010262257697
11 0.341799709724238 0.48916761687571264 0.007901951298177712 0.013683010262257697
4 0.506611836800516 0.8648802736602053 0.007901951298177712 0.013683010262257697