1 0.26476793248945146 0.3763020833333333 0.009142053445850914 0.014756944444444444
1 0.5573136427566807 0.10416666666666667 0.009142053445850914 0.012152777777777778
0 0.5552039381153305 0.7291666666666666 0.009142053445850914 0.012152777777777778
6 0.22679324894514769 0.2339409722222222 0.009142053445850914 0.014756944444444444
2 0.5566104078762306 0.9001736111111112 0.009142053445850914 0.012152777777777778
2 0.5566104078762306 0.8619791666666666 0.009142053445850914 0.012152777777777778
2 0.22679324894514769 0.37890625 0.009142053445850914 0.014756944444444444
0 0.26476793248945146 0.3111979166666667 0.009142053445850914 0.014756944444444444
10 0.5580168776371308 0.1423611111111111 0.009142053445850914 0.012152777777777778
8 0.5552039381153305 0.3576388888888889 0.009142053445850914 0.012152777777777778
0 0.5566104078762306 0.6310763888888888 0.009142053445850914 0.012152777777777778