0 0.26476793248945146 0.5464409722222222 0.009142053445850914 0.014756944444444444
1 0.22749648382559776 0.4457465277777778 0.009142053445850914 0.014756944444444444
1 0.5552039381153305 0.3576388888888889 0.009142053445850914 0.012152777777777778
2 0.3020393811533052 0.7877604166666666 0.009142053445850914 0.014756944444444444
2 0.22679324894514769 0.1662326388888889 0.009142053445850914 0.014756944444444444
0 0.22679324894514769 0.2339409722222222 0.009142053445850914 0.014756944444444444
0 0.5580168776371308 0.4852430555555556 0.009142053445850914 0.012152777777777778
11 0.26476793248945146 0.3111979166666667 0.009142053445850914 0.014756944444444444
1 0.5566104078762306 0.5347222222222222 0.009142053445850914 0.012152777777777778
12 0.5580168776371308 0.1423611111111111 0.009142053445850914 0.012152777777777778
0 0.26547116736990156 0.86328125 0.009142053445850914 0.014756944444444444