5 0.2661744022503516 0.8146701388888888 0.009142053445850914 0.014756944444444444
0 0.5580168776371308 0.4852430555555556 0.009142053445850914 0.012152777777777778
2 0.26476793248945146 0.5464409722222222 0.009142053445850914 0.014756944444444444
10 0.26758087201125175 0.7096354166666666 0.009142053445850914 0.014756944444444444
2 0.26547116736990156 0.8381076388888888 0.009142053445850914 0.014756944444444444
11 0.5566104078762306 0.6510416666666666 0.009142053445850914 0.012152777777777778
10 0.5573136427566807 0.10416666666666667 0.009142053445850914 0.012152777777777778
7 0.5580168776371308 0.6710069444444444 0.009142053445850914 0.012152777777777778
10 0.26476793248945146 0.2009548611111111 0.009142053445850914 0.014756944444444444
12 0.22749648382559776 0.4457465277777778 0.009142053445850914 0.014756944444444444
10 0.21554149085794655 0.5785590277777778 0.009142053445850914 0.014756944444444444
12 0.2795358649789029 0.1449652777777778 0.009142053445850914 0.012152777777777778
5 0.5573136427566807 0.25 0.009142053445850914 0.012152777777777778
1 0.5566104078762306 0.9583333333333334 0.009142053445850914 0.012152777777777778
12 0.24859353023909986 0.14366319444444445 0.009142053445850914 0.014756944444444444