0 0.26547116736990156 0.3433159722222222 0.009142053445850914 0.014756944444444444
4 0.5566104078762306 0.6310763888888888 0.009142053445850914 0.012152777777777778
0 0.30063291139240506 0.8893229166666666 0.009142053445850914 0.014756944444444444
0 0.5566104078762306 0.9583333333333334 0.009142053445850914 0.012152777777777778
12 0.26476793248945146 0.5464409722222222 0.009142053445850914 0.014756944444444444
2 0.26476793248945146 0.3763020833333333 0.009142053445850914 0.014756944444444444
1 0.2668776371308017 0.7634548611111112 0.009142053445850914 0.014756944444444444
7 0.22679324894514769 0.2339409722222222 0.009142053445850914 0.014756944444444444
0 0.5559071729957806 0.8255208333333334 0.009142053445850914 0.012152777777777778
1 0.22538677918424754 0.5464409722222222 0.009142053445850914 0.014756944444444444
1 0.26547116736990156 0.8381076388888888 0.009142053445850914 0.014756944444444444