4 0.5559071729957806 0.9383680555555556 0.009142053445850914 0.012152777777777778
0 0.5566104078762306 0.6310763888888888 0.009142053445850914 0.012152777777777778
12 0.2640646976090014 0.16536458333333334 0.009142053445850914 0.014756944444444444
6 0.5580168776371308 0.12239583333333333 0.009142053445850914 0.012152777777777778
1 0.5573136427566807 0.2170138888888889 0.009142053445850914 0.012152777777777778
1 0.22749648382559776 0.3424479166666667 0.009142053445850914 0.014756944444444444
11 0.5566104078762306 0.6510416666666666 0.009142053445850914 0.012152777777777778
6 0.26476793248945146 0.9162326388888888 0.009142053445850914 0.014756944444444444
11 0.30063291139240506 0.9153645833333334 0.009142053445850914 0.014756944444444444
8 0.22609001406469761 0.14453125 0.009142053445850914 0.014756944444444444
2 0.5580168776371308 0.1423611111111111 0.009142053445850914 0.012152777777777778