10 0.22679324894514769 0.1662326388888889 0.009142053445850914 0.014756944444444444
9 0.22749648382559776 0.4110243055555556 0.009142053445850914 0.014756944444444444
12 0.5580168776371308 0.1423611111111111 0.009142053445850914 0.012152777777777778
12 0.2668776371308017 0.7634548611111112 0.009142053445850914 0.014756944444444444
2 0.2289029535864979 0.51171875 0.009142053445850914 0.014756944444444444
0 0.5573136427566807 0.08159722222222222 0.009142053445850914 0.012152777777777778
0 0.22609001406469761 0.14453125 0.009142053445850914 0.014756944444444444
1 0.2661744022503516 0.8146701388888888 0.009142053445850914 0.014756944444444444
0 0.299929676511955 0.7365451388888888 0.009142053445850914 0.014756944444444444
1 0.16279887482419128 0.5811631944444444 0.009142053445850914 0.014756944444444444
0 0.5552039381153305 0.8046875 0.009142053445850914 0.012152777777777778
1 0.26476793248945146 0.27734375 0.009142053445850914 0.014756944444444444