1 0.26547116736990156 0.8381076388888888 0.009142053445850914 0.014756944444444444
1 0.2289029535864979 0.51171875 0.009142053445850914 0.014756944444444444
2 0.5559071729957806 0.1605902777777778 0.009142053445850914 0.012152777777777778
12 0.22749648382559776 0.4778645833333333 0.009142053445850914 0.014756944444444444
1 0.2668776371308017 0.7634548611111112 0.009142053445850914 0.014756944444444444
1 0.22609001406469761 0.3120659722222222 0.009142053445850914 0.014756944444444444
12 0.22749648382559776 0.3424479166666667 0.009142053445850914 0.014756944444444444
1 0.22609001406469761 0.14453125 0.009142053445850914 0.014756944444444444
1 0.5566104078762306 0.9001736111111112 0.009142053445850914 0.012152777777777778
2 0.22749648382559776 0.4457465277777778 0.009142053445850914 0.014756944444444444
0 0.5566104078762306 0.8810763888888888 0.009142053445850914 0.012152777777777778