10 0.5559071729957806 0.9383680555555556 0.009142053445850914 0.012152777777777778
0 0.2661744022503516 0.5134548611111112 0.009142053445850914 0.014756944444444444
8 0.2661744022503516 0.8146701388888888 0.009142053445850914 0.014756944444444444
0 0.3020393811533052 0.7113715277777778 0.009142053445850914 0.014756944444444444
12 0.30133614627285515 0.8138020833333334 0.009142053445850914 0.014756944444444444
0 0.22749648382559776 0.4457465277777778 0.009142053445850914 0.014756944444444444
8 0.5552039381153305 0.7847222222222222 0.009142053445850914 0.012152777777777778
2 0.21554149085794655 0.5785590277777778 0.009142053445850914 0.014756944444444444
3 0.30063291139240506 0.9153645833333334 0.009142053445850914 0.014756944444444444
11 0.5566104078762306 0.8619791666666666 0.009142053445850914 0.012152777777777778
12 0.5580168776371308 0.1423611111111111 0.009142053445850914 0.012152777777777778
5 0.5566104078762306 0.9001736111111112 0.009142053445850914 0.012152777777777778
9 0.2289029535864979 0.51171875 0.009142053445850914 0.014756944444444444
9 0.5566104078762306 0.4635416666666667 0.009142053445850914 0.012152777777777778
7 0.2795358649789029 0.1449652777777778 0.009142053445850914 0.012152777777777778