7 0.428515625 0.6552486187845303 0.00859375 0.011049723756906077
1 0.95546875 0.48066298342541436 0.00859375 0.011049723756906077
8 0.641015625 0.8453038674033149 0.00859375 0.011049723756906077
1 0.891796875 0.48066298342541436 0.00859375 0.011049723756906077
9 0.641796875 0.9585635359116023 0.00859375 0.011049723756906077
6 0.225 0.2861878453038674 0.00859375 0.011049723756906077
12 0.20546875 0.6215469613259669 0.00859375 0.011049723756906077
10 0.956640625 0.5176795580110497 0.00859375 0.011049723756906077
10 0.162890625 0.36132596685082874 0.00859375 0.011049723756906077
12 0.8921875 0.25082872928176797 0.00859375 0.011049723756906077
7 0.6421875 0.8839779005524862 0.00859375 0.011049723756906077
5 0.906640625 0.5359116022099447 0.00859375 0.011049723756906077