5 0.95546875 0.7679558011049724 0.00859375 0.011049723756906077
11 0.450390625 0.3602209944751381 0.00859375 0.011049723756906077
4 0.4078125 0.6370165745856353 0.00859375 0.011049723756906077
11 0.162890625 0.24861878453038674 0.00859375 0.011049723756906077
10 0.9703125 0.305524861878453 0.00859375 0.011049723756906077
8 0.428515625 0.4176795580110497 0.00859375 0.011049723756906077
2 0.2046875 0.4 0.00859375 0.011049723756906077
1 0.428515625 0.8928176795580111 0.00859375 0.011049723756906077
12 0.225390625 0.3806629834254144 0.00859375 0.011049723756906077
4 0.429296875 0.932596685082873 0.00859375 0.011049723756906077
7 0.641796875 0.2861878453038674 0.00859375 0.011049723756906077
12 0.225390625 0.7530386740331492 0.00859375 0.011049723756906077