6 0.95546875 0.6928176795580111 0.00859375 0.011049723756906077
5 0.44921875 0.43701657458563536 0.00859375 0.011049723756906077
2 0.226171875 0.49392265193370166 0.00859375 0.011049723756906077
11 0.1625 0.7690607734806629 0.00859375 0.011049723756906077
10 0.9703125 0.305524861878453 0.00859375 0.011049723756906077
3 0.97109375 0.7121546961325966 0.00859375 0.011049723756906077
7 0.906640625 0.7110497237569061 0.00859375 0.011049723756906077
9 0.4078125 0.6917127071823205 0.00859375 0.011049723756906077
1 0.225390625 0.3806629834254144 0.00859375 0.011049723756906077
11 0.44921875 0.598342541436464 0.00859375 0.011049723756906077
12 0.450390625 0.3602209944751381 0.00859375 0.011049723756906077