1 0.40859375 0.598342541436464 0.00859375 0.011049723756906077
6 0.18359375 0.6397790055248619 0.00859375 0.011049723756906077
2 0.44921875 0.43701657458563536 0.00859375 0.011049723756906077
0 0.891796875 0.48066298342541436 0.00859375 0.011049723756906077
1 0.95546875 0.32486187845303865 0.00859375 0.011049723756906077
12 0.906640625 0.7497237569060774 0.00859375 0.011049723756906077
2 0.641796875 0.24972375690607734 0.00859375 0.011049723756906077
2 0.44921875 0.9121546961325967 0.00859375 0.011049723756906077
1 0.162890625 0.8756906077348067 0.00859375 0.011049723756906077
2 0.906640625 0.7110497237569061 0.00859375 0.011049723756906077
12 0.96171875 0.9613259668508287 0.00859375 0.011049723756906077