2 0.3929166666666667 0.4517722254503196 0.0425 0.01801278326554329
1 0.4479166666666667 0.12289366647298082 0.0425 0.01801278326554329
10 0.4454166666666667 0.15427077280650783 0.0425 0.01801278326554329
1 0.44625 0.384369552585706 0.0425 0.01801278326554329
0 0.39208333333333334 0.6812899477048228 0.0425 0.01801278326554329
2 0.39458333333333334 0.8852411388727484 0.0425 0.01801278326554329
1 0.44625 0.35008715862870426 0.0425 0.01801278326554329
6 0.44708333333333333 0.09093550261475886 0.0425 0.01801278326554329
0 0.3929166666666667 0.6022661243463103 0.0425 0.01801278326554329
0 0.8970833333333333 0.6905868680999419 0.0425 0.01801278326554329
2 0.89625 0.7219639744334689 0.0425 0.01801278326554329