6 0.9445833333333333 0.1147588611272516 0.0425 0.01801278326554329
2 0.44958333333333333 0.8352701917489832 0.0425 0.01801278326554329
1 0.3929166666666667 0.637129575828007 0.0425 0.01801278326554329
1 0.44625 0.384369552585706 0.0425 0.01801278326554329
10 0.8970833333333333 0.6905868680999419 0.0425 0.01801278326554329
4 0.9479166666666666 0.4848925043579314 0.0425 0.01801278326554329
1 0.8945833333333333 0.6551423590935502 0.0425 0.01801278326554329
2 0.9470833333333334 0.6551423590935502 0.0425 0.01801278326554329
2 0.44625 0.8864032539221383 0.0425 0.01801278326554329
2 0.3929166666666667 0.6022661243463103 0.0425 0.01801278326554329
2 0.3929166666666667 0.08977338756536897 0.0425 0.01801278326554329
2 0.3929166666666667 0.4517722254503196 0.0425 0.01801278326554329
1 0.4454166666666667 0.15427077280650783 0.0425 0.01801278326554329
0 0.39375 0.35066821615339916 0.0425 0.01801278326554329