0 0.9470833333333334 0.689424753050552 0.0425 0.01801278326554329
12 0.39375 0.35066821615339916 0.0425 0.01801278326554329
0 0.89625 0.7219639744334689 0.0425 0.01801278326554329
10 0.44625 0.35008715862870426 0.0425 0.01801278326554329
0 0.4454166666666667 0.9177803602556653 0.0425 0.01801278326554329
5 0.3929166666666667 0.6022661243463103 0.0425 0.01801278326554329
2 0.44625 0.41807088901801276 0.0425 0.01801278326554329
0 0.44708333333333333 0.09093550261475886 0.0425 0.01801278326554329
2 0.94875 0.4494479953515398 0.0425 0.01801278326554329
12 0.8970833333333333 0.6905868680999419 0.0425 0.01801278326554329
0 0.4454166666666667 0.6016850668216154 0.0425 0.01801278326554329
0 0.9479166666666666 0.29837303893085415 0.0425 0.01801278326554329