2 0.39208333333333334 0.6812899477048228 0.0425 0.01801278326554329
12 0.39458333333333334 0.9177803602556653 0.0425 0.01801278326554329
8 0.4454166666666667 0.15427077280650783 0.0425 0.01801278326554329
10 0.9470833333333334 0.6551423590935502 0.0425 0.01801278326554329
7 0.94875 0.4494479953515398 0.0425 0.01801278326554329
0 0.4479166666666667 0.12289366647298082 0.0425 0.01801278326554329
1 0.44708333333333333 0.09093550261475886 0.0425 0.01801278326554329
5 0.8945833333333333 0.6551423590935502 0.0425 0.01801278326554329
9 0.39625 0.12289366647298082 0.0425 0.01801278326554329
1 0.94875 0.8904706565950029 0.0425 0.01801278326554329
11 0.39458333333333334 0.8852411388727484 0.0425 0.01801278326554329
11 0.9479166666666666 0.9218477629285299 0.0425 0.01801278326554329