0 0.45558086560364464 0.7233695652173913 0.08200455580865604 0.03152173913043478
10 0.45558086560364464 0.8233695652173914 0.08200455580865604 0.03152173913043478
2 0.4533029612756264 0.4418478260869565 0.08200455580865604 0.03152173913043478
8 0.9066059225512528 0.5929347826086957 0.08200455580865604 0.03152173913043478
4 0.908883826879271 0.5592391304347826 0.08200455580865604 0.03152173913043478
11 0.9066059225512528 0.6255434782608695 0.08200455580865604 0.03152173913043478
12 0.45558086560364464 0.2722826086956522 0.0774487471526196 0.014130434782608696
5 0.45558086560364464 0.3766304347826087 0.08200455580865604 0.03152173913043478
5 0.45558086560364464 0.30380434782608695 0.0774487471526196 0.014130434782608696
3 0.9020501138952164 0.31032608695652175 0.08200455580865604 0.03152173913043478
11 0.4533029612756264 0.4766304347826087 0.08200455580865604 0.03152173913043478