8 0.4533029612756264 0.7559782608695652 0.08200455580865604 0.03152173913043478
0 0.9066059225512528 0.34402173913043477 0.08200455580865604 0.03152173913043478
12 0.9066059225512528 0.8048913043478261 0.08200455580865604 0.03152173913043478
10 0.908883826879271 0.40706521739130436 0.08200455580865604 0.03152173913043478
5 0.908883826879271 0.5592391304347826 0.08200455580865604 0.03152173913043478
0 0.9020501138952164 0.3766304347826087 0.08200455580865604 0.03152173913043478
3 0.45558086560364464 0.7233695652173913 0.08200455580865604 0.03152173913043478
11 0.908883826879271 0.4429347826086957 0.08200455580865604 0.03152173913043478
11 0.908883826879271 0.27880434782608693 0.08200455580865604 0.03152173913043478
10 0.4533029612756264 0.5722826086956522 0.08200455580865604 0.03152173913043478
11 0.45558086560364464 0.4092391304347826 0.08200455580865604 0.03152173913043478