12 0.762434554973822 0.44027777777777777 0.013089005235602094 0.019444444444444445
4 0.9502617801047121 0.7375 0.013089005235602094 0.019444444444444445
10 0.9476439790575916 0.46944444444444444 0.014397905759162303 0.022222222222222223
11 0.7984293193717278 0.3060185185185185 0.013089005235602094 0.019444444444444445
12 0.762434554973822 0.33101851851851855 0.013089005235602094 0.019444444444444445
5 0.7879581151832461 0.7615740740740741 0.013089005235602094 0.019444444444444445
2 0.9469895287958116 0.4148148148148148 0.014397905759162303 0.022222222222222223
12 0.7990837696335078 0.27824074074074073 0.013089005235602094 0.019444444444444445
2 0.9456806282722513 0.25 0.014397905759162303 0.022222222222222223
11 0.762434554973822 0.46620370370370373 0.013089005235602094 0.019444444444444445
3 0.9096858638743456 0.38842592592592595 0.013089005235602094 0.019444444444444445
2 0.9116492146596858 0.33194444444444443 0.013089005235602094 0.019444444444444445
1 0.9456806282722513 0.17222222222222222 0.014397905759162303 0.022222222222222223