4 0.9456806282722513 0.25 0.014397905759162303 0.022222222222222223
4 0.8717277486910995 0.46805555555555556 0.013089005235602094 0.019444444444444445
11 0.725130890052356 0.38657407407407407 0.013089005235602094 0.019444444444444445
0 0.9103403141361257 0.46805555555555556 0.013089005235602094 0.025
8 0.9502617801047121 0.7078703703703704 0.013089005235602094 0.019444444444444445
12 0.7886125654450262 0.8430555555555556 0.013089005235602094 0.019444444444444445
2 0.17801047120418848 0.7328703703703704 0.013089005235602094 0.019444444444444445
4 0.7257853403141361 0.6810185185185185 0.013089005235602094 0.019444444444444445
6 0.8514397905759162 0.7625 0.013089005235602094 0.019444444444444445
8 0.8520942408376964 0.6273148148148148 0.013089005235602094 0.019444444444444445
12 0.7238219895287958 0.27824074074074073 0.013089005235602094 0.019444444444444445
8 0.724476439790576 0.7615740740740741 0.013089005235602094 0.019444444444444445
1 0.9103403141361257 0.4412037037037037 0.013089005235602094 0.019444444444444445