9 0.724476439790576 0.25324074074074077 0.013089005235602094 0.019444444444444445
10 0.7257853403141361 0.30416666666666664 0.013089005235602094 0.019444444444444445
1 0.7990837696335078 0.22268518518518518 0.013089005235602094 0.019444444444444445
7 0.7899214659685864 0.6541666666666667 0.013089005235602094 0.019444444444444445
5 0.9502617801047121 0.6532407407407408 0.013089005235602094 0.019444444444444445
1 0.17670157068062828 0.8319444444444445 0.013089005235602094 0.019444444444444445
12 0.724476439790576 0.22453703703703703 0.017015706806282723 0.019444444444444445
1 0.7990837696335078 0.36064814814814816 0.013089005235602094 0.019444444444444445
10 0.9469895287958116 0.14444444444444443 0.014397905759162303 0.022222222222222223
10 0.9096858638743456 0.16805555555555557 0.013089005235602094 0.019444444444444445
10 0.800392670157068 0.5208333333333334 0.013089005235602094 0.019444444444444445