10 0.17735602094240838 0.4375 0.013089005235602094 0.019444444444444445
10 0.9096858638743456 0.2763888888888889 0.013089005235602094 0.019444444444444445
2 0.8723821989528796 0.3050925925925926 0.013089005235602094 0.019444444444444445
4 0.762434554973822 0.14212962962962963 0.013089005235602094 0.019444444444444445
11 0.725130890052356 0.6273148148148148 0.013089005235602094 0.019444444444444445
10 0.9096858638743456 0.30416666666666664 0.013089005235602094 0.019444444444444445
11 0.9116492146596858 0.33194444444444443 0.013089005235602094 0.019444444444444445
12 0.7257853403141361 0.6810185185185185 0.013089005235602094 0.019444444444444445
12 0.7637434554973822 0.17083333333333334 0.013089005235602094 0.019444444444444445
10 0.8514397905759162 0.7625 0.013089005235602094 0.019444444444444445
0 0.724476439790576 0.7615740740740741 0.013089005235602094 0.019444444444444445