9 0.7886125654450262 0.8430555555555556 0.013089005235602094 0.019444444444444445
1 0.8717277486910995 0.1986111111111111 0.013089005235602094 0.019444444444444445
7 0.725130890052356 0.35694444444444445 0.013089005235602094 0.019444444444444445
1 0.9469895287958116 0.4148148148148148 0.014397905759162303 0.022222222222222223
10 0.7990837696335078 0.1439814814814815 0.013089005235602094 0.019444444444444445
4 0.725130890052356 0.38657407407407407 0.013089005235602094 0.019444444444444445
0 0.9502617801047121 0.7615740740740741 0.013089005235602094 0.019444444444444445
6 0.40903141361256545 0.5356481481481481 0.013089005235602094 0.019444444444444445
11 0.8723821989528796 0.33287037037037037 0.013089005235602094 0.019444444444444445
9 0.9502617801047121 0.6532407407407408 0.013089005235602094 0.019444444444444445
1 0.8717277486910995 0.16898148148148148 0.013089005235602094 0.019444444444444445
0 0.7905759162303665 0.6263888888888889 0.013089005235602094 0.019444444444444445
7 0.9103403141361257 0.46805555555555556 0.013089005235602094 0.025
10 0.8514397905759162 0.6800925925925926 0.013089005235602094 0.019444444444444445