0 0.507083 0.165417 0.044167 0.042500
0 0.506250 0.208750 0.044167 0.042500
0 0.506250 0.252917 0.044167 0.042500
0 0.504167 0.302500 0.043333 0.058333
0 0.501667 0.360833 0.043333 0.058333
0 0.500000 0.462500 0.043333 0.058333
0 0.502083 0.414583 0.044167 0.042500
0 0.500417 0.512083 0.044167 0.042500
0 0.499583 0.555417 0.044167 0.042500
0 0.498750 0.595417 0.044167 0.042500
0 0.499583 0.638750 0.044167 0.042500
0 0.497917 0.681250 0.044167 0.042500
0 0.496250 0.724583 0.044167 0.042500
0 0.733750 0.727083 0.044167 0.042500
0 0.734583 0.682083 0.044167 0.042500
0 0.734583 0.638750 0.044167 0.042500
0 0.736250 0.595417 0.044167 0.042500
0 0.737083 0.551250 0.044167 0.042500
0 0.737917 0.509583 0.044167 0.042500
0 0.738750 0.422917 0.044167 0.042500
0 0.741250 0.379583 0.044167 0.042500
0 0.742083 0.339583 0.044167 0.042500
0 0.742083 0.297083 0.044167 0.042500
0 0.742083 0.256250 0.044167 0.042500
0 0.742917 0.212083 0.044167 0.042500
0 0.746250 0.167917 0.044167 0.042500
0 0.495417 0.801250 0.044167 0.042500
0 0.733750 0.809583 0.044167 0.042500
