4 0.4501953125 0.3759765625 0.025390625 0.013671875
2 0.947265625 0.7216796875 0.025390625 0.013671875
11 0.3818359375 0.3515625 0.025390625 0.013671875
10 0.380859375 0.2822265625 0.025390625 0.013671875
0 0.8251953125 0.744140625 0.025390625 0.013671875
2 0.9501953125 0.6748046875 0.025390625 0.013671875
2 0.916015625 0.4697265625 0.025390625 0.013671875
11 0.826171875 0.4716796875 0.025390625 0.013671875
5 0.4501953125 0.3046875 0.025390625 0.013671875
4 0.4033203125 0.572265625 0.025390625 0.013671875
9 0.623046875 0.5205078125 0.025390625 0.013671875
5 0.625 0.4697265625 0.025390625 0.013671875