3 0.4033203125 0.572265625 0.025390625 0.013671875
5 0.9482421875 0.29296875 0.025390625 0.013671875
0 0.404296875 0.5224609375 0.025390625 0.013671875
5 0.67578125 0.7216796875 0.025390625 0.013671875
3 0.623046875 0.5205078125 0.025390625 0.013671875
2 0.4169921875 0.3291015625 0.025390625 0.013671875
10 0.916015625 0.748046875 0.025390625 0.013671875
11 0.67578125 0.7685546875 0.025390625 0.013671875
5 0.404296875 0.4736328125 0.025390625 0.013671875
10 0.380859375 0.3984375 0.025390625 0.013671875
0 0.8271484375 0.697265625 0.025390625 0.013671875
2 0.3447265625 0.6767578125 0.025390625 0.013671875
10 0.3427734375 0.701171875 0.025390625 0.013671875