0 0.14556709265175719 0.6183914510686164 0.009984025559105431 0.011811023622047244
4 0.7869408945686901 0.22581552305961755 0.009984025559105431 0.011811023622047244
2 0.6759185303514377 0.8321147356580427 0.009984025559105431 0.011811023622047244
10 0.9291134185303515 0.22862767154105737 0.009984025559105431 0.011811023622047244
6 0.9494808306709265 0.20613048368953882 0.009984025559105431 0.011811023622047244
8 0.8053115015974441 0.7786839145106862 0.009984025559105431 0.011811023622047244
9 0.1619408945686901 0.7792463442069741 0.009984025559105431 0.011811023622047244
0 0.659944089456869 0.18250843644544432 0.009984025559105431 0.011811023622047244
11 0.29972044728434505 0.7466254218222722 0.009984025559105431 0.011811023622047244
10 0.45507188498402557 0.5604611923509561 0.009984025559105431 0.011811023622047244
12 0.3101038338658147 0.5598987626546682 0.009984025559105431 0.011811023622047244
12 0.49181309904153353 0.3737345331833521 0.009984025559105431 0.011811023622047244
8 0.9287140575079872 0.5092800899887514 0.009984025559105431 0.011811023622047244
0 0.8053115015974441 0.7320022497187851 0.009984025559105431 0.011811023622047244