10 0.9043524986566363 0.4741837509491268 0.017195056421278884 0.017463933181473046
0 0.4723267060720043 0.6366742596810934 0.017195056421278884 0.017463933181473046
10 0.47178936055883935 0.5918754745634016 0.017195056421278884 0.017463933181473046
9 0.28694250403009136 0.8230827638572513 0.010746910263299301 0.016704631738800303
0 0.5873186458893068 0.6545178435839029 0.010746910263299301 0.016704631738800303
5 0.2864051585169264 0.31624905087319666 0.017195056421278884 0.017463933181473046
11 0.5583019881783987 0.4832953682611997 0.017195056421278884 0.017463933181473046
10 0.16872649113379903 0.6040242976461655 0.017195056421278884 0.017463933181473046
11 0.7571198280494358 0.8728170083523159 0.017195056421278884 0.017463933181473046
0 0.800644814615798 0.7566438876233865 0.017195056421278884 0.017463933181473046
0 0.738312735088662 0.5220197418375095 0.017195056421278884 0.017463933181473046
12 0.5577646426652337 0.4422930903568717 0.017195056421278884 0.017463933181473046
9 0.47178936055883935 0.4415337889141989 0.017195056421278884 0.017463933181473046
1 0.738312735088662 0.47494305239179957 0.017195056421278884 0.017463933181473046