0 0.2262224610424503 0.6655277145026576 0.017195056421278884 0.017463933181473046
11 0.5572272971520688 0.4643128321943812 0.017195056421278884 0.017463933181473046
10 0.28801719505642126 0.6457858769931663 0.017195056421278884 0.017463933181473046
11 0.28694250403009136 0.8230827638572513 0.010746910263299301 0.016704631738800303
0 0.26276195593766793 0.7619589977220956 0.017195056421278884 0.017463933181473046
4 0.9054271896829661 0.3375094912680334 0.017195056421278884 0.017463933181473046
2 0.7646426652337452 0.2718299164768413 0.010746910263299301 0.016704631738800303
0 0.16872649113379903 0.6040242976461655 0.017195056421278884 0.017463933181473046
10 0.5126276195593766 0.6564160971905847 0.017195056421278884 0.017463933181473046
0 0.9247716281569048 0.4085041761579347 0.010746910263299301 0.016704631738800303
0 0.9048898441698012 0.4286256643887623 0.017195056421278884 0.017463933181473046
0 0.5910800644814616 0.9206529992406985 0.017195056421278884 0.017463933181473046
0 0.5131649650725416 0.7634776006074412 0.017195056421278884 0.017463933181473046
11 0.739387426114992 0.33675018982536065 0.017195056421278884 0.017463933181473046
6 0.28694250403009136 0.2486712224753227 0.017195056421278884 0.017463933181473046