7 0.9675213675213675 0.34206285253827556 0.018233618233618232 0.016921837228041903
6 0.20113960113960114 0.9601128122481869 0.018233618233618232 0.016921837228041903
8 0.3037037037037037 0.3098307816277196 0.018233618233618232 0.016921837228041903
4 0.6136752136752137 0.5306204673650282 0.018233618233618232 0.016921837228041903
2 0.4603988603988604 0.2832393231265109 0.012535612535612535 0.015310233682514102
0 0.4928774928774929 0.3106365834004835 0.012535612535612535 0.015310233682514102
3 0.45356125356125354 0.7006446414182111 0.018233618233618232 0.016921837228041903
11 0.7350427350427351 0.24133763094278807 0.018233618233618232 0.016921837228041903
7 0.09515669515669516 0.3074133763094279 0.018233618233618232 0.016921837228041903
1 0.09515669515669516 0.8311845286059629 0.018233618233618232 0.016921837228041903
0 0.4928774928774929 0.20749395648670427 0.012535612535612535 0.015310233682514102
10 0.7344729344729345 0.443593875906527 0.018233618233618232 0.016921837228041903
1 0.8552706552706553 0.9536663980660758 0.018233618233618232 0.016921837228041903
6 0.6153846153846154 0.6804995970991137 0.018233618233618232 0.016921837228041903
4 0.0962962962962963 0.9609186140209508 0.018233618233618232 0.016921837228041903