5 0.49173789173789173 0.10757453666398066 0.012535612535612535 0.015310233682514102
10 0.9669515669515669 0.6724415793714746 0.018233618233618232 0.016921837228041903
0 0.2 0.17767929089443996 0.018233618233618232 0.016921837228041903
9 0.9669515669515669 0.4443996776792909 0.018233618233618232 0.016921837228041903
5 0.3037037037037037 0.3098307816277196 0.018233618233618232 0.016921837228041903
1 0.8552706552706553 0.4742143432715552 0.018233618233618232 0.016921837228041903
10 0.4905982905982906 0.8763094278807413 0.018233618233618232 0.016921837228041903
0 0.6153846153846154 0.927880741337631 0.018233618233618232 0.016921837228041903
5 0.6153846153846154 0.6804995970991137 0.018233618233618232 0.016921837228041903
5 0.4598290598290598 0.08501208702659147 0.012535612535612535 0.015310233682514102
0 0.7356125356125356 0.8771152296535052 0.018233618233618232 0.016921837228041903
0 0.852991452991453 0.5427074939564867 0.018233618233618232 0.016921837228041903
10 0.4905982905982906 0.9254633360193393 0.018233618233618232 0.016921837228041903
8 0.4905982905982906 0.725624496373892 0.018233618233618232 0.016921837228041903