2 0.7356125356125356 0.8771152296535052 0.018233618233618232 0.016921837228041903
0 0.49002849002849 0.5572119258662369 0.018233618233618232 0.016921837228041903
7 0.49230769230769234 0.773972602739726 0.018233618233618232 0.016921837228041903
0 0.7350427350427351 0.24133763094278807 0.018233618233618232 0.016921837228041903
10 0.46096866096866096 0.18331990330378728 0.012535612535612535 0.015310233682514102
8 0.30427350427350425 0.17767929089443996 0.018233618233618232 0.016921837228041903
10 0.49173789173789173 0.8271555197421434 0.018233618233618232 0.016921837228041903
9 0.19886039886039886 0.830378726833199 0.018233618233618232 0.016921837228041903
4 0.9675213675213675 0.34206285253827556 0.018233618233618232 0.016921837228041903
0 0.30313390313390315 0.5701047542304593 0.018233618233618232 0.016921837228041903
6 0.7350427350427351 0.290491539081386 0.018233618233618232 0.016921837228041903
6 0.4547008547008547 0.8497179693795326 0.018233618233618232 0.016921837228041903
2 0.7344729344729345 0.5531829170024174 0.018233618233618232 0.016921837228041903
10 0.0962962962962963 0.9609186140209508 0.018233618233618232 0.016921837228041903
5 0.19886039886039886 0.5668815471394038 0.018233618233618232 0.016921837228041903