10 0.7350427350427351 0.8279613215149073 0.018233618233618232 0.016921837228041903
12 0.4547008547008547 0.8497179693795326 0.018233618233618232 0.016921837228041903
0 0.9669515669515669 0.4443996776792909 0.018233618233618232 0.016921837228041903
12 0.49173789173789173 0.6087832393231265 0.018233618233618232 0.016921837228041903
6 0.6153846153846154 0.8771152296535052 0.018233618233618232 0.016921837228041903
10 0.49173789173789173 0.3597904915390814 0.012535612535612535 0.015310233682514102
8 0.6148148148148148 0.2550362610797744 0.018233618233618232 0.016921837228041903
2 0.20056980056980056 0.701450443190975 0.018233618233618232 0.016921837228041903
11 0.4603988603988604 0.23569701853344077 0.012535612535612535 0.015310233682514102
9 0.7350427350427351 0.6555197421434327 0.018233618233618232 0.016921837228041903
0 0.49230769230769234 0.15914585012087026 0.012535612535612535 0.015310233682514102