10 0.20113960113960114 0.9601128122481869 0.018233618233618232 0.016921837228041903
10 0.9686609686609686 0.3920225624496374 0.018233618233618232 0.016921837228041903
6 0.9675213675213675 0.2937147461724416 0.018233618233618232 0.016921837228041903
12 0.7344729344729345 0.5531829170024174 0.018233618233618232 0.016921837228041903
6 0.8547008547008547 0.6522965350523772 0.018233618233618232 0.016921837228041903
9 0.9669515669515669 0.6724415793714746 0.018233618233618232 0.016921837228041903
0 0.9686609686609686 0.878726833199033 0.018233618233618232 0.016921837228041903
0 0.4905982905982906 0.725624496373892 0.018233618233618232 0.016921837228041903
10 0.7356125356125356 0.7038678485092668 0.018233618233618232 0.016921837228041903
2 0.4547008547008547 0.5330378726833199 0.018233618233618232 0.016921837228041903
6 0.7344729344729345 0.443593875906527 0.018233618233618232 0.016921837228041903
1 0.8575498575498576 0.403303787268332 0.018233618233618232 0.016921837228041903
10 0.8535612535612536 0.7530217566478646 0.018233618233618232 0.016921837228041903
0 0.6153846153846154 0.927880741337631 0.018233618233618232 0.016921837228041903
0 0.6136752136752137 0.8271555197421434 0.018233618233618232 0.016921837228041903