1 0.5109659732301242 0.26653363740022806 0.007901951298177712 0.013683010262257697
0 0.9294468634091275 0.7881984036488028 0.007901951298177712 0.013683010262257697
0 0.7646347363328495 0.7884834663625998 0.007901951298177712 0.013683010262257697
10 0.12280277374616998 0.2750855188141391 0.007901951298177712 0.013683010262257697
9 0.48774391227221414 0.604903078677309 0.007901951298177712 0.013683010262257697
9 0.3569585550717626 0.4290193842645382 0.007901951298177712 0.013683010262257697
0 0.7512497984196097 0.346636259977195 0.007901951298177712 0.013683010262257697
11 0.789308176100629 0.765678449258837 0.007901951298177712 0.013683010262257697
10 0.1523141428801806 0.3013112884834664 0.007901951298177712 0.013683010262257697
10 0.3259958071278826 0.44783352337514254 0.007901951298177712 0.013683010262257697
8 0.3529269472665699 0.8004561003420753 0.007901951298177712 0.013683010262257697
12 0.634978229317852 0.6704675028506272 0.007901951298177712 0.013683010262257697
0 0.33760683760683763 0.8269669327251995 0.007901951298177712 0.013683010262257697
1 0.5291888405095952 0.6895667046750285 0.007901951298177712 0.013683010262257697