0 0.3229317851959361 0.7451539338654504 0.007901951298177712 0.013683010262257697
12 0.3529269472665699 0.6088939566704675 0.007901951298177712 0.013683010262257697
7 0.5109659732301242 0.4888825541619156 0.007901951298177712 0.013683010262257697
0 0.370020964360587 0.7177879133409351 0.007901951298177712 0.013683010262257697
0 0.30793420416061923 0.40820980615735464 0.007901951298177712 0.013683010262257697
6 0.9294468634091275 0.7881984036488028 0.007901951298177712 0.013683010262257697
12 0.3414771810998226 0.40849486887115166 0.007901951298177712 0.013683010262257697
10 0.3261570714400903 0.508551881413911 0.007901951298177712 0.013683010262257697
0 0.47774552491533623 0.5088369441277081 0.007901951298177712 0.013683010262257697
12 0.3527656829543622 0.7457240592930444 0.007901951298177712 0.013683010262257697
8 0.4779067892275439 0.3882554161915621 0.007901951298177712 0.013683010262257697