4 0.30273660205245156 0.8358870967741936 0.013112884834663626 0.01935483870967742
0 0.34806157354618017 0.6709677419354839 0.01767388825541619 0.01935483870967742
3 0.51154503990878 0.3153225806451613 0.016818700114025087 0.01935483870967742
6 0.21336944127708096 0.425 0.033352337514253136 0.020967741935483872
10 0.8978050171037628 0.6201612903225806 0.02708095781071836 0.02338709677419355
10 0.08338084378563283 0.6838709677419355 0.033352337514253136 0.020967741935483872
5 0.6934150513112884 0.3157258064516129 0.016818700114025087 0.01935483870967742
7 0.4847491448118586 0.6391129032258065 0.016818700114025087 0.01935483870967742
3 0.34763397947548463 0.697983870967742 0.016818700114025087 0.01935483870967742
2 0.2127993158494869 0.6838709677419355 0.033352337514253136 0.020967741935483872
6 0.7363169897377423 0.932258064516129 0.013112884834663626 0.01935483870967742