0 0.5071368597816961 0.3902728351126928 0.010075566750629723 0.014234875444839857
11 0.5197313182199832 0.36180308422301305 0.010075566750629723 0.014234875444839857
7 0.023089840470193114 0.31198102016607354 0.01595298068849706 0.02372479240806643
7 0.6087321578505458 0.1387900355871886 0.010075566750629723 0.014234875444839857
10 0.5566750629722922 0.32977461447212336 0.010075566750629723 0.014234875444839857
8 0.5608732157850546 0.2277580071174377 0.010075566750629723 0.014234875444839857
10 0.5071368597816961 0.36061684460260973 0.010075566750629723 0.014234875444839857
12 0.1801007556675063 0.6132858837485172 0.01595298068849706 0.02372479240806643
5 0.5608732157850546 0.15658362989323843 0.010075566750629723 0.014234875444839857
4 0.6087321578505458 0.24673784104389088 0.010075566750629723 0.014234875444839857
5 0.6221662468513854 0.1376037959667853 0.010075566750629723 0.014234875444839857
2 0.17338371116708648 0.8232502965599051 0.009235936188077247 0.009489916963226572
10 0.5608732157850546 0.17319098457888493 0.010075566750629723 0.014234875444839857
5 0.5079764903442485 0.2669039145907473 0.010075566750629723 0.014234875444839857