5 0.8157555233026931 0.8942417331812998 0.007901951298177712 0.013683010262257697
8 0.3377681019190453 0.6083238312428735 0.007901951298177712 0.013683010262257697
2 0.6157877761651347 0.27537058152793614 0.007901951298177712 0.013683010262257697
7 0.3259958071278826 0.28677309007981755 0.007901951298177712 0.013683010262257697
11 0.32277052088372843 0.6088939566704675 0.007901951298177712 0.013683010262257697
12 0.49548459925818417 0.2671037628278221 0.007901951298177712 0.013683010262257697
1 0.30777293984841153 0.7728050171037628 0.007901951298177712 0.013683010262257697
9 0.9294468634091275 0.9187571265678449 0.007901951298177712 0.013683010262257697
1 0.28309950008063217 0.935860889395667 0.007901951298177712 0.013683010262257697
10 0.3084179970972424 0.346921322690992 0.007901951298177712 0.013683010262257697
1 0.8378487340751491 0.765678449258837 0.007901951298177712 0.013683010262257697
10 0.5112885018545396 0.40849486887115166 0.007901951298177712 0.013683010262257697
0 0.28309950008063217 0.8278221208665907 0.007901951298177712 0.013683010262257697
11 0.9294468634091275 0.8474914481185861 0.007901951298177712 0.013683010262257697