3 0.2902684563758389 0.31494661921708184 0.008389261744966443 0.013048635824436536
0 0.9471476510067114 0.28647686832740216 0.008389261744966443 0.013048635824436536
12 0.19546979865771813 0.7218268090154211 0.008389261744966443 0.013048635824436536
0 0.5167785234899329 0.3956109134045077 0.008389261744966443 0.013048635824436536
10 0.8733221476510067 0.11447212336892053 0.008389261744966443 0.013048635824436536
10 0.5419463087248322 0.4454329774614472 0.008389261744966443 0.013048635824436536
0 0.14513422818791946 0.8938315539739027 0.008389261744966443 0.013048635824436536
2 0.22651006711409397 0.7206405693950177 0.008389261744966443 0.013048635824436536
0 0.5176174496644296 0.44661921708185054 0.008389261744966443 0.013048635824436536
4 0.22902684563758388 0.24258600237247924 0.008389261744966443 0.013048635824436536
2 0.4773489932885906 0.6637010676156584 0.008389261744966443 0.013048635824436536
0 0.462248322147651 0.19750889679715303 0.008389261744966443 0.013048635824436536