0 0.8145973154362416 0.9258600237247924 0.008389261744966443 0.013048635824436536
2 0.5167785234899329 0.4288256227758007 0.008389261744966443 0.013048635824436536
0 0.14597315436241612 0.928232502965599 0.008389261744966443 0.013048635824436536
10 0.9664429530201343 0.5154211150652431 0.008389261744966443 0.013048635824436536
11 0.22986577181208054 0.33155397390272834 0.008389261744966443 0.013048635824436536
10 0.7550335570469798 0.3766310794780546 0.008389261744966443 0.013048635824436536
6 0.5167785234899329 0.3766310794780546 0.008389261744966443 0.013048635824436536
0 0.5671140939597316 0.4288256227758007 0.008389261744966443 0.013048635824436536
10 0.14597315436241612 0.8570581257413997 0.008389261744966443 0.013048635824436536
3 0.9471476510067114 0.28647686832740216 0.008389261744966443 0.013048635824436536
10 0.9010067114093959 0.28647686832740216 0.008389261744966443 0.013048635824436536
9 0.22651006711409397 0.7206405693950177 0.008389261744966443 0.013048635824436536