1 0.5573136427566807 0.5121527777777778 0.009142053445850914 0.012152777777777778
3 0.22749648382559776 0.3424479166666667 0.009142053445850914 0.014756944444444444
5 0.22679324894514769 0.1662326388888889 0.009142053445850914 0.014756944444444444
2 0.5559071729957806 0.3194444444444444 0.009142053445850914 0.012152777777777778
10 0.299929676511955 0.7365451388888888 0.009142053445850914 0.014756944444444444
0 0.21554149085794655 0.5785590277777778 0.009142053445850914 0.014756944444444444
0 0.5580168776371308 0.6710069444444444 0.009142053445850914 0.012152777777777778
0 0.26476793248945146 0.2009548611111111 0.009142053445850914 0.014756944444444444
10 0.5552039381153305 0.8046875 0.009142053445850914 0.012152777777777778
12 0.5566104078762306 0.4635416666666667 0.009142053445850914 0.012152777777777778
5 0.5573136427566807 0.08159722222222222 0.009142053445850914 0.012152777777777778
6 0.26547116736990156 0.86328125 0.009142053445850914 0.014756944444444444
10 0.2633614627285513 0.5794270833333334 0.009142053445850914 0.014756944444444444
6 0.30063291139240506 0.8381076388888888 0.009142053445850914 0.014756944444444444
7 0.5573136427566807 0.2170138888888889 0.009142053445850914 0.012152777777777778