11 0.5552039381153305 0.7847222222222222 0.009142053445850914 0.012152777777777778
4 0.5566104078762306 0.8810763888888888 0.009142053445850914 0.012152777777777778
6 0.22679324894514769 0.1662326388888889 0.009142053445850914 0.014756944444444444
10 0.5580168776371308 0.12239583333333333 0.009142053445850914 0.012152777777777778
0 0.5566104078762306 0.4375 0.009142053445850914 0.012152777777777778
10 0.22538677918424754 0.5464409722222222 0.009142053445850914 0.014756944444444444
0 0.21554149085794655 0.5785590277777778 0.009142053445850914 0.014756944444444444
0 0.26476793248945146 0.5464409722222222 0.009142053445850914 0.014756944444444444
11 0.2668776371308017 0.7634548611111112 0.009142053445850914 0.014756944444444444
4 0.3020393811533052 0.7113715277777778 0.009142053445850914 0.014756944444444444
7 0.5573136427566807 0.5121527777777778 0.009142053445850914 0.012152777777777778
11 0.5566104078762306 0.6310763888888888 0.009142053445850914 0.012152777777777778
5 0.5559071729957806 0.3194444444444444 0.009142053445850914 0.012152777777777778