3 0.5552039381153305 0.7847222222222222 0.009142053445850914 0.012152777777777778
6 0.22538677918424754 0.5464409722222222 0.009142053445850914 0.014756944444444444
10 0.5559071729957806 0.1605902777777778 0.009142053445850914 0.012152777777777778
1 0.16279887482419128 0.5811631944444444 0.009142053445850914 0.014756944444444444
2 0.26476793248945146 0.3111979166666667 0.009142053445850914 0.014756944444444444
6 0.5573136427566807 0.2170138888888889 0.009142053445850914 0.012152777777777778
12 0.5566104078762306 0.9001736111111112 0.009142053445850914 0.012152777777777778
0 0.22609001406469761 0.14453125 0.009142053445850914 0.014756944444444444
0 0.5552039381153305 0.7291666666666666 0.009142053445850914 0.012152777777777778
10 0.26547116736990156 0.86328125 0.009142053445850914 0.014756944444444444
10 0.2661744022503516 0.4422743055555556 0.009142053445850914 0.014756944444444444
10 0.24859353023909986 0.14366319444444445 0.009142053445850914 0.014756944444444444
11 0.5566104078762306 0.7092013888888888 0.009142053445850914 0.012152777777777778
1 0.30063291139240506 0.8893229166666666 0.009142053445850914 0.014756944444444444