9 0.18359375 0.3806629834254144 0.00859375 0.011049723756906077
0 0.2046875 0.4 0.00859375 0.011049723756906077
10 0.204296875 0.5121546961325967 0.00859375 0.011049723756906077
8 0.4078125 0.6370165745856353 0.00859375 0.011049723756906077
1 0.641796875 0.32486187845303865 0.00859375 0.011049723756906077
0 0.906640625 0.26795580110497236 0.00859375 0.011049723756906077
8 0.44921875 0.9497237569060774 0.00859375 0.011049723756906077
10 0.6421875 0.581767955801105 0.00859375 0.011049723756906077
10 0.4078125 0.8756906077348067 0.00859375 0.011049723756906077
0 0.4296875 0.6165745856353592 0.00859375 0.011049723756906077
8 0.428515625 0.4176795580110497 0.00859375 0.011049723756906077
12 0.1625 0.474585635359116 0.00859375 0.011049723756906077