5 0.3929166666666667 0.3832074375363161 0.0425 0.01801278326554329
0 0.3929166666666667 0.6022661243463103 0.0425 0.01801278326554329
9 0.8945833333333333 0.6551423590935502 0.0425 0.01801278326554329
10 0.44708333333333333 0.09093550261475886 0.0425 0.01801278326554329
5 0.44625 0.8864032539221383 0.0425 0.01801278326554329
8 0.39458333333333334 0.8852411388727484 0.0425 0.01801278326554329
10 0.9445833333333333 0.1147588611272516 0.0425 0.01801278326554329
1 0.94875 0.4494479953515398 0.0425 0.01801278326554329
4 0.4454166666666667 0.6016850668216154 0.0425 0.01801278326554329
6 0.4454166666666667 0.6824520627542127 0.0425 0.01801278326554329
1 0.9479166666666666 0.9218477629285299 0.0425 0.01801278326554329