3 0.9476439790575916 0.46944444444444444 0.014397905759162303 0.022222222222222223
11 0.9502617801047121 0.7615740740740741 0.013089005235602094 0.019444444444444445
6 0.9469895287958116 0.3611111111111111 0.014397905759162303 0.022222222222222223
10 0.8723821989528796 0.22453703703703703 0.013089005235602094 0.019444444444444445
0 0.9476439790575916 0.30833333333333335 0.014397905759162303 0.022222222222222223
12 0.7257853403141361 0.1699074074074074 0.013089005235602094 0.019444444444444445
6 0.8723821989528796 0.33287037037037037 0.013089005235602094 0.019444444444444445
8 0.9456806282722513 0.25 0.014397905759162303 0.022222222222222223
4 0.7879581151832461 0.6800925925925926 0.013089005235602094 0.019444444444444445
2 0.725130890052356 0.1412037037037037 0.013089005235602094 0.019444444444444445
0 0.8880890052356021 0.7106481481481481 0.013089005235602094 0.019444444444444445
10 0.9456806282722513 0.22407407407407406 0.014397905759162303 0.022222222222222223
8 0.7984293193717278 0.3060185185185185 0.013089005235602094 0.019444444444444445