3 0.7990837696335078 0.3337962962962963 0.013089005235602094 0.019444444444444445
0 0.9103403141361257 0.4412037037037037 0.013089005235602094 0.019444444444444445
10 0.725130890052356 0.1412037037037037 0.013089005235602094 0.019444444444444445
0 0.7886125654450262 0.7078703703703704 0.013089005235602094 0.019444444444444445
9 0.8520942408376964 0.7893518518518519 0.013089005235602094 0.019444444444444445
4 0.9469895287958116 0.33425925925925926 0.014397905759162303 0.022222222222222223
10 0.8887434554973822 0.7893518518518519 0.013089005235602094 0.019444444444444445
6 0.800392670157068 0.5208333333333334 0.013089005235602094 0.019444444444444445
11 0.17801047120418848 0.7328703703703704 0.013089005235602094 0.019444444444444445
1 0.7990837696335078 0.27824074074074073 0.013089005235602094 0.019444444444444445
10 0.9502617801047121 0.7615740740740741 0.013089005235602094 0.019444444444444445