6 0.9456806282722513 0.25 0.014397905759162303 0.022222222222222223
12 0.8887434554973822 0.7893518518518519 0.013089005235602094 0.019444444444444445
10 0.7257853403141361 0.6550925925925926 0.013089005235602094 0.019444444444444445
10 0.7984293193717278 0.3060185185185185 0.013089005235602094 0.019444444444444445
12 0.9509162303664922 0.6282407407407408 0.013089005235602094 0.019444444444444445
0 0.9116492146596858 0.33194444444444443 0.013089005235602094 0.019444444444444445
1 0.7886125654450262 0.7356481481481482 0.013089005235602094 0.019444444444444445
0 0.7257853403141361 0.7875 0.013089005235602094 0.019444444444444445
0 0.9476439790575916 0.46944444444444444 0.014397905759162303 0.022222222222222223
12 0.9476439790575916 0.30833333333333335 0.014397905759162303 0.022222222222222223
10 0.8887434554973822 0.736574074074074 0.013089005235602094 0.019444444444444445
10 0.725130890052356 0.6273148148148148 0.013089005235602094 0.019444444444444445
9 0.40772251308900526 0.7347222222222223 0.013089005235602094 0.019444444444444445
1 0.8507853403141361 0.6541666666666667 0.013089005235602094 0.019444444444444445