10 0.725130890052356 0.19768518518518519 0.013089005235602094 0.019444444444444445
7 0.17801047120418848 0.6291666666666667 0.013089005235602094 0.019444444444444445
0 0.7990837696335078 0.16805555555555557 0.013089005235602094 0.019444444444444445
10 0.9469895287958116 0.44074074074074077 0.014397905759162303 0.022222222222222223
8 0.9456806282722513 0.22407407407407406 0.014397905759162303 0.022222222222222223
11 0.8507853403141361 0.6541666666666667 0.013089005235602094 0.019444444444444445
9 0.9096858638743456 0.22361111111111112 0.013089005235602094 0.019444444444444445
3 0.762434554973822 0.19768518518518519 0.013089005235602094 0.019444444444444445
3 0.9502617801047121 0.7375 0.013089005235602094 0.019444444444444445
0 0.17801047120418848 0.7328703703703704 0.013089005235602094 0.019444444444444445
6 0.762434554973822 0.14212962962962963 0.013089005235602094 0.019444444444444445
10 0.9509162303664922 0.6282407407407408 0.013089005235602094 0.019444444444444445