10 0.7154545454545455 0.3518181818181818 0.04 0.025454545454545455
11 0.7081818181818181 0.12545454545454546 0.04 0.025454545454545455
0 0.7154545454545455 0.37363636363636366 0.04 0.025454545454545455
0 0.4581818181818182 0.6772727272727272 0.04 0.025454545454545455
11 0.45 0.36 0.04 0.025454545454545455
0 0.7718181818181818 0.8881818181818182 0.04 0.025454545454545455
0 0.7154545454545455 0.30818181818181817 0.04 0.025454545454545455
10 0.7109090909090909 0.2381818181818182 0.04 0.025454545454545455
10 0.769090909090909 0.72 0.04 0.025454545454545455
10 0.4590909090909091 0.7936363636363636 0.04 0.025454545454545455
10 0.7072727272727273 0.08 0.04 0.025454545454545455