10 0.7218181818181818 0.6018181818181818 0.04 0.025454545454545455
10 0.7718181818181818 0.8881818181818182 0.04 0.025454545454545455
6 0.7081818181818181 0.10181818181818182 0.04 0.025454545454545455
9 0.7318181818181818 0.889090909090909 0.04 0.025454545454545455
11 0.44545454545454544 0.09 0.04 0.025454545454545455
10 0.7063636363636364 0.06 0.04 0.025454545454545455
0 0.4590909090909091 0.7936363636363636 0.04 0.025454545454545455
10 0.4490909090909091 0.22545454545454546 0.04 0.025454545454545455
10 0.72 0.5109090909090909 0.04 0.025454545454545455
10 0.7763636363636364 0.9827272727272728 0.04 0.025454545454545455
1 0.45636363636363636 0.6072727272727273 0.04 0.025454545454545455
10 0.45181818181818184 0.49636363636363634 0.04 0.025454545454545455
0 0.7154545454545455 0.3518181818181818 0.04 0.025454545454545455
6 0.7218181818181818 0.5336363636363637 0.04 0.025454545454545455