0 0.7718181818181818 0.8881818181818182 0.04 0.025454545454545455
0 0.73 0.8154545454545454 0.04 0.025454545454545455
0 0.77 0.79 0.04 0.025454545454545455
10 0.45636363636363636 0.6527272727272727 0.04 0.025454545454545455
12 0.7109090909090909 0.19272727272727272 0.04 0.025454545454545455
12 0.7063636363636364 0.06 0.04 0.025454545454545455
10 0.46 0.8163636363636364 0.04 0.025454545454545455
0 0.7236363636363636 0.65 0.04 0.025454545454545455
11 0.45 0.36 0.04 0.025454545454545455
0 0.7154545454545455 0.3518181818181818 0.04 0.025454545454545455
1 0.73 0.7436363636363637 0.04 0.025454545454545455
10 0.4509090909090909 0.45 0.04 0.025454545454545455
10 0.7318181818181818 0.889090909090909 0.04 0.025454545454545455
10 0.7172727272727273 0.42 0.04 0.025454545454545455