11 0.7327272727272728 0.9581818181818181 0.04 0.025454545454545455
10 0.7081818181818181 0.10181818181818182 0.04 0.025454545454545455
10 0.46090909090909093 0.9854545454545455 0.04 0.025454545454545455
10 0.7109090909090909 0.21727272727272728 0.04 0.025454545454545455
6 0.45181818181818184 0.49636363636363634 0.04 0.025454545454545455
10 0.4527272727272727 0.5172727272727272 0.04 0.025454545454545455
10 0.7154545454545455 0.37363636363636366 0.04 0.025454545454545455
0 0.4481818181818182 0.20363636363636364 0.04 0.025454545454545455
9 0.7127272727272728 0.2581818181818182 0.04 0.025454545454545455
10 0.45545454545454545 0.5627272727272727 0.04 0.025454545454545455
0 0.7763636363636364 0.9827272727272728 0.04 0.025454545454545455
10 0.769090909090909 0.72 0.04 0.025454545454545455
1 0.45 0.24909090909090909 0.04 0.025454545454545455