10 0.73 0.7436363636363637 0.04 0.025454545454545455
10 0.7081818181818181 0.10181818181818182 0.04 0.025454545454545455
10 0.7290909090909091 0.79 0.04 0.025454545454545455
9 0.769090909090909 0.72 0.04 0.025454545454545455
0 0.45 0.38181818181818183 0.04 0.025454545454545455
10 0.45181818181818184 0.49636363636363634 0.04 0.025454545454545455
10 0.7154545454545455 0.30818181818181817 0.04 0.025454545454545455
11 0.7054545454545454 0.015454545454545455 0.04 0.025454545454545455
0 0.73 0.8154545454545454 0.04 0.025454545454545455
0 0.72 0.5109090909090909 0.04 0.025454545454545455
0 0.44545454545454544 0.11090909090909092 0.04 0.025454545454545455
1 0.7318181818181818 0.889090909090909 0.04 0.025454545454545455
10 0.7754545454545455 0.96 0.04 0.025454545454545455
3 0.7190909090909091 0.4890909090909091 0.04 0.025454545454545455
0 0.7236363636363636 0.65 0.04 0.025454545454545455