7 0.7362728785357737 0.50625 0.07154742096505824 0.035
10 0.7462562396006656 0.70375 0.07154742096505824 0.035
4 0.7495840266222962 0.74125 0.07154742096505824 0.035
4 0.7495840266222962 0.85875 0.07154742096505824 0.035
10 0.4633943427620632 0.62625 0.07154742096505824 0.035
2 0.4617304492512479 0.865 0.07154742096505824 0.035
0 0.7412645590682196 0.58625 0.07154742096505824 0.035
3 0.737936772046589 0.545 0.07154742096505824 0.035
0 0.7529118136439268 0.8975 0.07154742096505824 0.035
11 0.4617304492512479 0.35875 0.07154742096505824 0.035
10 0.7479201331114809 0.82 0.07154742096505824 0.035
6 0.6713810316139767 0.86 0.07154742096505824 0.035
0 0.7445923460898503 0.625 0.07154742096505824 0.035
10 0.4617304492512479 0.39625 0.07154742096505824 0.035