0 0.4633943427620632 0.62625 0.07154742096505824 0.035
10 0.4633943427620632 0.47125 0.07154742096505824 0.035
5 0.7362728785357737 0.39375 0.07154742096505824 0.035
10 0.4650582362728785 0.74375 0.07154742096505824 0.035
0 0.737936772046589 0.545 0.07154742096505824 0.035
10 0.7479201331114809 0.82 0.07154742096505824 0.035
10 0.4617304492512479 0.50875 0.07154742096505824 0.035
10 0.7529118136439268 0.935 0.07154742096505824 0.035
10 0.6713810316139767 0.77875 0.07154742096505824 0.035
12 0.7445923460898503 0.625 0.07154742096505824 0.035
10 0.4617304492512479 0.90375 0.07154742096505824 0.035
10 0.4617304492512479 0.4325 0.07154742096505824 0.035
10 0.4617304492512479 0.665 0.07154742096505824 0.035