10 0.7495840266222962 0.85875 0.07154742096505824 0.035
10 0.4617304492512479 0.545 0.07154742096505824 0.035
0 0.4617304492512479 0.4325 0.07154742096505824 0.035
10 0.7412645590682196 0.58625 0.07154742096505824 0.035
2 0.4633943427620632 0.47125 0.07154742096505824 0.035
10 0.7495840266222962 0.7825 0.07154742096505824 0.035
0 0.4617304492512479 0.50875 0.07154742096505824 0.035
0 0.7462562396006656 0.70375 0.07154742096505824 0.035
10 0.6747088186356073 0.89875 0.07154742096505824 0.035
10 0.4617304492512479 0.39625 0.07154742096505824 0.035
9 0.7362728785357737 0.39375 0.07154742096505824 0.035
0 0.6713810316139767 0.77875 0.07154742096505824 0.035
0 0.7479201331114809 0.82 0.07154742096505824 0.035
11 0.4617304492512479 0.35875 0.07154742096505824 0.035