12 0.7495840266222962 0.85875 0.07154742096505824 0.035
10 0.4667221297836938 0.94375 0.07154742096505824 0.035
0 0.737936772046589 0.545 0.07154742096505824 0.035
0 0.4617304492512479 0.50875 0.07154742096505824 0.035
0 0.7529118136439268 0.935 0.07154742096505824 0.035
0 0.4650582362728785 0.705 0.07154742096505824 0.035
0 0.7479201331114809 0.82 0.07154742096505824 0.035
10 0.4617304492512479 0.39625 0.07154742096505824 0.035
10 0.4633943427620632 0.62625 0.07154742096505824 0.035
11 0.6713810316139767 0.77875 0.07154742096505824 0.035
11 0.6747088186356073 0.93625 0.07154742096505824 0.035
9 0.4617304492512479 0.545 0.07154742096505824 0.035