6 0.6713810316139767 0.86 0.07154742096505824 0.035
10 0.7362728785357737 0.50625 0.07154742096505824 0.035
10 0.6747088186356073 0.89875 0.07154742096505824 0.035
10 0.737936772046589 0.545 0.07154742096505824 0.035
0 0.7495840266222962 0.7825 0.07154742096505824 0.035
11 0.7495840266222962 0.85875 0.07154742096505824 0.035
0 0.7362728785357737 0.43 0.07154742096505824 0.035
10 0.4633943427620632 0.47125 0.07154742096505824 0.035
0 0.4667221297836938 0.94375 0.07154742096505824 0.035
0 0.3935108153078203 0.945 0.07154742096505824 0.035
0 0.7362728785357737 0.46875 0.07154742096505824 0.035
0 0.4617304492512479 0.35875 0.07154742096505824 0.035