12 0.6713810316139767 0.86 0.07154742096505824 0.035
10 0.7362728785357737 0.50625 0.07154742096505824 0.035
10 0.7495840266222962 0.7825 0.07154742096505824 0.035
0 0.7529118136439268 0.8975 0.07154742096505824 0.035
8 0.6747088186356073 0.93625 0.07154742096505824 0.035
11 0.4650582362728785 0.78375 0.07154742096505824 0.035
10 0.4617304492512479 0.545 0.07154742096505824 0.035
10 0.7479201331114809 0.82 0.07154742096505824 0.035
0 0.7445923460898503 0.625 0.07154742096505824 0.035
0 0.7362728785357737 0.46875 0.07154742096505824 0.035
0 0.7529118136439268 0.935 0.07154742096505824 0.035
0 0.4617304492512479 0.35875 0.07154742096505824 0.035
11 0.7329450915141431 0.36 0.07154742096505824 0.035
7 0.4617304492512479 0.4325 0.07154742096505824 0.035