6 0.7362728785357737 0.43 0.07154742096505824 0.035
3 0.6713810316139767 0.82 0.07154742096505824 0.035
0 0.4633943427620632 0.62625 0.07154742096505824 0.035
3 0.4617304492512479 0.35875 0.07154742096505824 0.035
1 0.7329450915141431 0.36 0.07154742096505824 0.035
12 0.7529118136439268 0.8975 0.07154742096505824 0.035
0 0.3935108153078203 0.945 0.07154742096505824 0.035
10 0.7495840266222962 0.85875 0.07154742096505824 0.035
0 0.7462562396006656 0.70375 0.07154742096505824 0.035
0 0.737936772046589 0.545 0.07154742096505824 0.035
10 0.4617304492512479 0.665 0.07154742096505824 0.035
0 0.4650582362728785 0.78375 0.07154742096505824 0.035
10 0.7445923460898503 0.66375 0.07154742096505824 0.035
0 0.4617304492512479 0.90375 0.07154742096505824 0.035