10 0.7329450915141431 0.36 0.07154742096505824 0.035
10 0.4617304492512479 0.50875 0.07154742096505824 0.035
12 0.4633943427620632 0.47125 0.07154742096505824 0.035
3 0.4617304492512479 0.545 0.07154742096505824 0.035
11 0.7495840266222962 0.7825 0.07154742096505824 0.035
10 0.4633943427620632 0.62625 0.07154742096505824 0.035
10 0.6713810316139767 0.86 0.07154742096505824 0.035
0 0.7362728785357737 0.46875 0.07154742096505824 0.035
0 0.4650582362728785 0.74375 0.07154742096505824 0.035
2 0.6713810316139767 0.82 0.07154742096505824 0.035
3 0.7362728785357737 0.50625 0.07154742096505824 0.035
10 0.4617304492512479 0.35875 0.07154742096505824 0.035
10 0.4617304492512479 0.865 0.07154742096505824 0.035
0 0.7529118136439268 0.935 0.07154742096505824 0.035