0 0.4617304492512479 0.665 0.07154742096505824 0.035
5 0.7412645590682196 0.58625 0.07154742096505824 0.035
10 0.7479201331114809 0.82 0.07154742096505824 0.035
10 0.4617304492512479 0.90375 0.07154742096505824 0.035
11 0.4617304492512479 0.4325 0.07154742096505824 0.035
10 0.4667221297836938 0.94375 0.07154742096505824 0.035
0 0.7529118136439268 0.8975 0.07154742096505824 0.035
12 0.7362728785357737 0.50625 0.07154742096505824 0.035
2 0.737936772046589 0.545 0.07154742096505824 0.035
6 0.7362728785357737 0.43 0.07154742096505824 0.035
10 0.6747088186356073 0.89875 0.07154742096505824 0.035
9 0.4633943427620632 0.62625 0.07154742096505824 0.035
10 0.7329450915141431 0.36 0.07154742096505824 0.035
10 0.6713810316139767 0.82 0.07154742096505824 0.035