1 0.7329450915141431 0.36 0.07154742096505824 0.035
12 0.4650582362728785 0.74375 0.07154742096505824 0.035
6 0.4617304492512479 0.35875 0.07154742096505824 0.035
0 0.4617304492512479 0.545 0.07154742096505824 0.035
0 0.7362728785357737 0.39375 0.07154742096505824 0.035
10 0.737936772046589 0.545 0.07154742096505824 0.035
0 0.7362728785357737 0.50625 0.07154742096505824 0.035
10 0.4617304492512479 0.865 0.07154742096505824 0.035
0 0.7362728785357737 0.43 0.07154742096505824 0.035
12 0.7362728785357737 0.46875 0.07154742096505824 0.035
10 0.4633943427620632 0.62625 0.07154742096505824 0.035