12 0.41848906560636184 0.36087990487514865 0.05765407554671968 0.027348394768133173
0 0.4224652087475149 0.4179548156956005 0.05765407554671968 0.027348394768133173
10 0.841948310139165 0.7621878715814506 0.061630218687872766 0.03329369797859691
5 0.4304174950298211 0.6248513674197385 0.05765407554671968 0.027348394768133173
12 0.7922465208747514 0.3810939357907253 0.05765407554671968 0.027348394768133173
11 0.8061630218687873 0.49881093935790727 0.05765407554671968 0.027348394768133173
0 0.820079522862823 0.5957193816884662 0.061630218687872766 0.03329369797859691
8 0.37673956262425445 0.93935790725327 0.061630218687872766 0.03329369797859691
6 0.4304174950298211 0.6581450653983353 0.05765407554671968 0.027348394768133173
0 0.8379721669980119 0.7265160523186682 0.061630218687872766 0.03329369797859691
11 0.7803180914512923 0.2699167657550535 0.05765407554671968 0.026159334126040427
0 0.8101391650099403 0.5291319857312723 0.061630218687872766 0.03329369797859691
10 0.41848906560636184 0.2806183115338882 0.05765407554671968 0.026159334126040427