5 0.8379721669980119 0.7265160523186682 0.061630218687872766 0.03329369797859691
10 0.41848906560636184 0.3055885850178359 0.05765407554671968 0.026159334126040427
0 0.43439363817097415 0.7966706302021404 0.05765407554671968 0.0356718192627824
11 0.426441351888668 0.5927467300832342 0.05765407554671968 0.027348394768133173
10 0.8439363817097415 0.7954815695600476 0.061630218687872766 0.03329369797859691
10 0.426441351888668 0.504756242568371 0.05765407554671968 0.027348394768133173
0 0.4383697813121272 0.8680142687277052 0.061630218687872766 0.03329369797859691
10 0.8538767395626242 0.8668252080856124 0.061630218687872766 0.03329369797859691
0 0.8280318091451292 0.6575505350772889 0.061630218687872766 0.03329369797859691
11 0.8101391650099403 0.5291319857312723 0.061630218687872766 0.03329369797859691
5 0.42047713717693835 0.3323424494649227 0.05765407554671968 0.027348394768133173
10 0.4224652087475149 0.4179548156956005 0.05765407554671968 0.027348394768133173
8 0.41848906560636184 0.2806183115338882 0.05765407554671968 0.026159334126040427