0 0.4304174950298211 0.7265160523186682 0.05765407554671968 0.0356718192627824
12 0.41749502982107356 0.25386444708680145 0.05168986083499006 0.022592152199762187
10 0.41848906560636184 0.3055885850178359 0.05765407554671968 0.026159334126040427
0 0.8101391650099403 0.5291319857312723 0.061630218687872766 0.03329369797859691
3 0.42047713717693835 0.3323424494649227 0.05765407554671968 0.027348394768133173
11 0.8538767395626242 0.8668252080856124 0.061630218687872766 0.03329369797859691
0 0.4304174950298211 0.6248513674197385 0.05765407554671968 0.027348394768133173
0 0.43240556660039764 0.6908442330558858 0.05765407554671968 0.0356718192627824
12 0.8280318091451292 0.6575505350772889 0.061630218687872766 0.03329369797859691
7 0.8220675944333996 0.6266349583828775 0.061630218687872766 0.03329369797859691
10 0.7882703777335984 0.35374554102259215 0.05765407554671968 0.027348394768133173
10 0.7982107355864811 0.4393579072532699 0.05765407554671968 0.027348394768133173
11 0.8379721669980119 0.7265160523186682 0.061630218687872766 0.03329369797859691