0 0.4403578528827038 0.9024970273483948 0.061630218687872766 0.03329369797859691
0 0.7823061630218688 0.2978596908442331 0.05765407554671968 0.027348394768133173
0 0.4304174950298211 0.6248513674197385 0.05765407554671968 0.027348394768133173
10 0.7773359840954275 0.24435196195005945 0.05168986083499006 0.022592152199762187
0 0.820079522862823 0.5957193816884662 0.061630218687872766 0.03329369797859691
10 0.37673956262425445 0.93935790725327 0.061630218687872766 0.03329369797859691
11 0.8379721669980119 0.7265160523186682 0.061630218687872766 0.03329369797859691
3 0.8538767395626242 0.8668252080856124 0.061630218687872766 0.03329369797859691
11 0.41848906560636184 0.3055885850178359 0.05765407554671968 0.026159334126040427
0 0.4224652087475149 0.3906064209274673 0.05765407554671968 0.027348394768133173
0 0.426441351888668 0.504756242568371 0.05765407554671968 0.027348394768133173
11 0.41848906560636184 0.36087990487514865 0.05765407554671968 0.027348394768133173