0 0.8061630218687873 0.49881093935790727 0.05765407554671968 0.027348394768133173
10 0.37673956262425445 0.93935790725327 0.061630218687872766 0.03329369797859691
0 0.4304174950298211 0.6248513674197385 0.05765407554671968 0.027348394768133173
10 0.4403578528827038 0.9024970273483948 0.061630218687872766 0.03329369797859691
0 0.426441351888668 0.504756242568371 0.05765407554671968 0.027348394768133173
0 0.8001988071570576 0.4690844233055886 0.05765407554671968 0.027348394768133173
0 0.7803180914512923 0.2699167657550535 0.05765407554671968 0.026159334126040427
10 0.8280318091451292 0.6575505350772889 0.061630218687872766 0.03329369797859691
10 0.7922465208747514 0.3810939357907253 0.05765407554671968 0.027348394768133173
3 0.8220675944333996 0.6266349583828775 0.061630218687872766 0.03329369797859691
10 0.42445328031809143 0.4762187871581451 0.05765407554671968 0.027348394768133173
10 0.7823061630218688 0.2978596908442331 0.05765407554671968 0.027348394768133173
0 0.8379721669980119 0.7265160523186682 0.061630218687872766 0.03329369797859691
10 0.4224652087475149 0.4179548156956005 0.05765407554671968 0.027348394768133173