7 0.7773359840954275 0.24435196195005945 0.05168986083499006 0.022592152199762187
10 0.7982107355864811 0.4393579072532699 0.05765407554671968 0.027348394768133173
0 0.41749502982107356 0.25386444708680145 0.05168986083499006 0.022592152199762187
6 0.7882703777335984 0.35374554102259215 0.05765407554671968 0.027348394768133173
10 0.4304174950298211 0.6248513674197385 0.05765407554671968 0.027348394768133173
10 0.8280318091451292 0.6575505350772889 0.061630218687872766 0.03329369797859691
11 0.8061630218687873 0.49881093935790727 0.05765407554671968 0.027348394768133173
0 0.7803180914512923 0.2699167657550535 0.05765407554671968 0.026159334126040427
0 0.4224652087475149 0.3906064209274673 0.05765407554671968 0.027348394768133173
1 0.41848906560636184 0.3055885850178359 0.05765407554671968 0.026159334126040427
0 0.7823061630218688 0.2978596908442331 0.05765407554671968 0.027348394768133173
10 0.8141153081510935 0.5636147443519619 0.061630218687872766 0.03329369797859691