0 0.4224652087475149 0.4179548156956005 0.05765407554671968 0.027348394768133173
0 0.8280318091451292 0.6575505350772889 0.061630218687872766 0.03329369797859691
8 0.41749502982107356 0.25386444708680145 0.05168986083499006 0.022592152199762187
10 0.42445328031809143 0.4464922711058264 0.05765407554671968 0.027348394768133173
11 0.41848906560636184 0.36087990487514865 0.05765407554671968 0.027348394768133173
11 0.4224652087475149 0.3906064209274673 0.05765407554671968 0.027348394768133173
10 0.8499005964214712 0.83115338882283 0.061630218687872766 0.03329369797859691
0 0.8379721669980119 0.7265160523186682 0.061630218687872766 0.03329369797859691
0 0.8439363817097415 0.7954815695600476 0.061630218687872766 0.03329369797859691
11 0.41848906560636184 0.3055885850178359 0.05765407554671968 0.026159334126040427
10 0.41848906560636184 0.2806183115338882 0.05765407554671968 0.026159334126040427