10 0.41749502982107356 0.25386444708680145 0.05168986083499006 0.022592152199762187
0 0.7773359840954275 0.24435196195005945 0.05168986083499006 0.022592152199762187
10 0.8220675944333996 0.6266349583828775 0.061630218687872766 0.03329369797859691
0 0.8280318091451292 0.6575505350772889 0.061630218687872766 0.03329369797859691
1 0.7862823061630219 0.32520808561236625 0.05765407554671968 0.027348394768133173
6 0.426441351888668 0.5332936979785969 0.05765407554671968 0.027348394768133173
0 0.7882703777335984 0.35374554102259215 0.05765407554671968 0.027348394768133173
0 0.4383697813121272 0.8680142687277052 0.061630218687872766 0.03329369797859691
10 0.42445328031809143 0.4464922711058264 0.05765407554671968 0.027348394768133173
10 0.8379721669980119 0.7265160523186682 0.061630218687872766 0.03329369797859691
1 0.426441351888668 0.5927467300832342 0.05765407554671968 0.027348394768133173
0 0.4224652087475149 0.3906064209274673 0.05765407554671968 0.027348394768133173
10 0.4403578528827038 0.9024970273483948 0.061630218687872766 0.03329369797859691
10 0.8499005964214712 0.83115338882283 0.061630218687872766 0.03329369797859691