12 0.2933972310969116 0.28093158660844253 0.02875399361022364 0.017467248908296942
11 0.654419595314164 0.19141193595342068 0.02875399361022364 0.017467248908296942
6 0.645367412140575 0.35152838427947597 0.0362087326943557 0.017467248908296942
10 0.29233226837060705 0.3165938864628821 0.02875399361022364 0.017467248908296942
0 0.8759318423855165 0.19141193595342068 0.02875399361022364 0.017467248908296942
4 0.2870074547390841 0.8864628820960698 0.02875399361022364 0.017467248908296942
10 0.34771033013844516 0.12008733624454149 0.02875399361022364 0.017467248908296942
10 0.28594249201277955 0.9395924308588064 0.02875399361022364 0.017467248908296942
10 0.3136315228966986 0.8326055312954876 0.02875399361022364 0.017467248908296942
0 0.9547390841320553 0.17612809315866085 0.02875399361022364 0.017467248908296942
10 0.6522896698615549 0.22634643377001457 0.02875399361022364 0.017467248908296942
11 0.6443024494142705 0.6179039301310044 0.0362087326943557 0.017467248908296942
7 0.9536741214057508 0.13973799126637554 0.02875399361022364 0.017467248908296942
12 0.34345047923322686 0.6885007278020379 0.02875399361022364 0.017467248908296942
0 0.9536741214057508 0.1586608442503639 0.02875399361022364 0.017467248908296942