0 0.29233226837060705 0.40465793304221254 0.02875399361022364 0.017467248908296942
0 0.9057507987220448 0.4949053857350801 0.02875399361022364 0.017467248908296942
10 0.9589989350372737 0.40611353711790393 0.02875399361022364 0.017467248908296942
10 0.34771033013844516 0.3529839883551674 0.02875399361022364 0.017467248908296942
11 0.654419595314164 0.15574963609898107 0.02875399361022364 0.017467248908296942
10 0.9611288604898829 0.764919941775837 0.02875399361022364 0.017467248908296942
0 0.6464323748668797 0.4228529839883552 0.0362087326943557 0.017467248908296942
11 0.5990415335463258 0.2088791848617176 0.02875399361022364 0.017467248908296942
0 0.6070287539936102 0.6528384279475983 0.0362087326943557 0.017467248908296942
10 0.29020234291799785 0.5975254730713246 0.02875399361022364 0.017467248908296942
11 0.28913738019169327 0.6695778748180495 0.02875399361022364 0.017467248908296942