2 0.9046858359957402 0.31513828238719066 0.02875399361022364 0.017467248908296942
10 0.34451544195953143 0.5807860262008734 0.02875399361022364 0.017467248908296942
0 0.9046858359957402 0.5487627365356623 0.02875399361022364 0.017467248908296942
10 0.9046858359957402 0.3333333333333333 0.02875399361022364 0.017467248908296942
10 0.34132055378061765 0.9213973799126638 0.02875399361022364 0.017467248908296942
10 0.28594249201277955 0.8508005822416302 0.02875399361022364 0.017467248908296942
0 0.34451544195953143 0.616448326055313 0.02875399361022364 0.017467248908296942
10 0.9046858359957402 0.2794759825327511 0.02875399361022364 0.017467248908296942
5 0.2912673056443025 0.5625909752547307 0.02875399361022364 0.017467248908296942
12 0.95580404685836 0.6739446870451238 0.02875399361022364 0.017467248908296942
10 0.3466453674121406 0.40611353711790393 0.02875399361022364 0.017467248908296942
11 0.29233226837060705 0.2088791848617176 0.02875399361022364 0.017467248908296942
0 0.9536741214057508 0.10625909752547306 0.02875399361022364 0.017467248908296942
7 0.2912673056443025 0.5101892285298398 0.02875399361022364 0.017467248908296942
10 0.9600638977635783 0.6200873362445415 0.02875399361022364 0.017467248908296942