11 0.3466453674121406 0.2292576419213974 0.02875399361022364 0.017467248908296942
0 0.9036208732694355 0.2445414847161572 0.02875399361022364 0.017467248908296942
10 0.2571884984025559 0.8144104803493449 0.02875399361022364 0.017467248908296942
7 0.2912673056443025 0.4745269286754003 0.02875399361022364 0.017467248908296942
12 0.9036208732694355 0.13973799126637554 0.02875399361022364 0.017467248908296942
11 0.29233226837060705 0.2088791848617176 0.02875399361022364 0.017467248908296942
10 0.654419595314164 0.2802037845705968 0.02875399361022364 0.017467248908296942
10 0.645367412140575 0.653566229985444 0.0362087326943557 0.017467248908296942
9 0.5990415335463258 0.15502183406113537 0.02875399361022364 0.017467248908296942
10 0.654419595314164 0.19141193595342068 0.02875399361022364 0.017467248908296942
0 0.34771033013844516 0.3180494905385735 0.02875399361022364 0.017467248908296942