10 0.6464323748668797 0.4228529839883552 0.0362087326943557 0.017467248908296942
11 0.2933972310969116 0.4388646288209607 0.02875399361022364 0.017467248908296942
0 0.9313099041533547 0.8005822416302766 0.02875399361022364 0.017467248908296942
0 0.9579339723109691 0.24526928675400292 0.02875399361022364 0.017467248908296942
9 0.34451544195953143 0.5997088791848617 0.02875399361022364 0.017467248908296942
10 0.28913738019169327 0.6695778748180495 0.02875399361022364 0.017467248908296942
10 0.2571884984025559 0.8318777292576419 0.02875399361022364 0.017467248908296942
11 0.29233226837060705 0.11935953420669577 0.02875399361022364 0.017467248908296942
0 0.9600638977635783 0.6200873362445415 0.02875399361022364 0.017467248908296942
7 0.9600638977635783 0.5458515283842795 0.02875399361022364 0.017467248908296942
10 0.34345047923322686 0.6885007278020379 0.02875399361022364 0.017467248908296942