2 0.9036208732694355 0.6914119359534207 0.02875399361022364 0.017467248908296942
0 0.2912673056443025 0.5800582241630277 0.02875399361022364 0.017467248908296942
10 0.3423855165069223 0.868995633187773 0.02875399361022364 0.017467248908296942
10 0.3423855165069223 0.8333333333333334 0.02875399361022364 0.017467248908296942
7 0.28594249201277955 0.7627365356622998 0.02875399361022364 0.017467248908296942
1 0.3423855165069223 0.9395924308588064 0.02875399361022364 0.017467248908296942
0 0.9536741214057508 0.13973799126637554 0.02875399361022364 0.017467248908296942
1 0.29233226837060705 0.33478893740902477 0.02875399361022364 0.017467248908296942
0 0.2571884984025559 0.7962154294032023 0.02875399361022364 0.017467248908296942
10 0.34771033013844516 0.4410480349344978 0.02875399361022364 0.017467248908296942
10 0.6533546325878594 0.0851528384279476 0.02875399361022364 0.017467248908296942
1 0.34451544195953143 0.6695778748180495 0.02875399361022364 0.017467248908296942