0 0.9057507987220448 0.5312954876273653 0.02875399361022364 0.017467248908296942
0 0.34451544195953143 0.6521106259097526 0.02875399361022364 0.017467248908296942
10 0.9046858359957402 0.2794759825327511 0.02875399361022364 0.017467248908296942
10 0.9036208732694355 0.29767103347889373 0.02875399361022364 0.017467248908296942
10 0.2571884984025559 0.8144104803493449 0.02875399361022364 0.017467248908296942
7 0.2933972310969116 0.28093158660844253 0.02875399361022364 0.017467248908296942
10 0.9600638977635783 0.4417758369723435 0.02875399361022364 0.017467248908296942
11 0.29233226837060705 0.2445414847161572 0.02875399361022364 0.017467248908296942
10 0.2933972310969116 0.5276564774381368 0.02875399361022364 0.017467248908296942
10 0.9057507987220448 0.5836972343522562 0.02875399361022364 0.017467248908296942
0 0.9046858359957402 0.7823871906841339 0.02875399361022364 0.017467248908296942
10 0.9036208732694355 0.1222707423580786 0.02875399361022364 0.017467248908296942
12 0.645367412140575 0.653566229985444 0.0362087326943557 0.017467248908296942
11 0.5990415335463258 0.2088791848617176 0.02875399361022364 0.017467248908296942
4 0.9291799787007454 0.7459970887918487 0.02875399361022364 0.017467248908296942