10 0.28913738019169327 0.6877729257641921 0.02875399361022364 0.017467248908296942
0 0.29233226837060705 0.29839883551673946 0.02875399361022364 0.017467248908296942
4 0.9046858359957402 0.7823871906841339 0.02875399361022364 0.017467248908296942
10 0.34771033013844516 0.5451237263464338 0.02875399361022364 0.017467248908296942
0 0.34771033013844516 0.42212518195050946 0.02875399361022364 0.017467248908296942
0 0.9036208732694355 0.4053857350800582 0.02875399361022364 0.017467248908296942
10 0.2571884984025559 0.7962154294032023 0.02875399361022364 0.017467248908296942
10 0.5979765708200213 0.24526928675400292 0.02875399361022364 0.017467248908296942
12 0.9589989350372737 0.6382823871906841 0.02875399361022364 0.017467248908296942
10 0.6443024494142705 0.5283842794759825 0.0362087326943557 0.017467248908296942
12 0.2933972310969116 0.28093158660844253 0.02875399361022364 0.017467248908296942
10 0.34771033013844516 0.13828238719068414 0.02875399361022364 0.017467248908296942
0 0.5969116080937167 0.29839883551673946 0.02875399361022364 0.017467248908296942
10 0.2912673056443025 0.5625909752547307 0.02875399361022364 0.017467248908296942
10 0.34451544195953143 0.6331877729257642 0.02875399361022364 0.017467248908296942