10 0.2933972310969116 0.5276564774381368 0.02875399361022364 0.017467248908296942
10 0.34451544195953143 0.6521106259097526 0.02875399361022364 0.017467248908296942
10 0.6070287539936102 0.6528384279475983 0.0362087326943557 0.017467248908296942
3 0.5969116080937167 0.22707423580786026 0.02875399361022364 0.017467248908296942
11 0.34771033013844516 0.37045123726346435 0.02875399361022364 0.017467248908296942
10 0.9579339723109691 0.5138282387190685 0.02875399361022364 0.017467248908296942
0 0.29020234291799785 0.5975254730713246 0.02875399361022364 0.017467248908296942
10 0.9057507987220448 0.4949053857350801 0.02875399361022364 0.017467248908296942
10 0.28594249201277955 0.8682678311499272 0.02875399361022364 0.017467248908296942
2 0.34771033013844516 0.19213973799126638 0.02875399361022364 0.017467248908296942
10 0.9589989350372737 0.5655021834061136 0.02875399361022364 0.017467248908296942
2 0.95580404685836 0.6921397379912664 0.02875399361022364 0.017467248908296942
2 0.3466453674121406 0.49272197962154296 0.02875399361022364 0.017467248908296942