11 0.9057507987220448 0.26200873362445415 0.02875399361022364 0.017467248908296942
11 0.34771033013844516 0.264919941775837 0.02875399361022364 0.017467248908296942
3 0.645367412140575 0.5109170305676856 0.0362087326943557 0.017467248908296942
10 0.9547390841320553 0.19359534206695778 0.02875399361022364 0.017467248908296942
0 0.9600638977635783 0.6200873362445415 0.02875399361022364 0.017467248908296942
2 0.3466453674121406 0.4570596797671033 0.02875399361022364 0.017467248908296942
0 0.902555910543131 0.10407569141193596 0.02875399361022364 0.017467248908296942
0 0.9036208732694355 0.13973799126637554 0.02875399361022364 0.017467248908296942
6 0.2912673056443025 0.5101892285298398 0.02875399361022364 0.017467248908296942
0 0.6522896698615549 0.22634643377001457 0.02875399361022364 0.017467248908296942
11 0.6522896698615549 0.2438136826783115 0.02875399361022364 0.017467248908296942
10 0.9547390841320553 0.17612809315866085 0.02875399361022364 0.017467248908296942
10 0.28594249201277955 0.8682678311499272 0.02875399361022364 0.017467248908296942
1 0.9046858359957402 0.6739446870451238 0.02875399361022364 0.017467248908296942