8 0.9313099041533547 0.8005822416302766 0.02875399361022364 0.017467248908296942
0 0.645367412140575 0.653566229985444 0.0362087326943557 0.017467248908296942
10 0.2912673056443025 0.5625909752547307 0.02875399361022364 0.017467248908296942
10 0.2912673056443025 0.5101892285298398 0.02875399361022364 0.017467248908296942
0 0.5969116080937167 0.2802037845705968 0.02875399361022364 0.017467248908296942
11 0.34451544195953143 0.6521106259097526 0.02875399361022364 0.017467248908296942
11 0.3136315228966986 0.8144104803493449 0.02875399361022364 0.017467248908296942
0 0.284877529286475 0.7794759825327511 0.02875399361022364 0.017467248908296942
0 0.6443024494142705 0.6346433770014556 0.0362087326943557 0.017467248908296942
10 0.9036208732694355 0.22780203784570596 0.02875399361022364 0.017467248908296942
9 0.34771033013844516 0.19213973799126638 0.02875399361022364 0.017467248908296942
0 0.28913738019169327 0.6877729257641921 0.02875399361022364 0.017467248908296942
9 0.5969116080937167 0.22707423580786026 0.02875399361022364 0.017467248908296942
10 0.29020234291799785 0.63391557496361 0.02875399361022364 0.017467248908296942
10 0.9046858359957402 0.5487627365356623 0.02875399361022364 0.017467248908296942