10 0.3423855165069223 0.7612809315866085 0.02875399361022364 0.017467248908296942
5 0.29233226837060705 0.3522561863173217 0.02875399361022364 0.017467248908296942
1 0.6443024494142705 0.3697234352256186 0.0362087326943557 0.017467248908296942
1 0.28913738019169327 0.6521106259097526 0.02875399361022364 0.017467248908296942
10 0.34771033013844516 0.10116448326055313 0.02875399361022364 0.017467248908296942
8 0.9323748668796592 0.764919941775837 0.02875399361022364 0.017467248908296942
0 0.2933972310969116 0.2627365356622999 0.02875399361022364 0.017467248908296942
6 0.34451544195953143 0.5807860262008734 0.02875399361022364 0.017467248908296942
0 0.9611288604898829 0.764919941775837 0.02875399361022364 0.017467248908296942
10 0.3466453674121406 0.5625909752547307 0.02875399361022364 0.017467248908296942
0 0.9057507987220448 0.26200873362445415 0.02875399361022364 0.017467248908296942
1 0.34451544195953143 0.616448326055313 0.02875399361022364 0.017467248908296942
0 0.5990415335463258 0.2088791848617176 0.02875399361022364 0.017467248908296942
10 0.9589989350372737 0.6382823871906841 0.02875399361022364 0.017467248908296942