0 0.73625 0.55125 0.04416666666666667 0.0425
10 0.50125 0.41375 0.04416666666666667 0.0425
0 0.50625 0.16541666666666666 0.04416666666666667 0.0425
0 0.73375 0.80875 0.04416666666666667 0.0425
10 0.73375 0.63875 0.04416666666666667 0.0425
0 0.4979166666666667 0.68125 0.04416666666666667 0.0425
1 0.49541666666666667 0.80125 0.04416666666666667 0.0425
10 0.73875 0.42291666666666666 0.04416666666666667 0.0425
12 0.5004166666666666 0.51125 0.04416666666666667 0.0425
10 0.50625 0.2529166666666667 0.04416666666666667 0.0425
4 0.74125 0.25625 0.04416666666666667 0.0425
10 0.7429166666666667 0.21125 0.04416666666666667 0.0425