0 0.74125 0.33875 0.04416666666666667 0.0425
8 0.73625 0.55125 0.04416666666666667 0.0425
11 0.49625 0.72375 0.04416666666666667 0.0425
10 0.49875 0.5554166666666667 0.04416666666666667 0.0425
10 0.50125 0.36041666666666666 0.0425 0.0575
11 0.73375 0.72625 0.04416666666666667 0.0425
4 0.73875 0.42291666666666666 0.04416666666666667 0.0425
11 0.49875 0.5954166666666667 0.04416666666666667 0.0425
10 0.50375 0.3020833333333333 0.0425 0.0575
4 0.49875 0.63875 0.04416666666666667 0.0425
10 0.74125 0.37875 0.04416666666666667 0.0425
10 0.49541666666666667 0.80125 0.04416666666666667 0.0425
11 0.74625 0.16791666666666666 0.04416666666666667 0.0425
10 0.7379166666666667 0.50875 0.04416666666666667 0.0425