1 0.7379166666666667 0.50875 0.04416666666666667 0.0425
0 0.74125 0.37875 0.04416666666666667 0.0425
10 0.7429166666666667 0.21125 0.04416666666666667 0.0425
0 0.73375 0.68125 0.04416666666666667 0.0425
9 0.49875 0.5554166666666667 0.04416666666666667 0.0425
6 0.50625 0.20875 0.04416666666666667 0.0425
10 0.50625 0.16541666666666666 0.04416666666666667 0.0425
10 0.50625 0.2529166666666667 0.04416666666666667 0.0425
11 0.74125 0.25625 0.04416666666666667 0.0425
11 0.73375 0.72625 0.04416666666666667 0.0425
1 0.73375 0.63875 0.04416666666666667 0.0425
11 0.50125 0.36041666666666666 0.0425 0.0575
0 0.74625 0.16791666666666666 0.04416666666666667 0.0425
10 0.73625 0.5954166666666667 0.04416666666666667 0.0425
0 0.49875 0.63875 0.04416666666666667 0.0425