0 0.49875 0.5554166666666667 0.04416666666666667 0.0425
0 0.73375 0.68125 0.04416666666666667 0.0425
0 0.49875 0.63875 0.04416666666666667 0.0425
10 0.74125 0.37875 0.04416666666666667 0.0425
0 0.4979166666666667 0.68125 0.04416666666666667 0.0425
0 0.74125 0.33875 0.04416666666666667 0.0425
2 0.74125 0.29625 0.04416666666666667 0.0425
11 0.50125 0.36041666666666666 0.0425 0.0575
10 0.73375 0.63875 0.04416666666666667 0.0425
10 0.73875 0.42291666666666666 0.04416666666666667 0.0425
7 0.73625 0.55125 0.04416666666666667 0.0425