1 0.50625 0.20875 0.04416666666666667 0.0425
9 0.7379166666666667 0.50875 0.04416666666666667 0.0425
11 0.73875 0.42291666666666666 0.04416666666666667 0.0425
4 0.73375 0.80875 0.04416666666666667 0.0425
7 0.50375 0.3020833333333333 0.0425 0.0575
6 0.50125 0.41375 0.04416666666666667 0.0425
5 0.4995833333333333 0.46208333333333335 0.0425 0.0575
0 0.7429166666666667 0.21125 0.04416666666666667 0.0425
10 0.49875 0.5554166666666667 0.04416666666666667 0.0425
10 0.49875 0.5954166666666667 0.04416666666666667 0.0425
10 0.73375 0.68125 0.04416666666666667 0.0425