8 0.4934895833333333 0.58740234375 0.06770833333333333 0.0322265625
4 0.439453125 0.294921875 0.06380208333333333 0.02734375
4 0.3704427083333333 0.3486328125 0.06380208333333333 0.02734375
1 0.41796875 0.587890625 0.08072916666666667 0.029296875
11 0.4772135416666667 0.73193359375 0.08984375 0.0341796875
10 0.900390625 0.74755859375 0.08984375 0.0341796875
0 0.4973958333333333 0.404296875 0.052083333333333336 0.029296875
11 0.3717447916666667 0.40234375 0.06380208333333333 0.02734375
5 0.49609375 0.3486328125 0.052083333333333336 0.029296875
10 0.3743489583333333 0.2392578125 0.06380208333333333 0.02734375
0 0.8899739583333334 0.58642578125 0.08984375 0.0341796875
0 0.3717447916666667 0.294921875 0.06380208333333333 0.02734375
0 0.4772135416666667 0.87451171875 0.08984375 0.0341796875
12 0.8763020833333334 0.2763671875 0.078125 0.029296875