10 0.41796875 0.6171875 0.08072916666666667 0.029296875
10 0.3717447916666667 0.294921875 0.06380208333333333 0.02734375
10 0.8899739583333334 0.58642578125 0.08984375 0.0341796875
3 0.8938802083333334 0.61767578125 0.08984375 0.0341796875
0 0.80078125 0.3681640625 0.078125 0.029296875
10 0.3704427083333333 0.3759765625 0.06380208333333333 0.02734375
2 0.4381510416666667 0.2392578125 0.06380208333333333 0.02734375
10 0.80078125 0.337890625 0.078125 0.029296875
0 0.49609375 0.3486328125 0.052083333333333336 0.029296875
10 0.373046875 0.265625 0.06380208333333333 0.02734375
10 0.49609375 0.3759765625 0.052083333333333336 0.029296875
10 0.7994791666666666 0.45751953125 0.052083333333333336 0.0361328125
0 0.900390625 0.74755859375 0.08984375 0.0341796875
0 0.4361979166666667 0.47412109375 0.06770833333333333 0.0322265625
0 0.4368489583333333 0.3759765625 0.06380208333333333 0.02734375