9 0.4772135416666667 0.76025390625 0.08984375 0.0341796875
10 0.80078125 0.3681640625 0.078125 0.029296875
10 0.4361979166666667 0.47412109375 0.06770833333333333 0.0322265625
10 0.8528645833333334 0.49462890625 0.052083333333333336 0.0361328125
12 0.4368489583333333 0.3759765625 0.06380208333333333 0.02734375
11 0.3684895833333333 0.47412109375 0.06770833333333333 0.0322265625
10 0.4986979166666667 0.2685546875 0.052083333333333336 0.029296875
0 0.474609375 0.94384765625 0.08984375 0.0341796875
10 0.4973958333333333 0.50830078125 0.052083333333333336 0.0361328125
0 0.439453125 0.294921875 0.06380208333333333 0.02734375
0 0.4772135416666667 0.87451171875 0.08984375 0.0341796875
0 0.4772135416666667 0.70068359375 0.08984375 0.0341796875
10 0.3717447916666667 0.40234375 0.06380208333333333 0.02734375
0 0.8763020833333334 0.2763671875 0.078125 0.029296875
11 0.8502604166666666 0.45947265625 0.052083333333333336 0.0361328125