10 0.4368489583333333 0.3759765625 0.06380208333333333 0.02734375
10 0.4772135416666667 0.87451171875 0.08984375 0.0341796875
10 0.49609375 0.3486328125 0.052083333333333336 0.029296875
0 0.49609375 0.32421875 0.052083333333333336 0.029296875
12 0.8997395833333334 0.45947265625 0.052083333333333336 0.0361328125
11 0.4381510416666667 0.2392578125 0.06380208333333333 0.02734375
0 0.4381510416666667 0.322265625 0.06380208333333333 0.02734375
10 0.4973958333333333 0.2412109375 0.052083333333333336 0.029296875
0 0.8763020833333334 0.2763671875 0.078125 0.029296875
0 0.8802083333333334 0.369140625 0.078125 0.029296875
0 0.3684895833333333 0.47412109375 0.06770833333333333 0.0322265625
10 0.4772135416666667 0.73193359375 0.08984375 0.0341796875