3 0.49609375 0.3486328125 0.052083333333333336 0.029296875
10 0.7994791666666666 0.45751953125 0.052083333333333336 0.0361328125
0 0.8802083333333334 0.369140625 0.078125 0.029296875
5 0.4973958333333333 0.2412109375 0.052083333333333336 0.029296875
10 0.8502604166666666 0.45947265625 0.052083333333333336 0.0361328125
3 0.369140625 0.322265625 0.06380208333333333 0.02734375
10 0.4986979166666667 0.294921875 0.052083333333333336 0.029296875
6 0.474609375 0.94384765625 0.08984375 0.0341796875
10 0.4368489583333333 0.3486328125 0.06380208333333333 0.02734375
2 0.4772135416666667 0.76025390625 0.08984375 0.0341796875
2 0.474609375 0.79150390625 0.08984375 0.0341796875
0 0.80078125 0.337890625 0.078125 0.029296875
10 0.8938802083333334 0.61767578125 0.08984375 0.0341796875
10 0.4381510416666667 0.2392578125 0.06380208333333333 0.02734375
0 0.900390625 0.74755859375 0.08984375 0.0341796875