0 0.4986979166666667 0.2685546875 0.052083333333333336 0.029296875
10 0.4986979166666667 0.294921875 0.052083333333333336 0.029296875
10 0.369140625 0.322265625 0.06380208333333333 0.02734375
7 0.4772135416666667 0.87451171875 0.08984375 0.0341796875
0 0.49609375 0.3759765625 0.052083333333333336 0.029296875
10 0.3684895833333333 0.47412109375 0.06770833333333333 0.0322265625
7 0.41796875 0.587890625 0.08072916666666667 0.029296875
10 0.900390625 0.71337890625 0.08984375 0.0341796875
0 0.4381510416666667 0.404296875 0.06380208333333333 0.02734375
1 0.49609375 0.32421875 0.052083333333333336 0.029296875
0 0.49609375 0.47509765625 0.052083333333333336 0.0361328125
3 0.4381510416666667 0.2392578125 0.06380208333333333 0.02734375