0 0.9169921875 0.5166015625 0.025390625 0.013671875
0 0.3427734375 0.498046875 0.025390625 0.013671875
0 0.625 0.4697265625 0.025390625 0.013671875
0 0.9169921875 0.6484375 0.025390625 0.013671875
0 0.625 0.3359375 0.025390625 0.013671875
0 0.8583984375 0.7216796875 0.025390625 0.013671875
0 0.404296875 0.5224609375 0.025390625 0.013671875
0 0.916015625 0.748046875 0.025390625 0.013671875
0 0.623046875 0.5205078125 0.025390625 0.013671875
0 0.916015625 0.4697265625 0.025390625 0.013671875
0 0.8583984375 0.494140625 0.025390625 0.013671875
0 0.8251953125 0.744140625 0.025390625 0.013671875
0 0.404296875 0.4736328125 0.025390625 0.013671875
0 0.4501953125 0.3046875 0.025390625 0.013671875