0 0.8271484375 0.5185546875 0.025390625 0.013671875
0 0.916015625 0.748046875 0.025390625 0.013671875
0 0.861328125 0.6728515625 0.025390625 0.013671875
0 0.9501953125 0.6748046875 0.025390625 0.013671875
0 0.380859375 0.3984375 0.025390625 0.013671875
0 0.6416015625 0.6484375 0.025390625 0.013671875
0 0.9169921875 0.701171875 0.025390625 0.013671875
0 0.8271484375 0.697265625 0.025390625 0.013671875
0 0.9482421875 0.4921875 0.025390625 0.013671875
0 0.380859375 0.2822265625 0.025390625 0.013671875
0 0.3427734375 0.5947265625 0.025390625 0.013671875
0 0.3427734375 0.498046875 0.025390625 0.013671875
0 0.623046875 0.5205078125 0.025390625 0.013671875
0 0.3818359375 0.3515625 0.025390625 0.013671875