0 0.6555511182108626 0.44797525309336333 0.009984025559105431 0.011811023622047244
0 0.8085063897763578 0.29611923509561305 0.009984025559105431 0.011811023622047244
0 0.14556709265175719 0.3838582677165354 0.009984025559105431 0.011811023622047244
0 0.30011980830670926 0.8394263217097863 0.009984025559105431 0.011811023622047244
0 0.29972044728434505 0.8861079865016873 0.009984025559105431 0.011811023622047244
0 0.9291134185303515 0.22862767154105737 0.009984025559105431 0.011811023622047244
0 0.3105031948881789 0.41929133858267714 0.009984025559105431 0.011811023622047244
0 0.4862220447284345 0.7275028121484814 0.009984025559105431 0.011811023622047244
0 0.9265175718849841 0.9502249718785152 0.00878594249201278 0.012935883014623173
0 0.9388977635782748 0.7629358830146231 0.00878594249201278 0.012935883014623173
0 0.45467252396166136 0.44460067491563554 0.009984025559105431 0.011811023622047244
0 0.45307507987220447 0.8883577052868391 0.009984025559105431 0.011811023622047244
0 0.9388977635782748 0.7848706411698537 0.00878594249201278 0.012935883014623173
0 0.6759185303514377 0.8321147356580427 0.009984025559105431 0.011811023622047244