0 0.14676517571884984 0.40635545556805397 0.009984025559105431 0.011811023622047244
0 0.29972044728434505 0.7466254218222722 0.009984025559105431 0.011811023622047244
0 0.8049121405750799 0.8264904386951631 0.009984025559105431 0.011811023622047244
0 0.659944089456869 0.18250843644544432 0.009984025559105431 0.011811023622047244
0 0.7873402555910544 0.5329021372328459 0.009984025559105431 0.011811023622047244
0 0.45307507987220447 0.8883577052868391 0.009984025559105431 0.011811023622047244
0 0.7865415335463258 0.6510123734533183 0.009984025559105431 0.011811023622047244
0 0.9265175718849841 0.9502249718785152 0.00878594249201278 0.012935883014623173
0 0.49221246006389774 0.2106299212598425 0.009984025559105431 0.011811023622047244
0 0.9726437699680511 0.2983689538807649 0.009984025559105431 0.011811023622047244
0 0.3105031948881789 0.41929133858267714 0.009984025559105431 0.011811023622047244