0 0.6555511182108626 0.44797525309336333 0.009984025559105431 0.011811023622047244
0 0.7877396166134185 0.18082114735658042 0.009984025559105431 0.011811023622047244
0 0.45467252396166136 0.44460067491563554 0.009984025559105431 0.011811023622047244
0 0.3109025559105431 0.5115298087739033 0.009984025559105431 0.011811023622047244
0 0.6751198083067093 0.6009561304836896 0.009984025559105431 0.011811023622047244
0 0.14676517571884984 0.40635545556805397 0.009984025559105431 0.011811023622047244
0 0.49181309904153353 0.49015748031496065 0.009984025559105431 0.011811023622047244
0 0.14636581469648563 0.18363329583802024 0.009984025559105431 0.011811023622047244
0 0.9287140575079872 0.34448818897637795 0.009984025559105431 0.011811023622047244
0 0.45507188498402557 0.5137795275590551 0.009984025559105431 0.011811023622047244
0 0.9303115015974441 0.53177727784027 0.009984025559105431 0.011811023622047244