0 0.45507188498402557 0.234251968503937 0.009984025559105431 0.011811023622047244
0 0.3113019169329074 0.32761529808773904 0.009984025559105431 0.011811023622047244
0 0.14676517571884984 0.40635545556805397 0.009984025559105431 0.011811023622047244
0 0.45307507987220447 0.8883577052868391 0.009984025559105431 0.011811023622047244
0 0.1615415335463259 0.8360517435320585 0.009984025559105431 0.011811023622047244
0 0.29972044728434505 0.7466254218222722 0.009984025559105431 0.011811023622047244
0 0.9303115015974441 0.53177727784027 0.009984025559105431 0.011811023622047244
0 0.14636581469648563 0.6858830146231721 0.009984025559105431 0.011811023622047244
0 0.3113019169329074 0.23312710911136109 0.009984025559105431 0.011811023622047244
0 0.29972044728434505 0.7944319460067492 0.009984025559105431 0.011811023622047244
0 0.7865415335463258 0.6510123734533183 0.009984025559105431 0.011811023622047244
0 0.49221246006389774 0.2106299212598425 0.009984025559105431 0.011811023622047244
0 0.8085063897763578 0.29611923509561305 0.009984025559105431 0.011811023622047244
0 0.9295127795527156 0.2736220472440945 0.009984025559105431 0.011811023622047244
0 0.49181309904153353 0.3737345331833521 0.009984025559105431 0.011811023622047244