0 0.45307507987220447 0.8883577052868391 0.009984025559105431 0.011811023622047244
0 0.49181309904153353 0.5385264341957255 0.009984025559105431 0.011811023622047244
0 0.42671725239616615 0.8652980877390326 0.009984025559105431 0.011811023622047244
0 0.4914137380191693 0.2567491563554556 0.009984025559105431 0.011811023622047244
0 0.42631789137380194 0.9356017997750281 0.009984025559105431 0.011811023622047244
0 0.1459664536741214 0.4738470191226097 0.009984025559105431 0.011811023622047244
0 0.9303115015974441 0.53177727784027 0.009984025559105431 0.011811023622047244
0 0.14636581469648563 0.6858830146231721 0.009984025559105431 0.011811023622047244
0 0.8037140575079872 0.40129358830146233 0.009984025559105431 0.011811023622047244
0 0.6751198083067093 0.6009561304836896 0.009984025559105431 0.011811023622047244
0 0.6559504792332268 0.328740157480315 0.009984025559105431 0.011811023622047244