0 0.5921547555077915 0.24943052391799544 0.017195056421278884 0.017463933181473046
0 0.5905427189682966 0.3109339407744875 0.017195056421278884 0.017463933181473046
0 0.28801719505642126 0.2949886104783599 0.017195056421278884 0.017463933181473046
0 0.28747984954325634 0.3830675778283979 0.017195056421278884 0.017463933181473046
0 0.5561526061257388 0.6366742596810934 0.017195056421278884 0.017463933181473046
0 0.47340139709833423 0.7839787395596052 0.017195056421278884 0.017463933181473046
0 0.2246104245029554 0.544039483675019 0.017195056421278884 0.017463933181473046
0 0.2262224610424503 0.6655277145026576 0.017195056421278884 0.017463933181473046
0 0.739387426114992 0.33675018982536065 0.017195056421278884 0.017463933181473046
0 0.8017195056421279 0.8971146545178436 0.017195056421278884 0.017463933181473046
0 0.261687264911338 0.8014426727410782 0.017195056421278884 0.017463933181473046
0 0.7549704459967759 0.8234624145785877 0.017195056421278884 0.017463933181473046
0 0.5561526061257388 0.6996962794229309 0.017195056421278884 0.017463933181473046
0 0.7372380440623321 0.4263477600607441 0.017195056421278884 0.017463933181473046