0 0.4723267060720043 0.5075930144267274 0.017195056421278884 0.017463933181473046
0 0.5900053734551316 0.2911921032649962 0.017195056421278884 0.017463933181473046
0 0.739924771628157 0.29422930903568717 0.017195056421278884 0.017463933181473046
0 0.9253089736700698 0.2718299164768413 0.010746910263299301 0.016704631738800303
0 0.7635679742074154 0.4054669703872437 0.010746910263299301 0.016704631738800303
0 0.7635679742074154 0.4533029612756264 0.010746910263299301 0.016704631738800303
0 0.5142396560988716 0.4407744874715262 0.017195056421278884 0.017463933181473046
0 0.5916174099946265 0.3344722854973424 0.017195056421278884 0.017463933181473046
0 0.5921547555077915 0.24943052391799544 0.017195056421278884 0.017463933181473046
0 0.28694250403009136 0.8230827638572513 0.010746910263299301 0.016704631738800303
0 0.800644814615798 0.7088078967350038 0.017195056421278884 0.017463933181473046
0 0.7635679742074154 0.49658314350797267 0.010746910263299301 0.016704631738800303
0 0.5137023105857066 0.5721336370539104 0.017195056421278884 0.017463933181473046
0 0.9043524986566363 0.4741837509491268 0.017195056421278884 0.017463933181473046