0 0.5921547555077915 0.24943052391799544 0.017195056421278884 0.017463933181473046
0 0.47340139709833423 0.6974183750949127 0.017195056421278884 0.017463933181473046
0 0.4723267060720043 0.5075930144267274 0.017195056421278884 0.017463933181473046
0 0.261687264911338 0.884206529992407 0.017195056421278884 0.017463933181473046
0 0.47340139709833423 0.7839787395596052 0.017195056421278884 0.017463933181473046
0 0.9059645351961311 0.29422930903568717 0.017195056421278884 0.017463933181473046
0 0.4707146695325094 0.4832953682611997 0.017195056421278884 0.017463933181473046
0 0.737775389575497 0.5652999240698557 0.017195056421278884 0.017463933181473046
0 0.5905427189682966 0.3109339407744875 0.017195056421278884 0.017463933181473046
0 0.738312735088662 0.5220197418375095 0.017195056421278884 0.017463933181473046
0 0.9253089736700698 0.31662870159453305 0.010746910263299301 0.016704631738800303