0 0.5921547555077915 0.24943052391799544 0.017195056421278884 0.017463933181473046
0 0.2262224610424503 0.626044039483675 0.017195056421278884 0.017463933181473046
0 0.28801719505642126 0.564540622627183 0.017195056421278884 0.017463933181473046
0 0.5583019881783987 0.4832953682611997 0.017195056421278884 0.017463933181473046
0 0.28801719505642126 0.2949886104783599 0.017195056421278884 0.017463933181473046
0 0.28747984954325634 0.7805618830675778 0.010746910263299301 0.016704631738800303
0 0.5889306824288018 0.44267274107820803 0.010746910263299301 0.016704631738800303
0 0.28694250403009136 0.8230827638572513 0.010746910263299301 0.016704631738800303
0 0.5910800644814616 0.9206529992406985 0.017195056421278884 0.017463933181473046
0 0.5873186458893068 0.48291571753986334 0.010746910263299301 0.016704631738800303
0 0.5577646426652337 0.4422930903568717 0.017195056421278884 0.017463933181473046
0 0.7635679742074154 0.4054669703872437 0.010746910263299301 0.016704631738800303
0 0.5153143471252015 0.7194381169324222 0.017195056421278884 0.017463933181473046