0 0.7571198280494358 0.7323462414578588 0.017195056421278884 0.017463933181473046
0 0.9247716281569048 0.4085041761579347 0.010746910263299301 0.016704631738800303
0 0.5572272971520688 0.570615034168565 0.017195056421278884 0.017463933181473046
0 0.5131649650725416 0.7634776006074412 0.017195056421278884 0.017463933181473046
0 0.7635679742074154 0.4533029612756264 0.010746910263299301 0.016704631738800303
0 0.7619559376679205 0.5413819286256644 0.010746910263299301 0.016704631738800303
0 0.26276195593766793 0.7619589977220956 0.017195056421278884 0.017463933181473046
0 0.5900053734551316 0.26917236142748674 0.017195056421278884 0.017463933181473046
0 0.28694250403009136 0.27145026575550496 0.017195056421278884 0.017463933181473046
0 0.5900053734551316 0.2911921032649962 0.017195056421278884 0.017463933181473046
0 0.5878559914024718 0.530751708428246 0.010746910263299301 0.016704631738800303
0 0.4723267060720043 0.54707668944571 0.017195056421278884 0.017463933181473046
0 0.4723267060720043 0.5075930144267274 0.017195056421278884 0.017463933181473046
0 0.4691026329930145 0.9039483675018982 0.017195056421278884 0.017463933181473046