0 0.7565824825362708 0.9191343963553531 0.017195056421278884 0.017463933181473046
0 0.5572272971520688 0.5060744115413819 0.017195056421278884 0.017463933181473046
0 0.5142396560988716 0.5273348519362187 0.017195056421278884 0.017463933181473046
0 0.28801719505642126 0.564540622627183 0.017195056421278884 0.017463933181473046
0 0.28694250403009136 0.8230827638572513 0.010746910263299301 0.016704631738800303
0 0.9048898441698012 0.4286256643887623 0.017195056421278884 0.017463933181473046
0 0.28801719505642126 0.6457858769931663 0.017195056421278884 0.017463933181473046
0 0.4707146695325094 0.4832953682611997 0.017195056421278884 0.017463933181473046
0 0.5572272971520688 0.4643128321943812 0.017195056421278884 0.017463933181473046
0 0.26276195593766793 0.9259681093394078 0.017195056421278884 0.017463933181473046
0 0.28747984954325634 0.7805618830675778 0.010746910263299301 0.016704631738800303