0 0.8552706552706553 0.9536663980660758 0.018233618233618232 0.016921837228041903
0 0.09515669515669516 0.7006446414182111 0.018233618233618232 0.016921837228041903
0 0.9669515669515669 0.7240128928283642 0.018233618233618232 0.016921837228041903
0 0.9675213675213675 0.491941982272361 0.018233618233618232 0.016921837228041903
0 0.19886039886039886 0.4371474617244158 0.018233618233618232 0.016921837228041903
0 0.0962962962962963 0.9609186140209508 0.018233618233618232 0.016921837228041903
0 0.4603988603988604 0.23569701853344077 0.012535612535612535 0.015310233682514102
0 0.49002849002849 0.5572119258662369 0.018233618233618232 0.016921837228041903
0 0.20113960113960114 0.9601128122481869 0.018233618233618232 0.016921837228041903
0 0.4603988603988604 0.2832393231265109 0.012535612535612535 0.015310233682514102
0 0.4547008547008547 0.749798549556809 0.018233618233618232 0.016921837228041903
0 0.9675213675213675 0.2937147461724416 0.018233618233618232 0.016921837228041903
0 0.8552706552706553 0.4742143432715552 0.018233618233618232 0.016921837228041903
0 0.8552706552706553 0.25825946817082995 0.018233618233618232 0.016921837228041903