0 0.6153846153846154 0.927880741337631 0.018233618233618232 0.016921837228041903
0 0.4603988603988604 0.13336019339242547 0.012535612535612535 0.015310233682514102
0 0.9686609686609686 0.5435132957292506 0.018233618233618232 0.016921837228041903
0 0.19886039886039886 0.5668815471394038 0.018233618233618232 0.016921837228041903
0 0.09572649572649573 0.5676873489121677 0.018233618233618232 0.016921837228041903
0 0.19829059829059828 0.3098307816277196 0.018233618233618232 0.016921837228041903
0 0.20056980056980056 0.701450443190975 0.018233618233618232 0.016921837228041903
0 0.7344729344729345 0.443593875906527 0.018233618233618232 0.016921837228041903
0 0.8552706552706553 0.3058017727639001 0.018233618233618232 0.016921837228041903
0 0.46096866096866096 0.3356164383561644 0.012535612535612535 0.015310233682514102
0 0.49173789173789173 0.10757453666398066 0.012535612535612535 0.015310233682514102
0 0.6148148148148148 0.2550362610797744 0.018233618233618232 0.016921837228041903
0 0.30427350427350425 0.17767929089443996 0.018233618233618232 0.016921837228041903
0 0.6153846153846154 0.15995165189363417 0.018233618233618232 0.016921837228041903
0 0.6153846153846154 0.8771152296535052 0.018233618233618232 0.016921837228041903