0 0.09572649572649573 0.5676873489121677 0.018233618233618232 0.016921837228041903
0 0.19886039886039886 0.5668815471394038 0.018233618233618232 0.016921837228041903
0 0.9663817663817664 0.23892022562449639 0.018233618233618232 0.016921837228041903
0 0.6153846153846154 0.7771958098307816 0.018233618233618232 0.016921837228041903
0 0.8535612535612536 0.7530217566478646 0.018233618233618232 0.016921837228041903
0 0.8558404558404559 0.21232876712328766 0.018233618233618232 0.016921837228041903
0 0.9686609686609686 0.3920225624496374 0.018233618233618232 0.016921837228041903
0 0.6136752136752137 0.5306204673650282 0.018233618233618232 0.016921837228041903
0 0.6153846153846154 0.927880741337631 0.018233618233618232 0.016921837228041903
0 0.8575498575498576 0.8456889605157132 0.018233618233618232 0.016921837228041903
0 0.8552706552706553 0.4742143432715552 0.018233618233618232 0.016921837228041903
0 0.8547008547008547 0.9125705076551168 0.018233618233618232 0.016921837228041903