0 0.49564586357039186 0.2876282782212087 0.007901951298177712 0.013683010262257697
0 0.5261248185776488 0.32696693272519955 0.007901951298177712 0.013683010262257697
0 0.9292855990969199 0.7155074116305588 0.007901951298177712 0.013683010262257697
0 0.47774552491533623 0.5088369441277081 0.007901951298177712 0.013683010262257697
0 0.47048863086598935 0.8882554161915621 0.007901951298177712 0.013683010262257697
0 0.5109659732301242 0.4484036488027366 0.007901951298177712 0.013683010262257697
0 0.28309950008063217 0.8278221208665907 0.007901951298177712 0.013683010262257697
0 0.4779067892275439 0.36801596351197263 0.007901951298177712 0.013683010262257697
0 0.7510885341074021 0.5883694412770809 0.007901951298177712 0.013683010262257697
0 0.6148201902918884 0.4475484606613455 0.007901951298177712 0.013683010262257697
0 0.3259958071278826 0.36801596351197263 0.007901951298177712 0.013683010262257697
0 0.7517335913562329 0.8956670467502851 0.007901951298177712 0.013683010262257697
0 0.5267698758264796 0.3879703534777651 0.007901951298177712 0.013683010262257697
0 0.370020964360587 0.6354047890535918 0.007901951298177712 0.013683010262257697