0 0.8507498790517658 0.5872291904218928 0.007901951298177712 0.013683010262257697
0 0.6694887921303015 0.620866590649943 0.007901951298177712 0.013683010262257697
0 0.28326076439283987 0.6633409350057012 0.007901951298177712 0.013683010262257697
0 0.7643122077084341 0.919327251995439 0.007901951298177712 0.013683010262257697
0 0.4779067892275439 0.306442417331813 0.007901951298177712 0.013683010262257697
0 0.4779067892275439 0.36801596351197263 0.007901951298177712 0.013683010262257697
0 0.15279793581680373 0.24686431014823262 0.007901951298177712 0.013683010262257697
0 0.5262860828898565 0.3070125427594071 0.007901951298177712 0.013683010262257697
0 0.49516207063376877 0.5096921322690992 0.007901951298177712 0.013683010262257697
0 0.49580712788259956 0.36801596351197263 0.007901951298177712 0.013683010262257697
0 0.5064505724883084 0.8409350057012542 0.007901951298177712 0.013683010262257697
0 0.9294468634091275 0.7881984036488028 0.007901951298177712 0.013683010262257697