0 0.5276510832383124 0.9395161290322581 0.013112884834663626 0.01935483870967742
0 0.7202109464082098 0.6201612903225806 0.02708095781071836 0.02338709677419355
0 0.34763397947548463 0.725 0.016818700114025087 0.01935483870967742
0 0.6934150513112884 0.3157258064516129 0.016818700114025087 0.01935483870967742
0 0.3675883694412771 0.425 0.033352337514253136 0.020967741935483872
0 0.7363169897377423 0.9604838709677419 0.013112884834663626 0.01935483870967742
0 0.51154503990878 0.3153225806451613 0.016818700114025087 0.01935483870967742
0 0.5028506271379704 0.8387096774193549 0.013112884834663626 0.01935483870967742
0 0.27765108323831245 0.8391129032258065 0.013112884834663626 0.01935483870967742
0 0.9378563283922463 0.8887096774193548 0.013112884834663626 0.01935483870967742
0 0.511259977194983 0.3717741935483871 0.016818700114025087 0.01935483870967742