0 0.5071368597816961 0.24673784104389088 0.010075566750629723 0.014234875444839857
0 0.5197313182199832 0.36180308422301305 0.010075566750629723 0.014234875444839857
0 0.5205709487825357 0.17319098457888493 0.010075566750629723 0.014234875444839857
0 0.5205709487825357 0.19217081850533807 0.010075566750629723 0.014234875444839857
0 0.5608732157850546 0.26334519572953735 0.010075566750629723 0.014234875444839857
0 0.6087321578505458 0.1387900355871886 0.010075566750629723 0.014234875444839857
0 0.5071368597816961 0.2265717674970344 0.010075566750629723 0.014234875444839857
0 0.18429890848026867 0.7615658362989324 0.01595298068849706 0.02372479240806643
0 0.025608732157850547 0.7568208778173191 0.01595298068849706 0.02372479240806643
0 0.5734676742233418 0.1376037959667853 0.010075566750629723 0.014234875444839857
0 0.023089840470193114 0.31198102016607354 0.01595298068849706 0.02372479240806643
0 0.6221662468513854 0.1376037959667853 0.010075566750629723 0.014234875444839857