0 0.5617128463476071 0.19217081850533807 0.010075566750629723 0.014234875444839857
0 0.5205709487825357 0.1542111506524318 0.010075566750629723 0.014234875444839857
0 0.1809403862300588 0.465005931198102 0.01595298068849706 0.02372479240806643
0 0.014693534844668345 0.35231316725978645 0.009235936188077247 0.009489916963226572
0 0.5566750629722922 0.5088967971530249 0.010075566750629723 0.014234875444839857
0 0.6087321578505458 0.17319098457888493 0.010075566750629723 0.014234875444839857
0 0.5734676742233418 0.2823250296559905 0.010075566750629723 0.014234875444839857
0 0.5734676742233418 0.265717674970344 0.010075566750629723 0.014234875444839857
0 0.014693534844668345 0.6690391459074733 0.009235936188077247 0.009489916963226572
0 0.5197313182199832 0.265717674970344 0.010075566750629723 0.014234875444839857
0 0.6095717884130982 0.2846975088967972 0.010075566750629723 0.014234875444839857
0 0.6213266162888329 0.19217081850533807 0.010075566750629723 0.014234875444839857