0 0.5188916876574308 0.34519572953736655 0.010075566750629723 0.014234875444839857
0 0.17506297229219145 0.5029655990510083 0.009235936188077247 0.009489916963226572
0 0.5205709487825357 0.1376037959667853 0.010075566750629723 0.014234875444839857
0 0.5566750629722922 0.34638196915776986 0.010075566750629723 0.014234875444839857
0 0.17338371116708648 0.8054567022538552 0.009235936188077247 0.009489916963226572
0 0.5071368597816961 0.2111506524317912 0.010075566750629723 0.014234875444839857
0 0.5071368597816961 0.34519572953736655 0.010075566750629723 0.014234875444839857
0 0.5205709487825357 0.17319098457888493 0.010075566750629723 0.014234875444839857
0 0.6087321578505458 0.24673784104389088 0.010075566750629723 0.014234875444839857
0 0.025608732157850547 0.7568208778173191 0.01595298068849706 0.02372479240806643
0 0.014693534844668345 0.35231316725978645 0.009235936188077247 0.009489916963226572
0 0.5608732157850546 0.1376037959667853 0.010075566750629723 0.014234875444839857
0 0.5197313182199832 0.36180308422301305 0.010075566750629723 0.014234875444839857
0 0.5079764903442485 0.2669039145907473 0.010075566750629723 0.014234875444839857