0 0.5079764903442485 0.2846975088967972 0.010075566750629723 0.014234875444839857
0 0.5079764903442485 0.17319098457888493 0.010075566750629723 0.014234875444839857
0 0.17338371116708648 0.5183867141162515 0.009235936188077247 0.009489916963226572
0 0.5071368597816961 0.36061684460260973 0.010075566750629723 0.014234875444839857
0 0.5205709487825357 0.1376037959667853 0.010075566750629723 0.014234875444839857
0 0.5079764903442485 0.19217081850533807 0.010075566750629723 0.014234875444839857
0 0.025608732157850547 0.7568208778173191 0.01595298068849706 0.02372479240806643
0 0.5188916876574308 0.34519572953736655 0.010075566750629723 0.014234875444839857
0 0.5071368597816961 0.32977461447212336 0.010075566750629723 0.014234875444839857
0 0.5071368597816961 0.24673784104389088 0.010075566750629723 0.014234875444839857
0 0.014693534844668345 0.49940688018979834 0.009235936188077247 0.009489916963226572
0 0.17170445004198154 0.3274021352313167 0.009235936188077247 0.009489916963226572
0 0.5734676742233418 0.19217081850533807 0.010075566750629723 0.014234875444839857
0 0.5608732157850546 0.20877817319098457 0.010075566750629723 0.014234875444839857
0 0.014693534844668345 0.5160142348754448 0.009235936188077247 0.009489916963226572