0 0.014693534844668345 0.36773428232502964 0.009235936188077247 0.009489916963226572
0 0.5071368597816961 0.3902728351126928 0.010075566750629723 0.014234875444839857
0 0.6087321578505458 0.2265717674970344 0.010075566750629723 0.014234875444839857
0 0.5608732157850546 0.1376037959667853 0.010075566750629723 0.014234875444839857
0 0.1801007556675063 0.6132858837485172 0.01595298068849706 0.02372479240806643
0 0.5608732157850546 0.20877817319098457 0.010075566750629723 0.014234875444839857
0 0.5734676742233418 0.1376037959667853 0.010075566750629723 0.014234875444839857
0 0.18261964735516373 0.19098457888493475 0.01595298068849706 0.02372479240806643
0 0.5205709487825357 0.17319098457888493 0.010075566750629723 0.014234875444839857
0 0.014693534844668345 0.8185053380782918 0.009235936188077247 0.009489916963226572
0 0.6221662468513854 0.1376037959667853 0.010075566750629723 0.014234875444839857
0 0.6213266162888329 0.19217081850533807 0.010075566750629723 0.014234875444839857
0 0.5197313182199832 0.36180308422301305 0.010075566750629723 0.014234875444839857