0 0.5291888405095952 0.6895667046750285 0.007901951298177712 0.013683010262257697
0 0.739477503628447 0.6111744583808438 0.007901951298177712 0.013683010262257697
0 0.8604257377842284 0.39481185860889395 0.007901951298177712 0.013683010262257697
0 0.3229317851959361 0.7996009122006842 0.007901951298177712 0.013683010262257697
0 0.15279793581680373 0.27394526795895097 0.007901951298177712 0.013683010262257697
0 0.370020964360587 0.7733751425313569 0.007901951298177712 0.013683010262257697
0 0.5291888405095952 0.6616305587229191 0.007901951298177712 0.013683010262257697
0 0.48774391227221414 0.604903078677309 0.007901951298177712 0.013683010262257697
0 0.739477503628447 0.7180729760547321 0.007901951298177712 0.013683010262257697
0 0.28374455732946297 0.7448688711516533 0.007901951298177712 0.013683010262257697
0 0.30728914691178844 0.8281071835803877 0.007901951298177712 0.013683010262257697