0 0.8978050171037628 0.6201612903225806 0.02708095781071836 0.02338709677419355
0 0.6934150513112884 0.3157258064516129 0.016818700114025087 0.01935483870967742
0 0.9378563283922463 0.8887096774193548 0.013112884834663626 0.01935483870967742
0 0.5276510832383124 0.9395161290322581 0.013112884834663626 0.01935483870967742
0 0.2127993158494869 0.6838709677419355 0.033352337514253136 0.020967741935483872
0 0.9372862029646523 0.9358870967741936 0.013112884834663626 0.01935483870967742
0 0.27765108323831245 0.8673387096774193 0.013112884834663626 0.01935483870967742
0 0.7363169897377423 0.932258064516129 0.013112884834663626 0.01935483870967742
0 0.21336944127708096 0.425 0.033352337514253136 0.020967741935483872
0 0.5025655644241733 0.9641129032258065 0.013112884834663626 0.01935483870967742
0 0.5028506271379704 0.8637096774193549 0.013112884834663626 0.01935483870967742