0 0.5559071729957806 0.7465277777777778 0.009142053445850914 0.012152777777777778
0 0.22538677918424754 0.5464409722222222 0.009142053445850914 0.014756944444444444
0 0.22609001406469761 0.14453125 0.009142053445850914 0.014756944444444444
0 0.2661744022503516 0.8146701388888888 0.009142053445850914 0.014756944444444444
0 0.5559071729957806 0.8255208333333334 0.009142053445850914 0.012152777777777778
0 0.22749648382559776 0.4457465277777778 0.009142053445850914 0.014756944444444444
0 0.22609001406469761 0.3120659722222222 0.009142053445850914 0.014756944444444444
0 0.22679324894514769 0.20182291666666666 0.009142053445850914 0.014756944444444444
0 0.22679324894514769 0.2339409722222222 0.009142053445850914 0.014756944444444444
0 0.22749648382559776 0.4778645833333333 0.009142053445850914 0.014756944444444444
0 0.26547116736990156 0.86328125 0.009142053445850914 0.014756944444444444
0 0.26476793248945146 0.27734375 0.009142053445850914 0.014756944444444444
0 0.5566104078762306 0.8619791666666666 0.009142053445850914 0.012152777777777778
0 0.5559071729957806 0.9192708333333334 0.009142053445850914 0.012152777777777778
0 0.5580168776371308 0.6710069444444444 0.009142053445850914 0.012152777777777778