0 0.40859375 0.32486187845303865 0.00859375 0.011049723756906077
0 0.95546875 0.32486187845303865 0.00859375 0.011049723756906077
0 0.1828125 0.30441988950276244 0.00859375 0.011049723756906077
0 0.428515625 0.26795580110497236 0.00859375 0.011049723756906077
0 0.18359375 0.3806629834254144 0.00859375 0.011049723756906077
0 0.428515625 0.8928176795580111 0.00859375 0.011049723756906077
0 0.4296875 0.6165745856353592 0.00859375 0.011049723756906077
0 0.225 0.3430939226519337 0.00859375 0.011049723756906077
0 0.2046875 0.7701657458563536 0.00859375 0.011049723756906077
0 0.225 0.2861878453038674 0.00859375 0.011049723756906077
0 0.225390625 0.2668508287292818 0.00859375 0.011049723756906077
0 0.96171875 0.9613259668508287 0.00859375 0.011049723756906077
0 0.18359375 0.26795580110497236 0.0078125 0.009944751381215469
0 0.162890625 0.32486187845303865 0.00859375 0.011049723756906077
0 0.9546875 0.26795580110497236 0.00859375 0.011049723756906077