0 0.407421875 0.9519337016574586 0.00859375 0.011049723756906077
0 0.18359375 0.6756906077348066 0.00859375 0.011049723756906077
0 0.428515625 0.4176795580110497 0.00859375 0.011049723756906077
0 0.9609375 0.9237569060773481 0.00859375 0.011049723756906077
0 0.18359375 0.7530386740331492 0.00859375 0.011049723756906077
0 0.428515625 0.8928176795580111 0.00859375 0.011049723756906077
0 0.95546875 0.7303867403314918 0.00859375 0.011049723756906077
0 0.9703125 0.305524861878453 0.00859375 0.011049723756906077
0 0.428515625 0.26795580110497236 0.00859375 0.011049723756906077
0 0.44921875 0.9497237569060774 0.00859375 0.011049723756906077
0 0.428515625 0.3430939226519337 0.00859375 0.011049723756906077
0 0.97109375 0.7121546961325966 0.00859375 0.011049723756906077