0 0.891015625 0.6939226519337016 0.00859375 0.011049723756906077
0 0.2046875 0.7701657458563536 0.00859375 0.011049723756906077
0 0.226171875 0.49392265193370166 0.00859375 0.011049723756906077
0 0.641796875 0.7701657458563536 0.00859375 0.011049723756906077
0 0.162890625 0.7325966850828729 0.00859375 0.011049723756906077
0 0.182421875 0.2861878453038674 0.00859375 0.011049723756906077
0 0.225390625 0.6779005524861879 0.00859375 0.011049723756906077
0 0.428515625 0.26795580110497236 0.00859375 0.011049723756906077
0 0.6421875 0.43480662983425417 0.00859375 0.011049723756906077
0 0.18359375 0.3806629834254144 0.00859375 0.011049723756906077
0 0.95546875 0.6928176795580111 0.00859375 0.011049723756906077