0 0.9479166666666666 0.2547937245787333 0.0425 0.01801278326554329
0 0.3929166666666667 0.08977338756536897 0.0425 0.01801278326554329
0 0.4479166666666667 0.12289366647298082 0.0425 0.01801278326554329
0 0.4454166666666667 0.9177803602556653 0.0425 0.01801278326554329
0 0.94875 0.8904706565950029 0.0425 0.01801278326554329
0 0.39458333333333334 0.9177803602556653 0.0425 0.01801278326554329
0 0.4454166666666667 0.6824520627542127 0.0425 0.01801278326554329
0 0.8970833333333333 0.6905868680999419 0.0425 0.01801278326554329
0 0.94875 0.4494479953515398 0.0425 0.01801278326554329
0 0.3929166666666667 0.4517722254503196 0.0425 0.01801278326554329
0 0.39208333333333334 0.6812899477048228 0.0425 0.01801278326554329