0 0.8945833333333333 0.6551423590935502 0.0425 0.01801278326554329
0 0.39375 0.35066821615339916 0.0425 0.01801278326554329
0 0.39458333333333334 0.8852411388727484 0.0425 0.01801278326554329
0 0.3929166666666667 0.6022661243463103 0.0425 0.01801278326554329
0 0.39458333333333334 0.9177803602556653 0.0425 0.01801278326554329
0 0.44958333333333333 0.8352701917489832 0.0425 0.01801278326554329
0 0.9470833333333334 0.7231260894828588 0.0425 0.01801278326554329
0 0.4454166666666667 0.6824520627542127 0.0425 0.01801278326554329
0 0.3929166666666667 0.4517722254503196 0.0425 0.01801278326554329
0 0.4479166666666667 0.12289366647298082 0.0425 0.01801278326554329
0 0.44708333333333333 0.09093550261475886 0.0425 0.01801278326554329
0 0.9470833333333334 0.6551423590935502 0.0425 0.01801278326554329