0 0.9479166666666666 0.29837303893085415 0.0425 0.01801278326554329
0 0.44625 0.384369552585706 0.0425 0.01801278326554329
0 0.9470833333333334 0.7231260894828588 0.0425 0.01801278326554329
0 0.9470833333333334 0.6551423590935502 0.0425 0.01801278326554329
0 0.94875 0.4494479953515398 0.0425 0.01801278326554329
0 0.4479166666666667 0.12289366647298082 0.0425 0.01801278326554329
0 0.44375 0.637129575828007 0.0425 0.01801278326554329
0 0.9470833333333334 0.689424753050552 0.0425 0.01801278326554329
0 0.9479166666666666 0.9218477629285299 0.0425 0.01801278326554329
0 0.4454166666666667 0.9177803602556653 0.0425 0.01801278326554329
0 0.44625 0.35008715862870426 0.0425 0.01801278326554329