0 0.9470833333333334 0.6551423590935502 0.0425 0.01801278326554329
0 0.9470833333333334 0.689424753050552 0.0425 0.01801278326554329
0 0.44708333333333333 0.09093550261475886 0.0425 0.01801278326554329
0 0.8945833333333333 0.6551423590935502 0.0425 0.01801278326554329
0 0.44625 0.35008715862870426 0.0425 0.01801278326554329
0 0.9479166666666666 0.4848925043579314 0.0425 0.01801278326554329
0 0.44625 0.41807088901801276 0.0425 0.01801278326554329
0 0.3929166666666667 0.637129575828007 0.0425 0.01801278326554329
0 0.4454166666666667 0.6824520627542127 0.0425 0.01801278326554329
0 0.4454166666666667 0.6016850668216154 0.0425 0.01801278326554329
0 0.9479166666666666 0.29837303893085415 0.0425 0.01801278326554329
0 0.44958333333333333 0.8352701917489832 0.0425 0.01801278326554329
0 0.44625 0.8864032539221383 0.0425 0.01801278326554329