0 0.8507853403141361 0.6541666666666667 0.013089005235602094 0.019444444444444445
0 0.762434554973822 0.19768518518518519 0.013089005235602094 0.019444444444444445
0 0.762434554973822 0.3050925925925926 0.013089005235602094 0.019444444444444445
0 0.725130890052356 0.6273148148148148 0.013089005235602094 0.019444444444444445
0 0.8723821989528796 0.5217592592592593 0.013089005235602094 0.019444444444444445
0 0.40772251308900526 0.4375 0.013089005235602094 0.019444444444444445
0 0.7257853403141361 0.1699074074074074 0.013089005235602094 0.019444444444444445
0 0.762434554973822 0.14212962962962963 0.013089005235602094 0.019444444444444445
0 0.8717277486910995 0.1986111111111111 0.013089005235602094 0.019444444444444445
0 0.8717277486910995 0.16898148148148148 0.013089005235602094 0.019444444444444445
0 0.762434554973822 0.25046296296296294 0.013089005235602094 0.019444444444444445
0 0.8893979057591623 0.6541666666666667 0.013089005235602094 0.019444444444444445
0 0.762434554973822 0.3587962962962963 0.013089005235602094 0.019444444444444445