0 0.7899214659685864 0.6541666666666667 0.013089005235602094 0.019444444444444445
0 0.9502617801047121 0.6532407407407408 0.013089005235602094 0.019444444444444445
0 0.7257853403141361 0.30416666666666664 0.013089005235602094 0.019444444444444445
0 0.8730366492146597 0.36157407407407405 0.013089005235602094 0.019444444444444445
0 0.8880890052356021 0.7106481481481481 0.013089005235602094 0.019444444444444445
0 0.762434554973822 0.19768518518518519 0.013089005235602094 0.019444444444444445
0 0.8520942408376964 0.7893518518518519 0.013089005235602094 0.019444444444444445
0 0.9456806282722513 0.22407407407407406 0.014397905759162303 0.022222222222222223
0 0.7886125654450262 0.7893518518518519 0.013089005235602094 0.019444444444444445
0 0.9509162303664922 0.6800925925925926 0.013089005235602094 0.019444444444444445
0 0.724476439790576 0.22453703703703703 0.017015706806282723 0.019444444444444445
0 0.9103403141361257 0.4412037037037037 0.013089005235602094 0.019444444444444445
0 0.762434554973822 0.33101851851851855 0.013089005235602094 0.019444444444444445