0 0.17604712041884818 0.5347222222222222 0.013089005235602094 0.019444444444444445
0 0.406413612565445 0.836574074074074 0.013089005235602094 0.019444444444444445
0 0.7990837696335078 0.3337962962962963 0.013089005235602094 0.019444444444444445
0 0.7257853403141361 0.1699074074074074 0.013089005235602094 0.019444444444444445
0 0.8520942408376964 0.6273148148148148 0.013089005235602094 0.019444444444444445
0 0.9077225130890052 0.1439814814814815 0.013089005235602094 0.019444444444444445
0 0.9456806282722513 0.22407407407407406 0.014397905759162303 0.022222222222222223
0 0.9469895287958116 0.2814814814814815 0.014397905759162303 0.022222222222222223
0 0.8887434554973822 0.763425925925926 0.013089005235602094 0.019444444444444445
0 0.7637434554973822 0.22361111111111112 0.013089005235602094 0.019444444444444445
0 0.7879581151832461 0.7615740740740741 0.013089005235602094 0.019444444444444445
0 0.7990837696335078 0.19675925925925927 0.013089005235602094 0.019444444444444445
0 0.9109947643979057 0.3597222222222222 0.013089005235602094 0.019444444444444445