0 0.9476439790575916 0.46944444444444444 0.014397905759162303 0.022222222222222223
0 0.8730366492146597 0.36157407407407405 0.013089005235602094 0.019444444444444445
0 0.8520942408376964 0.6273148148148148 0.013089005235602094 0.019444444444444445
0 0.9469895287958116 0.44074074074074077 0.014397905759162303 0.022222222222222223
0 0.7257853403141361 0.4162037037037037 0.013089005235602094 0.019444444444444445
0 0.8507853403141361 0.6541666666666667 0.013089005235602094 0.019444444444444445
0 0.7977748691099477 0.4125 0.013089005235602094 0.019444444444444445
0 0.17670157068062828 0.8319444444444445 0.013089005235602094 0.019444444444444445
0 0.9502617801047121 0.7902777777777777 0.013089005235602094 0.019444444444444445
0 0.8887434554973822 0.6828703703703703 0.013089005235602094 0.019444444444444445
0 0.7984293193717278 0.46805555555555556 0.013089005235602094 0.019444444444444445
0 0.9096858638743456 0.2763888888888889 0.013089005235602094 0.019444444444444445