10 0.8324125230202578 0.1550464807436919 0.040515653775322284 0.015272244355909695
11 0.43830570902394106 0.49767596281540505 0.040515653775322284 0.015272244355909695
10 0.7932780847145487 0.6075697211155379 0.011970534069981584 0.009296148738379814
0 0.9249539594843462 0.747675962815405 0.011970534069981584 0.009296148738379814
10 0.07458563535911603 0.500332005312085 0.020257826887661142 0.013944223107569721
0 0.17081031307550645 0.3751660026560425 0.011970534069981584 0.009296148738379814
10 0.36095764272559855 0.19754316069057104 0.040515653775322284 0.015272244355909695
6 0.43738489871086556 0.37682602921646746 0.040515653775322284 0.015272244355909695
0 0.6146408839779005 0.6673306772908366 0.011970534069981584 0.009296148738379814
0 0.07550644567219153 0.5780212483399735 0.020257826887661142 0.013944223107569721
0 0.610036832412523 0.5132802124833997 0.011970534069981584 0.009296148738379814