0 0.6984346224677717 0.2729083665338645 0.011970534069981584 0.009296148738379814
0 0.8324125230202578 0.1550464807436919 0.040515653775322284 0.015272244355909695
10 0.2472375690607735 0.5292164674634794 0.011970534069981584 0.009296148738379814
0 0.7886740331491713 0.7636122177954847 0.011970534069981584 0.009296148738379814
10 0.43738489871086556 0.4047144754316069 0.040515653775322284 0.015272244355909695
5 0.43738489871086556 0.6039176626826029 0.040515653775322284 0.015272244355909695
10 0.6155616942909761 0.6527224435590969 0.011970534069981584 0.009296148738379814
10 0.9258747697974218 0.7171314741035857 0.011970534069981584 0.009296148738379814
0 0.43738489871086556 0.6191899070385126 0.040515653775322284 0.015272244355909695
10 0.7914364640883977 0.703187250996016 0.011970534069981584 0.009296148738379814
0 0.9249539594843462 0.747675962815405 0.011970534069981584 0.009296148738379814
10 0.25 0.1553784860557769 0.011970534069981584 0.009296148738379814