11 0.6616022099447514 0.19853917662682602 0.011970534069981584 0.009296148738379814
10 0.7886740331491713 0.7941567065073041 0.011970534069981584 0.009296148738379814
0 0.6229281767955801 0.19787516600265603 0.011970534069981584 0.009296148738379814
0 0.35911602209944754 0.45119521912350596 0.040515653775322284 0.015272244355909695
0 0.43738489871086556 0.300464807436919 0.040515653775322284 0.015272244355909695
0 0.25 0.1553784860557769 0.011970534069981584 0.009296148738379814
10 0.2490791896869245 0.301460823373174 0.011970534069981584 0.009296148738379814
10 0.43738489871086556 0.37682602921646746 0.040515653775322284 0.015272244355909695
11 0.17081031307550645 0.301460823373174 0.011970534069981584 0.009296148738379814
0 0.9281767955801105 0.24402390438247012 0.040515653775322284 0.015272244355909695
10 0.7905156537753223 0.7330677290836654 0.011970534069981584 0.009296148738379814