10 0.6091160220994475 0.48339973439575035 0.011970534069981584 0.009296148738379814
12 0.43830570902394106 0.27191235059760954 0.040515653775322284 0.015272244355909695
10 0.9249539594843462 0.7775564409030544 0.011970534069981584 0.009296148738379814
5 0.356353591160221 0.8230411686586986 0.040515653775322284 0.015272244355909695
9 0.9249539594843462 0.8233731739707836 0.011970534069981584 0.009296148738379814
0 0.6155616942909761 0.7357237715803453 0.011970534069981584 0.009296148738379814
12 0.2490791896869245 0.301460823373174 0.011970534069981584 0.009296148738379814
10 0.43738489871086556 0.31772908366533864 0.040515653775322284 0.015272244355909695
0 0.7923572744014733 0.5756972111553785 0.011970534069981584 0.009296148738379814
4 0.35911602209944754 0.3462815405046481 0.040515653775322284 0.015272244355909695
10 0.43738489871086556 0.37682602921646746 0.040515653775322284 0.015272244355909695
10 0.7886740331491713 0.8094289508632138 0.011970534069981584 0.009296148738379814
2 0.248158379373849 0.45285524568393093 0.011970534069981584 0.009296148738379814
10 0.248158379373849 0.6852589641434262 0.011970534069981584 0.009296148738379814