0 0.8342541436464088 0.4047144754316069 0.040515653775322284 0.015272244355909695
0 0.21132596685082872 0.30212483399734397 0.011970534069981584 0.009296148738379814
6 0.2076427255985267 0.5278884462151394 0.011970534069981584 0.009296148738379814
11 0.43830570902394106 0.49767596281540505 0.040515653775322284 0.015272244355909695
10 0.9300184162062615 0.4067065073041169 0.040515653775322284 0.015272244355909695
10 0.7914364640883977 0.6520584329349269 0.011970534069981584 0.009296148738379814
3 0.36003683241252304 0.33233731739707834 0.040515653775322284 0.015272244355909695
10 0.248158379373849 0.6852589641434262 0.011970534069981584 0.009296148738379814
10 0.43830570902394106 0.27191235059760954 0.040515653775322284 0.015272244355909695
0 0.43738489871086556 0.39276228419654713 0.040515653775322284 0.015272244355909695
10 0.36003683241252304 0.5587649402390438 0.040515653775322284 0.015272244355909695