11 0.625 0.3359375 0.025390625 0.013671875
8 0.9169921875 0.5166015625 0.025390625 0.013671875
0 0.8271484375 0.6484375 0.025390625 0.013671875
0 0.6748046875 0.6767578125 0.025390625 0.013671875
11 0.4033203125 0.572265625 0.025390625 0.013671875
11 0.916015625 0.748046875 0.025390625 0.013671875
0 0.4501953125 0.3046875 0.025390625 0.013671875
10 0.6416015625 0.6484375 0.025390625 0.013671875
10 0.6416015625 0.794921875 0.025390625 0.013671875
0 0.3427734375 0.701171875 0.025390625 0.013671875
10 0.9482421875 0.388671875 0.025390625 0.013671875
0 0.380859375 0.3984375 0.025390625 0.013671875
0 0.67578125 0.7216796875 0.025390625 0.013671875