10 0.625 0.4697265625 0.025390625 0.013671875
10 0.3447265625 0.6767578125 0.025390625 0.013671875
0 0.947265625 0.33984375 0.025390625 0.013671875
12 0.9482421875 0.4921875 0.025390625 0.013671875
12 0.3427734375 0.5947265625 0.025390625 0.013671875
10 0.4033203125 0.572265625 0.025390625 0.013671875
8 0.916015625 0.4697265625 0.025390625 0.013671875
5 0.3427734375 0.498046875 0.025390625 0.013671875
10 0.4169921875 0.3291015625 0.025390625 0.013671875
11 0.8583984375 0.494140625 0.025390625 0.013671875
10 0.6416015625 0.697265625 0.025390625 0.013671875
0 0.4501953125 0.3046875 0.025390625 0.013671875
11 0.67578125 0.7216796875 0.025390625 0.013671875
10 0.3427734375 0.701171875 0.025390625 0.013671875
1 0.9169921875 0.5166015625 0.025390625 0.013671875