5 0.67578125 0.7685546875 0.025390625 0.013671875
0 0.9482421875 0.29296875 0.025390625 0.013671875
10 0.861328125 0.6728515625 0.025390625 0.013671875
10 0.623046875 0.5205078125 0.025390625 0.013671875
10 0.3447265625 0.6767578125 0.025390625 0.013671875
10 0.4033203125 0.572265625 0.025390625 0.013671875
0 0.4501953125 0.3046875 0.025390625 0.013671875
4 0.6416015625 0.697265625 0.025390625 0.013671875
11 0.3427734375 0.5947265625 0.025390625 0.013671875
10 0.6416015625 0.794921875 0.025390625 0.013671875
10 0.826171875 0.4716796875 0.025390625 0.013671875
11 0.6259765625 0.2880859375 0.025390625 0.013671875