10 0.625 0.4697265625 0.025390625 0.013671875
10 0.6416015625 0.794921875 0.025390625 0.013671875
10 0.826171875 0.4716796875 0.025390625 0.013671875
10 0.4501953125 0.3759765625 0.025390625 0.013671875
12 0.4033203125 0.572265625 0.025390625 0.013671875
8 0.404296875 0.4736328125 0.025390625 0.013671875
10 0.67578125 0.7685546875 0.025390625 0.013671875
0 0.9482421875 0.388671875 0.025390625 0.013671875
0 0.947265625 0.33984375 0.025390625 0.013671875
7 0.640625 0.74609375 0.025390625 0.013671875
10 0.6748046875 0.6767578125 0.025390625 0.013671875
10 0.9482421875 0.4921875 0.025390625 0.013671875
1 0.916015625 0.4697265625 0.025390625 0.013671875
10 0.9169921875 0.5166015625 0.025390625 0.013671875