0 0.14636581469648563 0.3219910011248594 0.009984025559105431 0.011811023622047244
10 0.8029153354632588 0.44797525309336333 0.009984025559105431 0.011811023622047244
10 0.45307507987220447 0.9114173228346457 0.009984025559105431 0.011811023622047244
10 0.9652555910543131 0.6920697412823397 0.00878594249201278 0.012935883014623173
0 0.455870607028754 0.18644544431946006 0.009984025559105431 0.011811023622047244
10 0.792132587859425 0.42604049493813273 0.009984025559105431 0.011811023622047244
10 0.14556709265175719 0.3838582677165354 0.009984025559105431 0.011811023622047244
0 0.49181309904153353 0.3737345331833521 0.009984025559105431 0.011811023622047244
8 0.29972044728434505 0.7944319460067492 0.009984025559105431 0.011811023622047244
0 0.9494808306709265 0.20613048368953882 0.009984025559105431 0.011811023622047244
0 0.6531549520766773 0.7623734533183352 0.009984025559105431 0.011811023622047244
10 0.6759185303514377 0.8321147356580427 0.009984025559105431 0.011811023622047244
0 0.45307507987220447 0.8883577052868391 0.009984025559105431 0.011811023622047244