0 0.4914137380191693 0.2567491563554556 0.009984025559105431 0.011811023622047244
10 0.1459664536741214 0.29893138357705284 0.009984025559105431 0.011811023622047244
10 0.45307507987220447 0.9114173228346457 0.009984025559105431 0.011811023622047244
10 0.29972044728434505 0.8861079865016873 0.009984025559105431 0.011811023622047244
10 0.9388977635782748 0.7629358830146231 0.00878594249201278 0.012935883014623173
12 0.14636581469648563 0.3219910011248594 0.009984025559105431 0.011811023622047244
0 0.8049121405750799 0.8264904386951631 0.009984025559105431 0.011811023622047244
9 0.6559504792332268 0.328740157480315 0.009984025559105431 0.011811023622047244
10 0.8037140575079872 0.40129358830146233 0.009984025559105431 0.011811023622047244
10 0.6535543130990416 0.42604049493813273 0.009984025559105431 0.011811023622047244
11 0.9388977635782748 0.7848706411698537 0.00878594249201278 0.012935883014623173