10 0.2985223642172524 0.6521372328458943 0.009984025559105431 0.011811023622047244
10 0.3113019169329074 0.32761529808773904 0.009984025559105431 0.011811023622047244
0 0.42631789137380194 0.9356017997750281 0.009984025559105431 0.011811023622047244
0 0.5049920127795527 0.8883577052868391 0.009984025559105431 0.011811023622047244
11 0.8049121405750799 0.8264904386951631 0.009984025559105431 0.011811023622047244
8 0.8053115015974441 0.7786839145106862 0.009984025559105431 0.011811023622047244
12 0.4910143769968051 0.30568053993250843 0.009984025559105431 0.011811023622047244
12 0.1619408945686901 0.7792463442069741 0.009984025559105431 0.011811023622047244
10 0.14636581469648563 0.2753093363329584 0.009984025559105431 0.011811023622047244
10 0.6539536741214057 0.7162542182227222 0.009984025559105431 0.011811023622047244
10 0.47863418530351437 0.8658605174353206 0.009984025559105431 0.011811023622047244