0 0.6559504792332268 0.328740157480315 0.009984025559105431 0.011811023622047244
10 0.8049121405750799 0.8264904386951631 0.009984025559105431 0.011811023622047244
10 0.3105031948881789 0.41929133858267714 0.009984025559105431 0.011811023622047244
11 0.9726437699680511 0.2983689538807649 0.009984025559105431 0.011811023622047244
10 0.29972044728434505 0.7944319460067492 0.009984025559105431 0.011811023622047244
0 0.9388977635782748 0.7848706411698537 0.00878594249201278 0.012935883014623173
9 0.792132587859425 0.42604049493813273 0.009984025559105431 0.011811023622047244
3 0.14636581469648563 0.6858830146231721 0.009984025559105431 0.011811023622047244
0 0.3101038338658147 0.5598987626546682 0.009984025559105431 0.011811023622047244
0 0.14636581469648563 0.6633858267716536 0.009984025559105431 0.011811023622047244
0 0.9257188498402555 0.8101799775028121 0.00878594249201278 0.012935883014623173