10 0.4854233226837061 0.6830708661417323 0.009984025559105431 0.011811023622047244
10 0.29972044728434505 0.7944319460067492 0.009984025559105431 0.011811023622047244
11 0.9544728434504792 0.96822272215973 0.00878594249201278 0.012935883014623173
2 0.3109025559105431 0.5115298087739033 0.009984025559105431 0.011811023622047244
0 0.8053115015974441 0.7320022497187851 0.009984025559105431 0.011811023622047244
10 0.9388977635782748 0.6217660292463442 0.00878594249201278 0.012935883014623173
10 0.9287140575079872 0.39004499437570306 0.009984025559105431 0.011811023622047244
0 0.4790335463258786 0.9114173228346457 0.009984025559105431 0.011811023622047244
10 0.455870607028754 0.18644544431946006 0.009984025559105431 0.011811023622047244
0 0.1459664536741214 0.22919010123734535 0.009984025559105431 0.011811023622047244
10 0.8085063897763578 0.29611923509561305 0.009984025559105431 0.011811023622047244
10 0.7869408945686901 0.5576490438695163 0.009984025559105431 0.011811023622047244
8 0.8049121405750799 0.8264904386951631 0.009984025559105431 0.011811023622047244
4 0.6759185303514377 0.577334083239595 0.009984025559105431 0.011811023622047244