0 0.792132587859425 0.42604049493813273 0.009984025559105431 0.011811023622047244
4 0.14556709265175719 0.2516872890888639 0.009984025559105431 0.011811023622047244
11 0.9784345047923323 0.8804836895388076 0.00878594249201278 0.012935883014623173
3 0.1459664536741214 0.4738470191226097 0.009984025559105431 0.011811023622047244
0 0.4914137380191693 0.2567491563554556 0.009984025559105431 0.011811023622047244
10 0.1459664536741214 0.22919010123734535 0.009984025559105431 0.011811023622047244
3 0.1615415335463259 0.8360517435320585 0.009984025559105431 0.011811023622047244
9 0.3109025559105431 0.5115298087739033 0.009984025559105431 0.011811023622047244
10 0.14636581469648563 0.3219910011248594 0.009984025559105431 0.011811023622047244
12 0.8053115015974441 0.7320022497187851 0.009984025559105431 0.011811023622047244
0 0.3113019169329074 0.23312710911136109 0.009984025559105431 0.011811023622047244
10 0.3101038338658147 0.5598987626546682 0.009984025559105431 0.011811023622047244
2 0.7877396166134185 0.18082114735658042 0.009984025559105431 0.011811023622047244
0 0.9388977635782748 0.7629358830146231 0.00878594249201278 0.012935883014623173