11 0.9043524986566363 0.4741837509491268 0.017195056421278884 0.017463933181473046
6 0.28694250403009136 0.2486712224753227 0.017195056421278884 0.017463933181473046
10 0.9247716281569048 0.4085041761579347 0.010746910263299301 0.016704631738800303
0 0.9043524986566363 0.3838268792710706 0.017195056421278884 0.017463933181473046
2 0.8017195056421279 0.8971146545178436 0.017195056421278884 0.017463933181473046
10 0.26276195593766793 0.9259681093394078 0.017195056421278884 0.017463933181473046
10 0.5561526061257388 0.8029612756264237 0.017195056421278884 0.017463933181473046
10 0.47178936055883935 0.7414578587699316 0.017195056421278884 0.017463933181473046
10 0.9059645351961311 0.29422930903568717 0.017195056421278884 0.017463933181473046
11 0.47340139709833423 0.6974183750949127 0.017195056421278884 0.017463933181473046
10 0.47178936055883935 0.5918754745634016 0.017195056421278884 0.017463933181473046
12 0.26276195593766793 0.7619589977220956 0.017195056421278884 0.017463933181473046
4 0.16872649113379903 0.6457858769931663 0.017195056421278884 0.017463933181473046