11 0.7635679742074154 0.4054669703872437 0.010746910263299301 0.016704631738800303
10 0.28694250403009136 0.27145026575550496 0.017195056421278884 0.017463933181473046
1 0.739387426114992 0.3823082763857251 0.017195056421278884 0.017463933181473046
10 0.28747984954325634 0.3830675778283979 0.017195056421278884 0.017463933181473046
10 0.7646426652337452 0.2718299164768413 0.010746910263299301 0.016704631738800303
10 0.8017195056421279 0.8971146545178436 0.017195056421278884 0.017463933181473046
10 0.8017195056421279 0.8006833712984055 0.017195056421278884 0.017463933181473046
10 0.800644814615798 0.7088078967350038 0.017195056421278884 0.017463933181473046
8 0.5857066093498119 0.785876993166287 0.010746910263299301 0.016704631738800303
0 0.2262224610424503 0.626044039483675 0.017195056421278884 0.017463933181473046
0 0.28747984954325634 0.33826879271070615 0.017195056421278884 0.017463933181473046
1 0.9247716281569048 0.4085041761579347 0.010746910263299301 0.016704631738800303
4 0.800107469102633 0.8477600607441154 0.017195056421278884 0.017463933181473046
4 0.9054271896829661 0.3375094912680334 0.017195056421278884 0.017463933181473046
7 0.5131649650725416 0.7634776006074412 0.017195056421278884 0.017463933181473046