10 0.9247716281569048 0.4085041761579347 0.010746910263299301 0.016704631738800303
0 0.739387426114992 0.33675018982536065 0.017195056421278884 0.017463933181473046
10 0.5878559914024718 0.5907365223993926 0.010746910263299301 0.016704631738800303
0 0.17033852767329394 0.564540622627183 0.017195056421278884 0.017463933181473046
4 0.7635679742074154 0.4054669703872437 0.010746910263299301 0.016704631738800303
0 0.261687264911338 0.8014426727410782 0.017195056421278884 0.017463933181473046
0 0.7619559376679205 0.31662870159453305 0.010746910263299301 0.016704631738800303
0 0.47178936055883935 0.7414578587699316 0.017195056421278884 0.017463933181473046
11 0.5889306824288018 0.44267274107820803 0.010746910263299301 0.016704631738800303
11 0.28694250403009136 0.2486712224753227 0.017195056421278884 0.017463933181473046
11 0.47340139709833423 0.6974183750949127 0.017195056421278884 0.017463933181473046
10 0.28747984954325634 0.33826879271070615 0.017195056421278884 0.017463933181473046