0 0.800644814615798 0.7566438876233865 0.017195056421278884 0.017463933181473046
7 0.16872649113379903 0.6457858769931663 0.017195056421278884 0.017463933181473046
0 0.9043524986566363 0.517463933181473 0.017195056421278884 0.017463933181473046
10 0.28694250403009136 0.27145026575550496 0.017195056421278884 0.017463933181473046
10 0.5142396560988716 0.8052391799544419 0.017195056421278884 0.017463933181473046
10 0.5142396560988716 0.6116173120728929 0.017195056421278884 0.017463933181473046
12 0.47178936055883935 0.5918754745634016 0.017195056421278884 0.017463933181473046
11 0.9048898441698012 0.4286256643887623 0.017195056421278884 0.017463933181473046
10 0.26276195593766793 0.7619589977220956 0.017195056421278884 0.017463933181473046
11 0.5561526061257388 0.6366742596810934 0.017195056421278884 0.017463933181473046
10 0.28694250403009136 0.8230827638572513 0.010746910263299301 0.016704631738800303
10 0.9043524986566363 0.4741837509491268 0.017195056421278884 0.017463933181473046