0 0.5142396560988716 0.6116173120728929 0.017195056421278884 0.017463933181473046
10 0.9043524986566363 0.3838268792710706 0.017195056421278884 0.017463933181473046
0 0.28694250403009136 0.8230827638572513 0.010746910263299301 0.016704631738800303
9 0.47178936055883935 0.7414578587699316 0.017195056421278884 0.017463933181473046
0 0.7555077915099409 0.781700835231587 0.017195056421278884 0.017463933181473046
0 0.5131649650725416 0.7634776006074412 0.017195056421278884 0.017463933181473046
0 0.5878559914024718 0.530751708428246 0.010746910263299301 0.016704631738800303
6 0.5153143471252015 0.7194381169324222 0.017195056421278884 0.017463933181473046
0 0.2262224610424503 0.626044039483675 0.017195056421278884 0.017463933181473046
10 0.47178936055883935 0.5918754745634016 0.017195056421278884 0.017463933181473046
10 0.7619559376679205 0.31662870159453305 0.010746910263299301 0.016704631738800303
11 0.5126276195593766 0.6564160971905847 0.017195056421278884 0.017463933181473046
0 0.4723267060720043 0.6366742596810934 0.017195056421278884 0.017463933181473046
11 0.7549704459967759 0.8234624145785877 0.017195056421278884 0.017463933181473046