11 0.5142396560988716 0.8052391799544419 0.017195056421278884 0.017463933181473046
10 0.5889306824288018 0.44267274107820803 0.010746910263299301 0.016704631738800303
0 0.5583019881783987 0.4832953682611997 0.017195056421278884 0.017463933181473046
0 0.28801719505642126 0.6457858769931663 0.017195056421278884 0.017463933181473046
11 0.28694250403009136 0.2486712224753227 0.017195056421278884 0.017463933181473046
10 0.28801719505642126 0.2949886104783599 0.017195056421278884 0.017463933181473046
0 0.7646426652337452 0.2718299164768413 0.010746910263299301 0.016704631738800303
10 0.738312735088662 0.47494305239179957 0.017195056421278884 0.017463933181473046
5 0.5900053734551316 0.26917236142748674 0.017195056421278884 0.017463933181473046
0 0.16872649113379903 0.6457858769931663 0.017195056421278884 0.017463933181473046
10 0.5561526061257388 0.6996962794229309 0.017195056421278884 0.017463933181473046
9 0.4707146695325094 0.4832953682611997 0.017195056421278884 0.017463933181473046
0 0.7549704459967759 0.8234624145785877 0.017195056421278884 0.017463933181473046