10 0.738312735088662 0.24715261958997722 0.017195056421278884 0.017463933181473046
11 0.4723267060720043 0.6366742596810934 0.017195056421278884 0.017463933181473046
1 0.9054271896829661 0.3375094912680334 0.017195056421278884 0.017463933181473046
0 0.26276195593766793 0.7619589977220956 0.017195056421278884 0.017463933181473046
0 0.22568511552928533 0.5842824601366743 0.017195056421278884 0.017463933181473046
10 0.16872649113379903 0.6040242976461655 0.017195056421278884 0.017463933181473046
0 0.9048898441698012 0.4286256643887623 0.017195056421278884 0.017463933181473046
10 0.9247716281569048 0.3621867881548975 0.010746910263299301 0.016704631738800303
0 0.261687264911338 0.8014426727410782 0.017195056421278884 0.017463933181473046
0 0.7635679742074154 0.4533029612756264 0.010746910263299301 0.016704631738800303
8 0.7549704459967759 0.6829916476841306 0.017195056421278884 0.017463933181473046
10 0.28747984954325634 0.7805618830675778 0.010746910263299301 0.016704631738800303