0 0.4707146695325094 0.4832953682611997 0.017195056421278884 0.017463933181473046
11 0.5900053734551316 0.26917236142748674 0.017195056421278884 0.017463933181473046
0 0.5889306824288018 0.44267274107820803 0.010746910263299301 0.016704631738800303
10 0.7646426652337452 0.2718299164768413 0.010746910263299301 0.016704631738800303
6 0.28747984954325634 0.36104783599088835 0.017195056421278884 0.017463933181473046
8 0.7619559376679205 0.5413819286256644 0.010746910263299301 0.016704631738800303
10 0.5572272971520688 0.5918754745634016 0.017195056421278884 0.017463933181473046
10 0.5561526061257388 0.8029612756264237 0.017195056421278884 0.017463933181473046
1 0.9048898441698012 0.4286256643887623 0.017195056421278884 0.017463933181473046
11 0.22568511552928533 0.5842824601366743 0.017195056421278884 0.017463933181473046
10 0.2262224610424503 0.626044039483675 0.017195056421278884 0.017463933181473046
5 0.28801719505642126 0.6063022019741837 0.017195056421278884 0.017463933181473046
8 0.4691026329930145 0.9039483675018982 0.017195056421278884 0.017463933181473046
4 0.4723267060720043 0.54707668944571 0.017195056421278884 0.017463933181473046