10 0.46096866096866096 0.3356164383561644 0.012535612535612535 0.015310233682514102
10 0.9663817663817664 0.23892022562449639 0.018233618233618232 0.016921837228041903
0 0.7333333333333333 0.3920225624496374 0.018233618233618232 0.016921837228041903
0 0.6153846153846154 0.7771958098307816 0.018233618233618232 0.016921837228041903
10 0.6136752136752137 0.5306204673650282 0.018233618233618232 0.016921837228041903
10 0.6153846153846154 0.3984689766317486 0.018233618233618232 0.016921837228041903
0 0.6148148148148148 0.2550362610797744 0.018233618233618232 0.016921837228041903
10 0.4603988603988604 0.2832393231265109 0.012535612535612535 0.015310233682514102
10 0.4547008547008547 0.8497179693795326 0.018233618233618232 0.016921837228041903
6 0.4928774928774929 0.20749395648670427 0.012535612535612535 0.015310233682514102
3 0.49173789173789173 0.10757453666398066 0.012535612535612535 0.015310233682514102
0 0.4928774928774929 0.3106365834004835 0.012535612535612535 0.015310233682514102