10 0.09572649572649573 0.5676873489121677 0.018233618233618232 0.016921837228041903
10 0.9686609686609686 0.5435132957292506 0.018233618233618232 0.016921837228041903
10 0.8558404558404559 0.21232876712328766 0.018233618233618232 0.016921837228041903
0 0.7356125356125356 0.7038678485092668 0.018233618233618232 0.016921837228041903
12 0.7356125356125356 0.9286865431103949 0.018233618233618232 0.016921837228041903
10 0.4928774928774929 0.20749395648670427 0.012535612535612535 0.015310233682514102
0 0.9692307692307692 0.6232876712328768 0.018233618233618232 0.016921837228041903
10 0.9663817663817664 0.23892022562449639 0.018233618233618232 0.016921837228041903
10 0.6153846153846154 0.15995165189363417 0.018233618233618232 0.016921837228041903
0 0.6136752136752137 0.8271555197421434 0.018233618233618232 0.016921837228041903
10 0.8547008547008547 0.9125705076551168 0.018233618233618232 0.016921837228041903
0 0.7350427350427351 0.290491539081386 0.018233618233618232 0.016921837228041903