0 0.8552706552706553 0.7062852538275585 0.018233618233618232 0.016921837228041903
3 0.6136752136752137 0.5306204673650282 0.018233618233618232 0.016921837228041903
5 0.09515669515669516 0.3074133763094279 0.018233618233618232 0.016921837228041903
0 0.7344729344729345 0.5531829170024174 0.018233618233618232 0.016921837228041903
0 0.4603988603988604 0.38477034649476227 0.012535612535612535 0.015310233682514102
10 0.4905982905982906 0.725624496373892 0.018233618233618232 0.016921837228041903
11 0.6153846153846154 0.8771152296535052 0.018233618233618232 0.016921837228041903
10 0.6153846153846154 0.927880741337631 0.018233618233618232 0.016921837228041903
10 0.4547008547008547 0.8497179693795326 0.018233618233618232 0.016921837228041903
8 0.6153846153846154 0.15995165189363417 0.018233618233618232 0.016921837228041903
10 0.6148148148148148 0.5789685737308622 0.018233618233618232 0.016921837228041903
11 0.8558404558404559 0.21232876712328766 0.018233618233618232 0.016921837228041903
11 0.9686609686609686 0.878726833199033 0.018233618233618232 0.016921837228041903
0 0.9669515669515669 0.7240128928283642 0.018233618233618232 0.016921837228041903