6 0.9675213675213675 0.927880741337631 0.018233618233618232 0.016921837228041903
12 0.8552706552706553 0.4742143432715552 0.018233618233618232 0.016921837228041903
0 0.49173789173789173 0.6087832393231265 0.018233618233618232 0.016921837228041903
10 0.8558404558404559 0.21232876712328766 0.018233618233618232 0.016921837228041903
6 0.9686609686609686 0.878726833199033 0.018233618233618232 0.016921837228041903
4 0.49173789173789173 0.10757453666398066 0.012535612535612535 0.015310233682514102
11 0.6153846153846154 0.4484286865431104 0.018233618233618232 0.016921837228041903
1 0.9692307692307692 0.19298952457695406 0.018233618233618232 0.016921837228041903
10 0.19829059829059828 0.3098307816277196 0.018233618233618232 0.016921837228041903
0 0.3037037037037037 0.3098307816277196 0.018233618233618232 0.016921837228041903
10 0.09515669515669516 0.17767929089443996 0.018233618233618232 0.016921837228041903