10 0.6136752136752137 0.5306204673650282 0.018233618233618232 0.016921837228041903
10 0.852991452991453 0.5427074939564867 0.018233618233618232 0.016921837228041903
2 0.9669515669515669 0.7240128928283642 0.018233618233618232 0.016921837228041903
10 0.9686609686609686 0.5435132957292506 0.018233618233618232 0.016921837228041903
11 0.4928774928774929 0.25906526994359386 0.012535612535612535 0.015310233682514102
10 0.8575498575498576 0.35576148267526186 0.018233618233618232 0.016921837228041903
10 0.9692307692307692 0.7747784045124899 0.018233618233618232 0.016921837228041903
0 0.2 0.17767929089443996 0.018233618233618232 0.016921837228041903
0 0.09572649572649573 0.5676873489121677 0.018233618233618232 0.016921837228041903
12 0.7350427350427351 0.290491539081386 0.018233618233618232 0.016921837228041903
12 0.4547008547008547 0.8497179693795326 0.018233618233618232 0.016921837228041903
3 0.9669515669515669 0.4443996776792909 0.018233618233618232 0.016921837228041903
10 0.6153846153846154 0.15995165189363417 0.018233618233618232 0.016921837228041903
11 0.6153846153846154 0.927880741337631 0.018233618233618232 0.016921837228041903
7 0.7350427350427351 0.19218372280419016 0.018233618233618232 0.016921837228041903