9 0.7356125356125356 0.4903303787268332 0.018233618233618232 0.016921837228041903
0 0.452991452991453 0.7997582594681708 0.018233618233618232 0.016921837228041903
0 0.30313390313390315 0.5701047542304593 0.018233618233618232 0.016921837228041903
10 0.46096866096866096 0.3356164383561644 0.012535612535612535 0.015310233682514102
10 0.8552706552706553 0.7062852538275585 0.018233618233618232 0.016921837228041903
0 0.9669515669515669 0.6724415793714746 0.018233618233618232 0.016921837228041903
10 0.7344729344729345 0.5531829170024174 0.018233618233618232 0.016921837228041903
0 0.9686609686609686 0.5435132957292506 0.018233618233618232 0.016921837228041903
0 0.8575498575498576 0.35576148267526186 0.018233618233618232 0.016921837228041903
0 0.6153846153846154 0.6804995970991137 0.018233618233618232 0.016921837228041903
0 0.30427350427350425 0.701450443190975 0.018233618233618232 0.016921837228041903
0 0.4547008547008547 0.8497179693795326 0.018233618233618232 0.016921837228041903