0 0.6148148148148148 0.30257856567284447 0.018233618233618232 0.016921837228041903
0 0.4905982905982906 0.9254633360193393 0.018233618233618232 0.016921837228041903
1 0.46096866096866096 0.3356164383561644 0.012535612535612535 0.015310233682514102
10 0.49002849002849 0.5572119258662369 0.018233618233618232 0.016921837228041903
12 0.9669515669515669 0.6724415793714746 0.018233618233618232 0.016921837228041903
10 0.6148148148148148 0.5789685737308622 0.018233618233618232 0.016921837228041903
0 0.30427350427350425 0.701450443190975 0.018233618233618232 0.016921837228041903
0 0.4905982905982906 0.725624496373892 0.018233618233618232 0.016921837228041903
0 0.09743589743589744 0.4403706688154714 0.018233618233618232 0.016921837228041903
9 0.49173789173789173 0.3597904915390814 0.012535612535612535 0.015310233682514102
12 0.9686609686609686 0.5435132957292506 0.018233618233618232 0.016921837228041903