9 0.4905982905982906 0.8763094278807413 0.018233618233618232 0.016921837228041903
2 0.7333333333333333 0.3920225624496374 0.018233618233618232 0.016921837228041903
0 0.4547008547008547 0.749798549556809 0.018233618233618232 0.016921837228041903
0 0.8558404558404559 0.21232876712328766 0.018233618233618232 0.016921837228041903
6 0.46096866096866096 0.18331990330378728 0.012535612535612535 0.015310233682514102
10 0.6153846153846154 0.7771958098307816 0.018233618233618232 0.016921837228041903
11 0.6136752136752137 0.8271555197421434 0.018233618233618232 0.016921837228041903
0 0.4905982905982906 0.9254633360193393 0.018233618233618232 0.016921837228041903
4 0.8547008547008547 0.6522965350523772 0.018233618233618232 0.016921837228041903
10 0.46096866096866096 0.3356164383561644 0.012535612535612535 0.015310233682514102
0 0.6153846153846154 0.15995165189363417 0.018233618233618232 0.016921837228041903
10 0.7356125356125356 0.34206285253827556 0.018233618233618232 0.016921837228041903