0 0.19829059829059828 0.3098307816277196 0.018233618233618232 0.016921837228041903
12 0.9675213675213675 0.491941982272361 0.018233618233618232 0.016921837228041903
0 0.8547008547008547 0.6522965350523772 0.018233618233618232 0.016921837228041903
0 0.09572649572649573 0.5676873489121677 0.018233618233618232 0.016921837228041903
0 0.6148148148148148 0.2550362610797744 0.018233618233618232 0.016921837228041903
0 0.4928774928774929 0.25906526994359386 0.012535612535612535 0.015310233682514102
6 0.8558404558404559 0.21232876712328766 0.018233618233618232 0.016921837228041903
11 0.8535612535612536 0.7530217566478646 0.018233618233618232 0.016921837228041903
0 0.09743589743589744 0.4403706688154714 0.018233618233618232 0.016921837228041903
5 0.6148148148148148 0.5789685737308622 0.018233618233618232 0.016921837228041903
8 0.4905982905982906 0.725624496373892 0.018233618233618232 0.016921837228041903
10 0.0962962962962963 0.9609186140209508 0.018233618233618232 0.016921837228041903
10 0.6153846153846154 0.7771958098307816 0.018233618233618232 0.016921837228041903
0 0.49230769230769234 0.15914585012087026 0.012535612535612535 0.015310233682514102