0 0.4603988603988604 0.38477034649476227 0.012535612535612535 0.015310233682514102
10 0.6153846153846154 0.7771958098307816 0.018233618233618232 0.016921837228041903
1 0.7356125356125356 0.7038678485092668 0.018233618233618232 0.016921837228041903
0 0.6153846153846154 0.4484286865431104 0.018233618233618232 0.016921837228041903
8 0.4928774928774929 0.20749395648670427 0.012535612535612535 0.015310233682514102
0 0.4928774928774929 0.3106365834004835 0.012535612535612535 0.015310233682514102
6 0.0962962962962963 0.9609186140209508 0.018233618233618232 0.016921837228041903
0 0.8552706552706553 0.6023368251410153 0.018233618233618232 0.016921837228041903
9 0.9663817663817664 0.23892022562449639 0.018233618233618232 0.016921837228041903
5 0.7344729344729345 0.443593875906527 0.018233618233618232 0.016921837228041903
1 0.7356125356125356 0.9286865431103949 0.018233618233618232 0.016921837228041903