3 0.4780680535397517 0.2460091220068415 0.007901951298177712 0.013683010262257697
11 0.3259958071278826 0.36801596351197263 0.007901951298177712 0.013683010262257697
10 0.7510885341074021 0.5883694412770809 0.007901951298177712 0.013683010262257697
9 0.28326076439283987 0.6633409350057012 0.007901951298177712 0.013683010262257697
10 0.5291888405095952 0.6895667046750285 0.007901951298177712 0.013683010262257697
0 0.08684083212385099 0.685860889395667 0.007901951298177712 0.013683010262257697
10 0.0870020964360587 0.7166476624857469 0.007901951298177712 0.013683010262257697
2 0.370020964360587 0.7177879133409351 0.007901951298177712 0.013683010262257697
10 0.12231898080954685 0.30188141391106044 0.007901951298177712 0.013683010262257697
1 0.5109659732301242 0.26653363740022806 0.007901951298177712 0.013683010262257697
10 0.48774391227221414 0.6331242873432155 0.007901951298177712 0.013683010262257697
12 0.3229317851959361 0.7996009122006842 0.007901951298177712 0.013683010262257697
10 0.3084179970972424 0.24629418472063855 0.007901951298177712 0.013683010262257697