3 0.5734676742233418 0.1376037959667853 0.010075566750629723 0.014234875444839857
10 0.5188916876574308 0.34519572953736655 0.010075566750629723 0.014234875444839857
10 0.6095717884130982 0.2846975088967972 0.010075566750629723 0.014234875444839857
0 0.6221662468513854 0.1376037959667853 0.010075566750629723 0.014234875444839857
8 0.5734676742233418 0.2823250296559905 0.010075566750629723 0.014234875444839857
10 0.6221662468513854 0.15658362989323843 0.010075566750629723 0.014234875444839857
10 0.025608732157850547 0.9395017793594306 0.01595298068849706 0.02372479240806643
8 0.014693534844668345 0.36773428232502964 0.009235936188077247 0.009489916963226572
10 0.5205709487825357 0.17319098457888493 0.010075566750629723 0.014234875444839857
11 0.6087321578505458 0.17319098457888493 0.010075566750629723 0.014234875444839857
0 0.5566750629722922 0.527876631079478 0.010075566750629723 0.014234875444839857
11 0.1809403862300588 0.2918149466192171 0.01595298068849706 0.02372479240806643
1 0.013853904282115869 0.8030842230130486 0.009235936188077247 0.009489916963226572
8 0.5205709487825357 0.1542111506524318 0.010075566750629723 0.014234875444839857