0 0.27765108323831245 0.8673387096774193 0.013112884834663626 0.01935483870967742
10 0.512115165336374 0.3443548387096774 0.016818700114025087 0.01935483870967742
10 0.7363169897377423 0.8459677419354839 0.013112884834663626 0.01935483870967742
0 0.30273660205245156 0.8661290322580645 0.013112884834663626 0.01935483870967742
10 0.6934150513112884 0.3157258064516129 0.016818700114025087 0.01935483870967742
10 0.5025655644241733 0.9641129032258065 0.013112884834663626 0.01935483870967742
3 0.7363169897377423 0.932258064516129 0.013112884834663626 0.01935483870967742
10 0.34763397947548463 0.725 0.016818700114025087 0.01935483870967742
10 0.27765108323831245 0.8391129032258065 0.013112884834663626 0.01935483870967742
10 0.5028506271379704 0.8387096774193549 0.013112884834663626 0.01935483870967742
12 0.5276510832383124 0.8879032258064516 0.013112884834663626 0.01935483870967742
10 0.9370011402508552 0.8455645161290323 0.013112884834663626 0.01935483870967742
0 0.8978050171037628 0.6201612903225806 0.02708095781071836 0.02338709677419355