10 0.51154503990878 0.3153225806451613 0.016818700114025087 0.01935483870967742
9 0.5389110604332953 0.6366935483870968 0.016818700114025087 0.01935483870967742
5 0.6948403648802737 0.3439516129032258 0.016818700114025087 0.01935483870967742
0 0.9615165336374002 0.8887096774193548 0.013112884834663626 0.01935483870967742
12 0.5276510832383124 0.8387096774193549 0.013112884834663626 0.01935483870967742
0 0.512115165336374 0.3443548387096774 0.016818700114025087 0.01935483870967742
11 0.5025655644241733 0.9403225806451613 0.013112884834663626 0.01935483870967742
5 0.9370011402508552 0.8455645161290323 0.013112884834663626 0.01935483870967742
3 0.5034207525655644 0.8887096774193548 0.013112884834663626 0.01935483870967742
2 0.2127993158494869 0.6838709677419355 0.033352337514253136 0.020967741935483872
11 0.7363169897377423 0.9032258064516129 0.013112884834663626 0.01935483870967742
10 0.6934150513112884 0.3157258064516129 0.016818700114025087 0.01935483870967742