0 0.023089840470193114 0.46144721233689207 0.01595298068849706 0.02372479240806643
11 0.5608732157850546 0.15658362989323843 0.010075566750629723 0.014234875444839857
10 0.17170445004198154 0.3428232502965599 0.009235936188077247 0.009489916963226572
10 0.5071368597816961 0.34519572953736655 0.010075566750629723 0.014234875444839857
0 0.014693534844668345 0.6690391459074733 0.009235936188077247 0.009489916963226572
6 0.5617128463476071 0.19217081850533807 0.010075566750629723 0.014234875444839857
10 0.5608732157850546 0.2277580071174377 0.010075566750629723 0.014234875444839857
0 0.5608732157850546 0.1376037959667853 0.010075566750629723 0.014234875444839857
0 0.5079764903442485 0.1376037959667853 0.010075566750629723 0.014234875444839857
12 0.17170445004198154 0.3570581257413998 0.009235936188077247 0.009489916963226572
1 0.025608732157850547 0.9395017793594306 0.01595298068849706 0.02372479240806643