0 0.6057046979865772 0.6435349940688019 0.008389261744966443 0.013048635824436536
1 0.8062080536912751 0.533214709371293 0.008389261744966443 0.013048635824436536
0 0.6048657718120806 0.6091340450771056 0.008389261744966443 0.013048635824436536
0 0.2902684563758389 0.31494661921708184 0.008389261744966443 0.013048635824436536
0 0.22986577181208054 0.22597864768683273 0.008389261744966443 0.013048635824436536
0 0.5167785234899329 0.3956109134045077 0.008389261744966443 0.013048635824436536
10 0.9664429530201343 0.5688018979833926 0.008389261744966443 0.013048635824436536
6 0.6057046979865772 0.6791221826809015 0.008389261744966443 0.013048635824436536
4 0.5419463087248322 0.37544483985765126 0.008389261744966443 0.013048635824436536
0 0.25083892617449666 0.7218268090154211 0.008389261744966443 0.013048635824436536
0 0.6031879194630873 0.8594306049822064 0.008389261744966443 0.013048635824436536
0 0.5419463087248322 0.46441281138790036 0.008389261744966443 0.013048635824436536
5 0.22902684563758388 0.24258600237247924 0.008389261744966443 0.013048635824436536
0 0.2600671140939597 0.33155397390272834 0.008389261744966443 0.013048635824436536