4 0.22902684563758388 0.2959667852906287 0.008389261744966443 0.013048635824436536
10 0.8070469798657718 0.6589561091340451 0.008389261744966443 0.013048635824436536
10 0.23573825503355705 0.5201660735468565 0.008389261744966443 0.013048635824436536
4 0.5679530201342282 0.41340450771055753 0.008389261744966443 0.013048635824436536
10 0.20469798657718122 0.24258600237247924 0.008389261744966443 0.013048635824436536
0 0.22651006711409397 0.7206405693950177 0.008389261744966443 0.013048635824436536
8 0.6057046979865772 0.6625148279952551 0.008389261744966443 0.013048635824436536
12 0.19546979865771813 0.6838671411625148 0.008389261744966443 0.013048635824436536
10 0.8062080536912751 0.5154211150652431 0.008389261744966443 0.013048635824436536
0 0.14513422818791946 0.8760379596678529 0.008389261744966443 0.013048635824436536
0 0.947986577181208 0.32443653618030843 0.008389261744966443 0.013048635824436536