2 0.5734676742233418 0.17319098457888493 0.010075566750629723 0.014234875444839857
10 0.6087321578505458 0.26334519572953735 0.010075566750629723 0.014234875444839857
10 0.6221662468513854 0.1376037959667853 0.010075566750629723 0.014234875444839857
2 0.5071368597816961 0.2111506524317912 0.010075566750629723 0.014234875444839857
10 0.5079764903442485 0.2669039145907473 0.010075566750629723 0.014234875444839857
11 0.6095717884130982 0.2846975088967972 0.010075566750629723 0.014234875444839857
10 0.5734676742233418 0.15658362989323843 0.010075566750629723 0.014234875444839857
0 0.6221662468513854 0.15658362989323843 0.010075566750629723 0.014234875444839857
11 0.5617128463476071 0.19217081850533807 0.010075566750629723 0.014234875444839857
10 0.6221662468513854 0.17437722419928825 0.010075566750629723 0.014234875444839857
0 0.5617128463476071 0.2823250296559905 0.010075566750629723 0.014234875444839857
11 0.5608732157850546 0.15658362989323843 0.010075566750629723 0.014234875444839857
4 0.023089840470193114 0.31198102016607354 0.01595298068849706 0.02372479240806643
0 0.025608732157850547 0.7568208778173191 0.01595298068849706 0.02372479240806643