11 0.5276510832383124 0.964516129032258 0.013112884834663626 0.01935483870967742
1 0.6948403648802737 0.3439516129032258 0.016818700114025087 0.01935483870967742
0 0.8978050171037628 0.6201612903225806 0.02708095781071836 0.02338709677419355
0 0.5276510832383124 0.9395161290322581 0.013112884834663626 0.01935483870967742
10 0.2127993158494869 0.6838709677419355 0.033352337514253136 0.020967741935483872
0 0.5028506271379704 0.8637096774193549 0.013112884834663626 0.01935483870967742
1 0.5034207525655644 0.9153225806451613 0.013112884834663626 0.01935483870967742
0 0.08338084378563283 0.6838709677419355 0.033352337514253136 0.020967741935483872
10 0.512115165336374 0.3443548387096774 0.016818700114025087 0.01935483870967742
10 0.5285062713797035 0.8641129032258065 0.013112884834663626 0.01935483870967742
10 0.5276510832383124 0.8879032258064516 0.013112884834663626 0.01935483870967742
12 0.7363169897377423 0.8459677419354839 0.013112884834663626 0.01935483870967742