0 0.12231898080954685 0.30188141391106044 0.007901951298177712 0.013683010262257697
10 0.3259958071278826 0.4885974914481186 0.007901951298177712 0.013683010262257697
8 0.495000806321561 0.24629418472063855 0.007901951298177712 0.013683010262257697
10 0.6146589259796807 0.3922462941847206 0.007901951298177712 0.013683010262257697
12 0.3414771810998226 0.3278221208665906 0.007901951298177712 0.013683010262257697
3 0.3084179970972424 0.2668187001140251 0.007901951298177712 0.013683010262257697
4 0.3087405257216578 0.44811858608893956 0.007901951298177712 0.013683010262257697
10 0.8604257377842284 0.39481185860889395 0.007901951298177712 0.013683010262257697
10 0.3414771810998226 0.468072976054732 0.007901951298177712 0.013683010262257697
4 0.33760683760683763 0.8269669327251995 0.007901951298177712 0.013683010262257697
0 0.370020964360587 0.6636259977194983 0.007901951298177712 0.013683010262257697
12 0.49564586357039186 0.2876282782212087 0.007901951298177712 0.013683010262257697
10 0.3569585550717626 0.4885974914481186 0.007901951298177712 0.013683010262257697