0 0.25 0.702846975088968 0.008389261744966443 0.013048635824436536
10 0.22902684563758388 0.36595492289442466 0.008389261744966443 0.013048635824436536
10 0.9748322147651006 0.6874258600237247 0.008389261744966443 0.013048635824436536
0 0.5167785234899329 0.48102016607354686 0.008389261744966443 0.013048635824436536
0 0.6031879194630873 0.8594306049822064 0.008389261744966443 0.013048635824436536
10 0.5419463087248322 0.5 0.008389261744966443 0.013048635824436536
7 0.22651006711409397 0.7372479240806643 0.008389261744966443 0.013048635824436536
10 0.2600671140939597 0.2781731909845789 0.008389261744966443 0.013048635824436536
0 0.19463087248322147 0.702846975088968 0.008389261744966443 0.013048635824436536
10 0.05285234899328859 0.9122182680901542 0.006711409395973154 0.009489916963226572
8 0.5679530201342282 0.46441281138790036 0.008389261744966443 0.013048635824436536
8 0.5671140939597316 0.4288256227758007 0.008389261744966443 0.013048635824436536
0 0.6031879194630873 0.9116251482799526 0.008389261744966443 0.013048635824436536
10 0.5419463087248322 0.4454329774614472 0.008389261744966443 0.013048635824436536