10 0.5109659732301242 0.4278791334093501 0.007901951298177712 0.013683010262257697
0 0.6193355910337043 0.9036488027366021 0.007901951298177712 0.013683010262257697
11 0.3529269472665699 0.7177879133409351 0.007901951298177712 0.013683010262257697
10 0.3084179970972424 0.38768529076396807 0.007901951298177712 0.013683010262257697
0 0.12231898080954685 0.30188141391106044 0.007901951298177712 0.013683010262257697
11 0.5109659732301242 0.4484036488027366 0.007901951298177712 0.013683010262257697
10 0.4779067892275439 0.306442417331813 0.007901951298177712 0.013683010262257697
10 0.4779067892275439 0.2688141391106043 0.007901951298177712 0.013683010262257697
2 0.49564586357039186 0.40849486887115166 0.007901951298177712 0.013683010262257697
1 0.47048863086598935 0.8882554161915621 0.007901951298177712 0.013683010262257697
11 0.3414771810998226 0.4284492588369441 0.007901951298177712 0.013683010262257697
10 0.7514110627318175 0.49002280501710377 0.007901951298177712 0.013683010262257697