8 0.6095717884130982 0.2846975088967972 0.010075566750629723 0.014234875444839857
0 0.6087321578505458 0.2111506524317912 0.010075566750629723 0.014234875444839857
1 0.5079764903442485 0.17319098457888493 0.010075566750629723 0.014234875444839857
10 0.17338371116708648 0.6512455516014235 0.009235936188077247 0.009489916963226572
0 0.014693534844668345 0.6512455516014235 0.009235936188077247 0.009489916963226572
0 0.5071368597816961 0.32977461447212336 0.010075566750629723 0.014234875444839857
11 0.021410579345088162 0.6144721233689205 0.01595298068849706 0.02372479240806643
0 0.6221662468513854 0.15658362989323843 0.010075566750629723 0.014234875444839857
0 0.1809403862300588 0.2918149466192171 0.01595298068849706 0.02372479240806643
0 0.5734676742233418 0.2823250296559905 0.010075566750629723 0.014234875444839857
10 0.5734676742233418 0.1376037959667853 0.010075566750629723 0.014234875444839857
0 0.5566750629722922 0.527876631079478 0.010075566750629723 0.014234875444839857