9 0.4780680535397517 0.4888825541619156 0.007901951298177712 0.013683010262257697
11 0.33760683760683763 0.8004561003420753 0.007901951298177712 0.013683010262257697
0 0.3087405257216578 0.30758266818700114 0.007901951298177712 0.013683010262257697
0 0.513223673601032 0.6345496009122007 0.007901951298177712 0.013683010262257697
0 0.47742299629092083 0.2864880273660205 0.007901951298177712 0.013683010262257697
10 0.47742299629092083 0.346921322690992 0.007901951298177712 0.013683010262257697
10 0.5275761973875182 0.9139110604332953 0.007901951298177712 0.013683010262257697
0 0.8380099983873569 0.87115165336374 0.007901951298177712 0.013683010262257697
10 0.3087405257216578 0.2870581527936146 0.007901951298177712 0.013683010262257697
12 0.3377681019190453 0.6915621436716077 0.007901951298177712 0.013683010262257697
11 0.5262860828898565 0.3070125427594071 0.007901951298177712 0.013683010262257697
4 0.7514110627318175 0.49002280501710377 0.007901951298177712 0.013683010262257697
10 0.3261570714400903 0.32639680729760545 0.007901951298177712 0.013683010262257697