6 0.5261248185776488 0.2864880273660205 0.007901951298177712 0.013683010262257697
10 0.7510885341074021 0.5883694412770809 0.007901951298177712 0.013683010262257697
10 0.8604257377842284 0.4885974914481186 0.007901951298177712 0.013683010262257697
0 0.30728914691178844 0.8281071835803877 0.007901951298177712 0.013683010262257697
1 0.3413159167876149 0.5088369441277081 0.007901951298177712 0.013683010262257697
10 0.49580712788259956 0.36801596351197263 0.007901951298177712 0.013683010262257697
6 0.49564586357039186 0.48831242873432157 0.007901951298177712 0.013683010262257697
10 0.6177229479116272 0.7970353477765109 0.007901951298177712 0.013683010262257697
1 0.9820190291888405 0.7651083238312428 0.007901951298177712 0.013683010262257697
10 0.7510885341074021 0.8480615735461802 0.007901951298177712 0.013683010262257697
0 0.32244799225931303 0.8263968072976055 0.007901951298177712 0.013683010262257697
10 0.739477503628447 0.6111744583808438 0.007901951298177712 0.013683010262257697
0 0.3414771810998226 0.468072976054732 0.007901951298177712 0.013683010262257697