10 0.5025655644241733 0.9403225806451613 0.013112884834663626 0.01935483870967742
10 0.5034207525655644 0.9153225806451613 0.013112884834663626 0.01935483870967742
10 0.8710091220068416 0.2979838709677419 0.016818700114025087 0.01935483870967742
0 0.6942702394526796 0.3725806451612903 0.016818700114025087 0.01935483870967742
0 0.34734891676168755 0.6427419354838709 0.016248574686431014 0.01532258064516129
0 0.5276510832383124 0.964516129032258 0.013112884834663626 0.01935483870967742
10 0.30273660205245156 0.8661290322580645 0.013112884834663626 0.01935483870967742
7 0.9378563283922463 0.8887096774193548 0.013112884834663626 0.01935483870967742
0 0.34763397947548463 0.697983870967742 0.016818700114025087 0.01935483870967742
1 0.30188141391106044 0.8955645161290322 0.013112884834663626 0.01935483870967742
6 0.4847491448118586 0.6391129032258065 0.016818700114025087 0.01935483870967742
0 0.5028506271379704 0.8387096774193549 0.013112884834663626 0.01935483870967742
10 0.5276510832383124 0.9141129032258064 0.013112884834663626 0.01935483870967742
0 0.2782212086659065 0.8959677419354839 0.013112884834663626 0.01935483870967742
12 0.9372862029646523 0.9358870967741936 0.013112884834663626 0.01935483870967742