0 0.33760683760683763 0.8004561003420753 0.007901951298177712 0.013683010262257697
0 0.6519109820996614 0.6445267958950969 0.007901951298177712 0.013683010262257697
0 0.7178680857926141 0.17930444697833522 0.007901951298177712 0.013683010262257697
10 0.5291888405095952 0.6616305587229191 0.007901951298177712 0.013683010262257697
2 0.6365908724399291 0.6183010262257697 0.007901951298177712 0.013683010262257697
10 0.3413159167876149 0.2668187001140251 0.007901951298177712 0.013683010262257697
7 0.28309950008063217 0.8825541619156214 0.007901951298177712 0.013683010262257697
0 0.15279793581680373 0.27394526795895097 0.007901951298177712 0.013683010262257697
0 0.8372036768263184 0.8124287343215507 0.007901951298177712 0.013683010262257697
10 0.3382518948556684 0.7445838084378563 0.007901951298177712 0.013683010262257697
0 0.739477503628447 0.8127137970353477 0.007901951298177712 0.013683010262257697
8 0.28326076439283987 0.6633409350057012 0.007901951298177712 0.013683010262257697
10 0.3261570714400903 0.30758266818700114 0.007901951298177712 0.013683010262257697