0 0.3087405257216578 0.44811858608893956 0.007901951298177712 0.013683010262257697
10 0.5114497661667473 0.387115165336374 0.007901951298177712 0.013683010262257697
10 0.8222060957910015 0.1781641961231471 0.007901951298177712 0.013683010262257697
0 0.12280277374616998 0.24714937286202965 0.007901951298177712 0.013683010262257697
0 0.5109659732301242 0.467787913340935 0.007901951298177712 0.013683010262257697
6 0.3259958071278826 0.36801596351197263 0.007901951298177712 0.013683010262257697
10 0.47774552491533623 0.5088369441277081 0.007901951298177712 0.013683010262257697
0 0.49564586357039186 0.32867730900798175 0.007901951298177712 0.013683010262257697
10 0.3082567327850347 0.48945267958950966 0.007901951298177712 0.013683010262257697
10 0.8372036768263184 0.7180729760547321 0.007901951298177712 0.013683010262257697
5 0.3084179970972424 0.2668187001140251 0.007901951298177712 0.013683010262257697
1 0.48774391227221414 0.6331242873432155 0.007901951298177712 0.013683010262257697