10 0.5285062713797035 0.8641129032258065 0.013112884834663626 0.01935483870967742
8 0.8978050171037628 0.6201612903225806 0.02708095781071836 0.02338709677419355
10 0.34763397947548463 0.697983870967742 0.016818700114025087 0.01935483870967742
9 0.51154503990878 0.3153225806451613 0.016818700114025087 0.01935483870967742
10 0.7363169897377423 0.932258064516129 0.013112884834663626 0.01935483870967742
11 0.5276510832383124 0.9141129032258064 0.013112884834663626 0.01935483870967742
0 0.8718643101482326 0.3556451612903226 0.016818700114025087 0.01935483870967742
5 0.8710091220068416 0.2979838709677419 0.016818700114025087 0.01935483870967742
2 0.5276510832383124 0.964516129032258 0.013112884834663626 0.01935483870967742
10 0.7202109464082098 0.6201612903225806 0.02708095781071836 0.02338709677419355
10 0.5025655644241733 0.9403225806451613 0.013112884834663626 0.01935483870967742
0 0.6948403648802737 0.3439516129032258 0.016818700114025087 0.01935483870967742
10 0.9378563283922463 0.8887096774193548 0.013112884834663626 0.01935483870967742
10 0.5025655644241733 0.9641129032258065 0.013112884834663626 0.01935483870967742
5 0.6934150513112884 0.3157258064516129 0.016818700114025087 0.01935483870967742