10 0.9010067114093959 0.28647686832740216 0.008389261744966443 0.013048635824436536
2 0.4773489932885906 0.6079478054567022 0.008389261744966443 0.013048635824436536
0 0.05285234899328859 0.9122182680901542 0.006711409395973154 0.009489916963226572
2 0.5679530201342282 0.3956109134045077 0.008389261744966443 0.013048635824436536
11 0.20553691275167785 0.22716488730723605 0.008389261744966443 0.013048635824436536
10 0.9672818791946308 0.4988137603795967 0.008389261744966443 0.013048635824436536
3 0.25 0.702846975088968 0.008389261744966443 0.013048635824436536
0 0.08473154362416108 0.9110320284697508 0.006711409395973154 0.009489916963226572
10 0.462248322147651 0.1619217081850534 0.008389261744966443 0.013048635824436536
12 0.4773489932885906 0.6814946619217082 0.008389261744966443 0.013048635824436536
0 0.2516778523489933 0.6672597864768683 0.008389261744966443 0.013048635824436536
0 0.19546979865771813 0.6672597864768683 0.008389261744966443 0.013048635824436536
4 0.30201342281879195 0.8641755634638197 0.008389261744966443 0.013048635824436536