12 0.8718643101482326 0.3556451612903226 0.016818700114025087 0.01935483870967742
0 0.27765108323831245 0.8391129032258065 0.013112884834663626 0.01935483870967742
10 0.34763397947548463 0.725 0.016818700114025087 0.01935483870967742
0 0.7363169897377423 0.9032258064516129 0.013112884834663626 0.01935483870967742
0 0.08338084378563283 0.6838709677419355 0.033352337514253136 0.020967741935483872
5 0.5389110604332953 0.6366935483870968 0.016818700114025087 0.01935483870967742
2 0.7363169897377423 0.8459677419354839 0.013112884834663626 0.01935483870967742
3 0.51154503990878 0.3153225806451613 0.016818700114025087 0.01935483870967742
0 0.5276510832383124 0.9141129032258064 0.013112884834663626 0.01935483870967742
10 0.512115165336374 0.3443548387096774 0.016818700114025087 0.01935483870967742
11 0.5025655644241733 0.9403225806451613 0.013112884834663626 0.01935483870967742