11 0.5276510832383124 0.9395161290322581 0.013112884834663626 0.01935483870967742
0 0.5276510832383124 0.8387096774193549 0.013112884834663626 0.01935483870967742
1 0.30273660205245156 0.8358870967741936 0.013112884834663626 0.01935483870967742
0 0.9378563283922463 0.8887096774193548 0.013112884834663626 0.01935483870967742
0 0.21336944127708096 0.425 0.033352337514253136 0.020967741935483872
10 0.7363169897377423 0.8459677419354839 0.013112884834663626 0.01935483870967742
0 0.34763397947548463 0.725 0.016818700114025087 0.01935483870967742
11 0.7363169897377423 0.9604838709677419 0.013112884834663626 0.01935483870967742
10 0.6942702394526796 0.3725806451612903 0.016818700114025087 0.01935483870967742
12 0.4847491448118586 0.6391129032258065 0.016818700114025087 0.01935483870967742
10 0.7202109464082098 0.6201612903225806 0.02708095781071836 0.02338709677419355
1 0.34763397947548463 0.697983870967742 0.016818700114025087 0.01935483870967742
12 0.5276510832383124 0.964516129032258 0.013112884834663626 0.01935483870967742
0 0.5025655644241733 0.9641129032258065 0.013112884834663626 0.01935483870967742
10 0.7363169897377423 0.9032258064516129 0.013112884834663626 0.01935483870967742