0 0.924496644295302 0.28647686832740216 0.008389261744966443 0.013048635824436536
0 0.2902684563758389 0.31494661921708184 0.008389261744966443 0.013048635824436536
6 0.19546979865771813 0.6672597864768683 0.008389261744966443 0.013048635824436536
10 0.5679530201342282 0.46441281138790036 0.008389261744966443 0.013048635824436536
0 0.23573825503355705 0.5011862396204033 0.008389261744966443 0.013048635824436536
10 0.2600671140939597 0.33155397390272834 0.008389261744966443 0.013048635824436536
10 0.7986577181208053 0.3766310794780546 0.008389261744966443 0.013048635824436536
3 0.5679530201342282 0.4454329774614472 0.008389261744966443 0.013048635824436536
11 0.6057046979865772 0.6625148279952551 0.008389261744966443 0.013048635824436536
10 0.25083892617449666 0.7372479240806643 0.008389261744966443 0.013048635824436536
8 0.22651006711409397 0.6838671411625148 0.008389261744966443 0.013048635824436536
3 0.9672818791946308 0.46322657176749704 0.008389261744966443 0.013048635824436536
8 0.5679530201342282 0.3956109134045077 0.008389261744966443 0.013048635824436536
0 0.6031879194630873 0.9116251482799526 0.008389261744966443 0.013048635824436536