2 0.5261248185776488 0.4284492588369441 0.007901951298177712 0.013683010262257697
1 0.5262860828898565 0.3070125427594071 0.007901951298177712 0.013683010262257697
12 0.5261248185776488 0.32696693272519955 0.007901951298177712 0.013683010262257697
0 0.370020964360587 0.7733751425313569 0.007901951298177712 0.013683010262257697
0 0.49580712788259956 0.36801596351197263 0.007901951298177712 0.013683010262257697
0 0.3259958071278826 0.2668187001140251 0.007901951298177712 0.013683010262257697
11 0.634978229317852 0.6704675028506272 0.007901951298177712 0.013683010262257697
10 0.739477503628447 0.8127137970353477 0.007901951298177712 0.013683010262257697
10 0.48774391227221414 0.6331242873432155 0.007901951298177712 0.013683010262257697
11 0.28326076439283987 0.6354047890535918 0.007901951298177712 0.013683010262257697
1 0.3698597000483793 0.7451539338654504 0.007901951298177712 0.013683010262257697
11 0.3564747621351395 0.40849486887115166 0.007901951298177712 0.013683010262257697
0 0.370020964360587 0.7177879133409351 0.007901951298177712 0.013683010262257697
10 0.32277052088372843 0.6088939566704675 0.007901951298177712 0.013683010262257697