4 0.5025655644241733 0.9403225806451613 0.013112884834663626 0.01935483870967742
10 0.511259977194983 0.3717741935483871 0.016818700114025087 0.01935483870967742
0 0.27765108323831245 0.8391129032258065 0.013112884834663626 0.01935483870967742
10 0.5276510832383124 0.964516129032258 0.013112884834663626 0.01935483870967742
12 0.21336944127708096 0.425 0.033352337514253136 0.020967741935483872
10 0.7363169897377423 0.8754032258064516 0.013112884834663626 0.01935483870967742
0 0.34763397947548463 0.725 0.016818700114025087 0.01935483870967742
9 0.9372862029646523 0.9358870967741936 0.013112884834663626 0.01935483870967742
0 0.30188141391106044 0.8955645161290322 0.013112884834663626 0.01935483870967742
10 0.5285062713797035 0.8641129032258065 0.013112884834663626 0.01935483870967742
0 0.5276510832383124 0.8879032258064516 0.013112884834663626 0.01935483870967742
10 0.6948403648802737 0.3439516129032258 0.016818700114025087 0.01935483870967742
0 0.30273660205245156 0.8661290322580645 0.013112884834663626 0.01935483870967742
10 0.08338084378563283 0.6838709677419355 0.033352337514253136 0.020967741935483872
11 0.2127993158494869 0.6838709677419355 0.033352337514253136 0.020967741935483872