10 0.014693534844668345 0.8185053380782918 0.009235936188077247 0.009489916963226572
0 0.013853904282115869 0.8030842230130486 0.009235936188077247 0.009489916963226572
10 0.014693534844668345 0.6690391459074733 0.009235936188077247 0.009489916963226572
10 0.17170445004198154 0.3274021352313167 0.009235936188077247 0.009489916963226572
0 0.5071368597816961 0.32977461447212336 0.010075566750629723 0.014234875444839857
11 0.5079764903442485 0.2669039145907473 0.010075566750629723 0.014234875444839857
3 0.5566750629722922 0.5088967971530249 0.010075566750629723 0.014234875444839857
6 0.6095717884130982 0.2846975088967972 0.010075566750629723 0.014234875444839857
7 0.5205709487825357 0.1542111506524318 0.010075566750629723 0.014234875444839857
0 0.5608732157850546 0.15658362989323843 0.010075566750629723 0.014234875444839857
0 0.6221662468513854 0.2823250296559905 0.010075566750629723 0.014234875444839857
2 0.5617128463476071 0.2823250296559905 0.010075566750629723 0.014234875444839857
0 0.6213266162888329 0.19217081850533807 0.010075566750629723 0.014234875444839857