11 0.3259958071278826 0.36801596351197263 0.007901951298177712 0.013683010262257697
0 0.3259958071278826 0.4278791334093501 0.007901951298177712 0.013683010262257697
10 0.5064505724883084 0.9387115165336374 0.007901951298177712 0.013683010262257697
12 0.3569585550717626 0.4885974914481186 0.007901951298177712 0.013683010262257697
2 0.6007901951298178 0.669612314709236 0.007901951298177712 0.013683010262257697
10 0.7514110627318175 0.49002280501710377 0.007901951298177712 0.013683010262257697
10 0.341799709724238 0.48916761687571264 0.007901951298177712 0.013683010262257697
10 0.3261570714400903 0.30758266818700114 0.007901951298177712 0.013683010262257697
10 0.4779067892275439 0.467787913340935 0.007901951298177712 0.013683010262257697
0 0.33760683760683763 0.8004561003420753 0.007901951298177712 0.013683010262257697
0 0.3259958071278826 0.2668187001140251 0.007901951298177712 0.013683010262257697