12 0.8808724832214765 0.3054567022538553 0.008389261744966443 0.013048635824436536
0 0.5679530201342282 0.3766310794780546 0.008389261744966443 0.013048635824436536
11 0.5419463087248322 0.3956109134045077 0.008389261744966443 0.013048635824436536
10 0.9664429530201343 0.533214709371293 0.008389261744966443 0.013048635824436536
11 0.8145973154362416 0.9258600237247924 0.008389261744966443 0.013048635824436536
10 0.613255033557047 0.18090154211150652 0.008389261744966443 0.013048635824436536
0 0.924496644295302 0.28647686832740216 0.008389261744966443 0.013048635824436536
10 0.8959731543624161 0.14768683274021352 0.008389261744966443 0.013048635824436536
7 0.8808724832214765 0.28647686832740216 0.008389261744966443 0.013048635824436536
0 0.6031879194630873 0.8594306049822064 0.008389261744966443 0.013048635824436536
12 0.23657718120805368 0.5391459074733096 0.008389261744966443 0.013048635824436536
10 0.22986577181208054 0.22597864768683273 0.008389261744966443 0.013048635824436536
0 0.5411073825503355 0.4110320284697509 0.008389261744966443 0.013048635824436536
0 0.30201342281879195 0.8819691577698695 0.008389261744966443 0.013048635824436536