10 0.462248322147651 0.21648873072360617 0.008389261744966443 0.013048635824436536
7 0.47651006711409394 0.6447212336892052 0.008389261744966443 0.013048635824436536
8 0.8145973154362416 0.9104389086595492 0.008389261744966443 0.013048635824436536
11 0.8305369127516778 0.8938315539739027 0.008389261744966443 0.013048635824436536
0 0.20469798657718122 0.2959667852906287 0.008389261744966443 0.013048635824436536
4 0.8062080536912751 0.46441281138790036 0.008389261744966443 0.013048635824436536
12 0.8062080536912751 0.47983392645314354 0.008389261744966443 0.013048635824436536
0 0.5411073825503355 0.4110320284697509 0.008389261744966443 0.013048635824436536
5 0.20469798657718122 0.2781731909845789 0.008389261744966443 0.013048635824436536
10 0.9714765100671141 0.28647686832740216 0.008389261744966443 0.013048635824436536
4 0.8070469798657718 0.6589561091340451 0.008389261744966443 0.013048635824436536
8 0.9010067114093959 0.32562277580071175 0.008389261744966443 0.013048635824436536
10 0.14597315436241612 0.8570581257413997 0.008389261744966443 0.013048635824436536
11 0.6057046979865772 0.6625148279952551 0.008389261744966443 0.013048635824436536