0 0.023089840470193114 0.31198102016607354 0.01595298068849706 0.02372479240806643
12 0.5188916876574308 0.34519572953736655 0.010075566750629723 0.014234875444839857
11 0.6095717884130982 0.2846975088967972 0.010075566750629723 0.014234875444839857
0 0.17506297229219145 0.5029655990510083 0.009235936188077247 0.009489916963226572
5 0.17338371116708648 0.66785290628707 0.009235936188077247 0.009489916963226572
0 0.5079764903442485 0.19217081850533807 0.010075566750629723 0.014234875444839857
10 0.014693534844668345 0.6512455516014235 0.009235936188077247 0.009489916963226572
10 0.014693534844668345 0.35231316725978645 0.009235936188077247 0.009489916963226572
10 0.5079764903442485 0.2846975088967972 0.010075566750629723 0.014234875444839857
10 0.014693534844668345 0.36773428232502964 0.009235936188077247 0.009489916963226572
10 0.6087321578505458 0.1387900355871886 0.010075566750629723 0.014234875444839857
0 0.5071368597816961 0.3902728351126928 0.010075566750629723 0.014234875444839857
10 0.6087321578505458 0.15658362989323843 0.010075566750629723 0.014234875444839857
12 0.5734676742233418 0.15658362989323843 0.010075566750629723 0.014234875444839857
0 0.5071368597816961 0.2111506524317912 0.010075566750629723 0.014234875444839857