11 0.5079764903442485 0.1376037959667853 0.010075566750629723 0.014234875444839857
0 0.014693534844668345 0.49940688018979834 0.009235936188077247 0.009489916963226572
2 0.5734676742233418 0.15658362989323843 0.010075566750629723 0.014234875444839857
10 0.5079764903442485 0.17319098457888493 0.010075566750629723 0.014234875444839857
10 0.5608732157850546 0.1376037959667853 0.010075566750629723 0.014234875444839857
0 0.5734676742233418 0.2823250296559905 0.010075566750629723 0.014234875444839857
10 0.5197313182199832 0.36180308422301305 0.010075566750629723 0.014234875444839857
5 0.5205709487825357 0.1376037959667853 0.010075566750629723 0.014234875444839857
10 0.5071368597816961 0.2265717674970344 0.010075566750629723 0.014234875444839857
12 0.023089840470193114 0.46144721233689207 0.01595298068849706 0.02372479240806643
10 0.5608732157850546 0.24673784104389088 0.010075566750629723 0.014234875444839857