7 0.2289029535864979 0.51171875 0.009142053445850914 0.014756944444444444
8 0.26476793248945146 0.3111979166666667 0.009142053445850914 0.014756944444444444
10 0.30133614627285515 0.8138020833333334 0.009142053445850914 0.014756944444444444
9 0.2661744022503516 0.7365451388888888 0.009142053445850914 0.014756944444444444
10 0.22749648382559776 0.4778645833333333 0.009142053445850914 0.014756944444444444
5 0.5559071729957806 0.1831597222222222 0.009142053445850914 0.012152777777777778
0 0.5552039381153305 0.3576388888888889 0.009142053445850914 0.012152777777777778
7 0.26547116736990156 0.86328125 0.009142053445850914 0.014756944444444444
0 0.5559071729957806 0.1605902777777778 0.009142053445850914 0.012152777777777778
12 0.30063291139240506 0.86328125 0.009142053445850914 0.014756944444444444
0 0.26476793248945146 0.5464409722222222 0.009142053445850914 0.014756944444444444
2 0.26476793248945146 0.9162326388888888 0.009142053445850914 0.014756944444444444
10 0.2661744022503516 0.7877604166666666 0.009142053445850914 0.014756944444444444
0 0.5559071729957806 0.3194444444444444 0.009142053445850914 0.012152777777777778
12 0.5559071729957806 0.7465277777777778 0.009142053445850914 0.012152777777777778