0 0.2668776371308017 0.7634548611111112 0.009142053445850914 0.014756944444444444
10 0.5559071729957806 0.9383680555555556 0.009142053445850914 0.012152777777777778
6 0.5559071729957806 0.7465277777777778 0.009142053445850914 0.012152777777777778
4 0.5552039381153305 0.7673611111111112 0.009142053445850914 0.012152777777777778
10 0.22609001406469761 0.3120659722222222 0.009142053445850914 0.014756944444444444
0 0.26547116736990156 0.3433159722222222 0.009142053445850914 0.014756944444444444
10 0.2661744022503516 0.8146701388888888 0.009142053445850914 0.014756944444444444
10 0.5559071729957806 0.1831597222222222 0.009142053445850914 0.012152777777777778
0 0.26758087201125175 0.7096354166666666 0.009142053445850914 0.014756944444444444
10 0.5573136427566807 0.2170138888888889 0.009142053445850914 0.012152777777777778
1 0.22679324894514769 0.37890625 0.009142053445850914 0.014756944444444444
10 0.3020393811533052 0.7113715277777778 0.009142053445850914 0.014756944444444444