11 0.26547116736990156 0.8381076388888888 0.009142053445850914 0.014756944444444444
10 0.22538677918424754 0.5464409722222222 0.009142053445850914 0.014756944444444444
10 0.2289029535864979 0.51171875 0.009142053445850914 0.014756944444444444
0 0.2795358649789029 0.1449652777777778 0.009142053445850914 0.012152777777777778
10 0.26476793248945146 0.3111979166666667 0.009142053445850914 0.014756944444444444
11 0.22749648382559776 0.2764756944444444 0.009142053445850914 0.014756944444444444
0 0.22749648382559776 0.4457465277777778 0.009142053445850914 0.014756944444444444
0 0.16279887482419128 0.5811631944444444 0.009142053445850914 0.014756944444444444
10 0.2633614627285513 0.5794270833333334 0.009142053445850914 0.014756944444444444
7 0.26476793248945146 0.9162326388888888 0.009142053445850914 0.014756944444444444
10 0.5559071729957806 0.1831597222222222 0.009142053445850914 0.012152777777777778
11 0.5566104078762306 0.4635416666666667 0.009142053445850914 0.012152777777777778