10 0.5559071729957806 0.3194444444444444 0.009142053445850914 0.012152777777777778
1 0.22679324894514769 0.1662326388888889 0.009142053445850914 0.014756944444444444
11 0.22749648382559776 0.3424479166666667 0.009142053445850914 0.014756944444444444
11 0.5566104078762306 0.9001736111111112 0.009142053445850914 0.012152777777777778
10 0.26547116736990156 0.8901909722222222 0.009142053445850914 0.014756944444444444
0 0.5552039381153305 0.7673611111111112 0.009142053445850914 0.012152777777777778
12 0.22679324894514769 0.20182291666666666 0.009142053445850914 0.014756944444444444
10 0.22609001406469761 0.14453125 0.009142053445850914 0.014756944444444444
1 0.2661744022503516 0.7877604166666666 0.009142053445850914 0.014756944444444444
0 0.5559071729957806 0.1831597222222222 0.009142053445850914 0.012152777777777778
10 0.22679324894514769 0.37890625 0.009142053445850914 0.014756944444444444
9 0.24859353023909986 0.14366319444444445 0.009142053445850914 0.014756944444444444
10 0.5552039381153305 0.8046875 0.009142053445850914 0.012152777777777778
11 0.2289029535864979 0.51171875 0.009142053445850914 0.014756944444444444