10 0.5559071729957806 0.7465277777777778 0.009142053445850914 0.012152777777777778
10 0.22749648382559776 0.2764756944444444 0.009142053445850914 0.014756944444444444
0 0.26547116736990156 0.3433159722222222 0.009142053445850914 0.014756944444444444
1 0.21554149085794655 0.5785590277777778 0.009142053445850914 0.014756944444444444
10 0.26476793248945146 0.3111979166666667 0.009142053445850914 0.014756944444444444
11 0.5552039381153305 0.8046875 0.009142053445850914 0.012152777777777778
0 0.24859353023909986 0.14366319444444445 0.009142053445850914 0.014756944444444444
10 0.5573136427566807 0.5121527777777778 0.009142053445850914 0.012152777777777778
10 0.3020393811533052 0.7113715277777778 0.009142053445850914 0.014756944444444444
6 0.5566104078762306 0.6310763888888888 0.009142053445850914 0.012152777777777778
0 0.26476793248945146 0.3763020833333333 0.009142053445850914 0.014756944444444444