10 0.5552039381153305 0.3576388888888889 0.009142053445850914 0.012152777777777778
0 0.5566104078762306 0.2847222222222222 0.009142053445850914 0.012152777777777778
0 0.26547116736990156 0.8901909722222222 0.009142053445850914 0.014756944444444444
10 0.5580168776371308 0.12239583333333333 0.009142053445850914 0.012152777777777778
0 0.5566104078762306 0.6310763888888888 0.009142053445850914 0.012152777777777778
0 0.299929676511955 0.7365451388888888 0.009142053445850914 0.014756944444444444
10 0.22609001406469761 0.3120659722222222 0.009142053445850914 0.014756944444444444
0 0.30063291139240506 0.8893229166666666 0.009142053445850914 0.014756944444444444
10 0.22679324894514769 0.20182291666666666 0.009142053445850914 0.014756944444444444
10 0.30063291139240506 0.9153645833333334 0.009142053445850914 0.014756944444444444
10 0.2289029535864979 0.51171875 0.009142053445850914 0.014756944444444444