10 0.2661744022503516 0.4422743055555556 0.009142053445850914 0.014756944444444444
10 0.299929676511955 0.7365451388888888 0.009142053445850914 0.014756944444444444
0 0.30063291139240506 0.8893229166666666 0.009142053445850914 0.014756944444444444
2 0.30133614627285515 0.8138020833333334 0.009142053445850914 0.014756944444444444
0 0.5566104078762306 0.4375 0.009142053445850914 0.012152777777777778
12 0.2661744022503516 0.5134548611111112 0.009142053445850914 0.014756944444444444
0 0.5580168776371308 0.1423611111111111 0.009142053445850914 0.012152777777777778
5 0.5566104078762306 0.8810763888888888 0.009142053445850914 0.012152777777777778
10 0.5573136427566807 0.08159722222222222 0.009142053445850914 0.012152777777777778
10 0.5566104078762306 0.6892361111111112 0.009142053445850914 0.012152777777777778
0 0.5573136427566807 0.10416666666666667 0.009142053445850914 0.012152777777777778
0 0.22749648382559776 0.2764756944444444 0.009142053445850914 0.014756944444444444
0 0.21554149085794655 0.5785590277777778 0.009142053445850914 0.014756944444444444
1 0.26476793248945146 0.2009548611111111 0.009142053445850914 0.014756944444444444
0 0.5559071729957806 0.9383680555555556 0.009142053445850914 0.012152777777777778