0 0.956640625 0.287292817679558 0.00859375 0.011049723756906077
0 0.896875 0.9613259668508287 0.00859375 0.011049723756906077
0 0.428515625 0.3430939226519337 0.00859375 0.011049723756906077
0 0.891015625 0.6939226519337016 0.00859375 0.011049723756906077
0 0.2046875 0.4 0.00859375 0.011049723756906077
4 0.182421875 0.2861878453038674 0.00859375 0.011049723756906077
10 0.891796875 0.30441988950276244 0.00859375 0.011049723756906077
0 0.6421875 0.43480662983425417 0.00859375 0.011049723756906077
11 0.428515625 0.6552486187845303 0.00859375 0.011049723756906077
10 0.18359375 0.4552486187845304 0.00859375 0.011049723756906077
10 0.428515625 0.30441988950276244 0.00859375 0.011049723756906077
0 0.40859375 0.9110497237569061 0.00859375 0.011049723756906077
10 0.9546875 0.26795580110497236 0.00859375 0.011049723756906077