10 0.2046875 0.24861878453038674 0.00859375 0.011049723756906077
5 0.89609375 0.9226519337016574 0.00859375 0.011049723756906077
11 0.6421875 0.8839779005524862 0.00859375 0.011049723756906077
10 0.4078125 0.3994475138121547 0.00859375 0.011049723756906077
0 0.204296875 0.30441988950276244 0.00859375 0.011049723756906077
0 0.225390625 0.6779005524861879 0.00859375 0.011049723756906077
10 0.225 0.2861878453038674 0.00859375 0.011049723756906077
5 0.225390625 0.6392265193370166 0.00859375 0.011049723756906077
0 0.6421875 0.8077348066298342 0.00859375 0.011049723756906077
5 0.9546875 0.5552486187845304 0.00859375 0.011049723756906077
11 0.4078125 0.8756906077348067 0.00859375 0.011049723756906077
10 0.641796875 0.24972375690607734 0.00859375 0.011049723756906077