3 0.225 0.2861878453038674 0.00859375 0.011049723756906077
11 0.18359375 0.8939226519337017 0.00859375 0.011049723756906077
10 0.6421875 0.6176795580110497 0.00859375 0.011049723756906077
2 0.956640625 0.287292817679558 0.00859375 0.011049723756906077
10 0.428515625 0.4176795580110497 0.00859375 0.011049723756906077
0 0.9703125 0.24861878453038674 0.00859375 0.011049723756906077
0 0.641796875 0.2861878453038674 0.00859375 0.011049723756906077
9 0.225390625 0.7530386740331492 0.00859375 0.011049723756906077
10 0.9609375 0.9237569060773481 0.00859375 0.011049723756906077
7 0.428515625 0.5806629834254143 0.00859375 0.011049723756906077
1 0.18359375 0.3806629834254144 0.00859375 0.011049723756906077
0 0.163671875 0.6574585635359116 0.00859375 0.011049723756906077
10 0.891015625 0.6939226519337016 0.00859375 0.011049723756906077