0 0.225 0.4165745856353591 0.00859375 0.011049723756906077
10 0.906640625 0.26795580110497236 0.00859375 0.011049723756906077
6 0.1640625 0.6961325966850829 0.00859375 0.011049723756906077
0 0.44921875 0.9497237569060774 0.00859375 0.011049723756906077
10 0.44921875 0.7303867403314918 0.00859375 0.011049723756906077
0 0.18359375 0.26795580110497236 0.0078125 0.009944751381215469
3 0.40859375 0.32486187845303865 0.00859375 0.011049723756906077
10 0.2046875 0.43701657458563536 0.00859375 0.011049723756906077
0 0.22421875 0.3237569060773481 0.00859375 0.011049723756906077
0 0.44921875 0.9121546961325967 0.00859375 0.011049723756906077
10 0.162890625 0.24861878453038674 0.00859375 0.011049723756906077