10 0.891015625 0.7668508287292818 0.00859375 0.011049723756906077
9 0.18359375 0.8939226519337017 0.00859375 0.011049723756906077
10 0.90625 0.8055248618784531 0.00859375 0.011049723756906077
3 0.4078125 0.24972375690607734 0.00859375 0.011049723756906077
10 0.641796875 0.9585635359116023 0.00859375 0.011049723756906077
10 0.162890625 0.6204419889502762 0.00859375 0.011049723756906077
11 0.95546875 0.6928176795580111 0.00859375 0.011049723756906077
5 0.95546875 0.7303867403314918 0.00859375 0.011049723756906077
12 0.641015625 0.9204419889502763 0.00859375 0.011049723756906077
10 0.18359375 0.3430939226519337 0.00859375 0.011049723756906077
6 0.9703125 0.305524861878453 0.00859375 0.011049723756906077
10 0.896875 0.9613259668508287 0.00859375 0.011049723756906077
10 0.162890625 0.24861878453038674 0.00859375 0.011049723756906077
10 0.18359375 0.4552486187845304 0.00859375 0.011049723756906077