12 0.44921875 0.598342541436464 0.00859375 0.011049723756906077
7 0.225 0.4165745856353591 0.00859375 0.011049723756906077
0 0.204296875 0.6950276243093922 0.00859375 0.011049723756906077
10 0.97109375 0.7486187845303868 0.00859375 0.011049723756906077
1 0.18359375 0.4552486187845304 0.00859375 0.011049723756906077
0 0.1625 0.474585635359116 0.00859375 0.011049723756906077
4 0.4078125 0.8756906077348067 0.00859375 0.011049723756906077
10 0.1634765625 0.930939226519337 0.009765625 0.012154696132596685
10 0.204296875 0.36132596685082874 0.00859375 0.011049723756906077
10 0.891796875 0.48066298342541436 0.00859375 0.011049723756906077
0 0.18359375 0.3430939226519337 0.00859375 0.011049723756906077
0 0.4296875 0.6165745856353592 0.00859375 0.011049723756906077
0 0.89609375 0.9226519337016574 0.00859375 0.011049723756906077