10 0.9546875 0.5552486187845304 0.00859375 0.011049723756906077
7 0.182421875 0.2861878453038674 0.00859375 0.011049723756906077
10 0.906640625 0.26795580110497236 0.00859375 0.011049723756906077
0 0.428515625 0.7121546961325966 0.00859375 0.011049723756906077
10 0.1625 0.3983425414364641 0.00859375 0.011049723756906077
0 0.906640625 0.7497237569060774 0.00859375 0.011049723756906077
10 0.18359375 0.3806629834254144 0.00859375 0.011049723756906077
11 0.6421875 0.43480662983425417 0.00859375 0.011049723756906077
12 0.428515625 0.4176795580110497 0.00859375 0.011049723756906077
0 0.407421875 0.9519337016574586 0.00859375 0.011049723756906077
0 0.95546875 0.32486187845303865 0.00859375 0.011049723756906077
10 0.1634765625 0.930939226519337 0.009765625 0.012154696132596685
0 0.1625 0.7690607734806629 0.00859375 0.011049723756906077