10 0.2046875 0.24861878453038674 0.00859375 0.011049723756906077
0 0.428515625 0.6552486187845303 0.00859375 0.011049723756906077
10 0.1828125 0.30441988950276244 0.00859375 0.011049723756906077
1 0.44921875 0.2861878453038674 0.00859375 0.011049723756906077
0 0.1625 0.474585635359116 0.00859375 0.011049723756906077
10 0.956640625 0.5176795580110497 0.00859375 0.011049723756906077
0 0.1640625 0.6961325966850829 0.00859375 0.011049723756906077
11 0.9703125 0.5370165745856353 0.00859375 0.011049723756906077
5 0.95546875 0.32486187845303865 0.00859375 0.011049723756906077
11 0.204296875 0.30441988950276244 0.00859375 0.011049723756906077
0 0.891015625 0.6939226519337016 0.00859375 0.011049723756906077