7 0.428515625 0.26795580110497236 0.00859375 0.011049723756906077
10 0.204296875 0.5121546961325967 0.00859375 0.011049723756906077
0 0.40859375 0.598342541436464 0.00859375 0.011049723756906077
10 0.428515625 0.3430939226519337 0.00859375 0.011049723756906077
0 0.450390625 0.3602209944751381 0.00859375 0.011049723756906077
12 0.641796875 0.7701657458563536 0.00859375 0.011049723756906077
10 0.97109375 0.7486187845303868 0.00859375 0.011049723756906077
10 0.18359375 0.4552486187845304 0.00859375 0.011049723756906077
9 0.6421875 0.7337016574585635 0.00859375 0.011049723756906077
10 0.9703125 0.5370165745856353 0.00859375 0.011049723756906077
2 0.641796875 0.9585635359116023 0.00859375 0.011049723756906077
10 0.40859375 0.9110497237569061 0.00859375 0.011049723756906077
0 0.891796875 0.48066298342541436 0.00859375 0.011049723756906077
6 0.225 0.3430939226519337 0.00859375 0.011049723756906077