0 0.450390625 0.874585635359116 0.00859375 0.011049723756906077
0 0.162890625 0.8756906077348067 0.00859375 0.011049723756906077
1 0.641796875 0.9585635359116023 0.00859375 0.011049723756906077
10 0.204296875 0.36132596685082874 0.00859375 0.011049723756906077
0 0.641796875 0.2861878453038674 0.00859375 0.011049723756906077
10 0.9703125 0.5370165745856353 0.00859375 0.011049723756906077
9 0.1828125 0.30441988950276244 0.00859375 0.011049723756906077
11 0.891796875 0.5552486187845304 0.00859375 0.011049723756906077
0 0.9546875 0.5552486187845304 0.00859375 0.011049723756906077
0 0.641796875 0.4723756906077348 0.00859375 0.011049723756906077
0 0.225390625 0.3806629834254144 0.00859375 0.011049723756906077