10 0.225390625 0.3806629834254144 0.00859375 0.011049723756906077
10 0.204296875 0.7337016574585635 0.00859375 0.011049723756906077
10 0.225390625 0.7530386740331492 0.00859375 0.011049723756906077
11 0.204296875 0.36132596685082874 0.00859375 0.011049723756906077
0 0.4078125 0.6370165745856353 0.00859375 0.011049723756906077
10 0.8921875 0.3430939226519337 0.00859375 0.011049723756906077
6 0.225 0.4165745856353591 0.00859375 0.011049723756906077
2 0.40859375 0.7497237569060774 0.00859375 0.011049723756906077
10 0.225 0.3430939226519337 0.00859375 0.011049723756906077
10 0.9703125 0.5370165745856353 0.00859375 0.011049723756906077
10 0.1634765625 0.930939226519337 0.009765625 0.012154696132596685