10 0.94875 0.8904706565950029 0.0425 0.01801278326554329
0 0.44375 0.637129575828007 0.0425 0.01801278326554329
0 0.9445833333333333 0.1147588611272516 0.0425 0.01801278326554329
11 0.39458333333333334 0.9177803602556653 0.0425 0.01801278326554329
0 0.89625 0.7219639744334689 0.0425 0.01801278326554329
0 0.44958333333333333 0.8352701917489832 0.0425 0.01801278326554329
0 0.9470833333333334 0.689424753050552 0.0425 0.01801278326554329
6 0.9470833333333334 0.08396281231841952 0.0425 0.01801278326554329
10 0.44625 0.384369552585706 0.0425 0.01801278326554329
11 0.44625 0.35008715862870426 0.0425 0.01801278326554329
0 0.9470833333333334 0.7231260894828588 0.0425 0.01801278326554329
11 0.8945833333333333 0.6551423590935502 0.0425 0.01801278326554329
10 0.9470833333333334 0.6551423590935502 0.0425 0.01801278326554329
0 0.94875 0.4494479953515398 0.0425 0.01801278326554329
10 0.39458333333333334 0.8852411388727484 0.0425 0.01801278326554329