10 0.9470833333333334 0.689424753050552 0.0425 0.01801278326554329
3 0.89625 0.7219639744334689 0.0425 0.01801278326554329
0 0.39625 0.8346891342242883 0.0425 0.01801278326554329
10 0.8970833333333333 0.6905868680999419 0.0425 0.01801278326554329
1 0.44625 0.8864032539221383 0.0425 0.01801278326554329
10 0.4454166666666667 0.9177803602556653 0.0425 0.01801278326554329
10 0.9445833333333333 0.1147588611272516 0.0425 0.01801278326554329
11 0.94875 0.8904706565950029 0.0425 0.01801278326554329
10 0.4454166666666667 0.6016850668216154 0.0425 0.01801278326554329
0 0.94875 0.4494479953515398 0.0425 0.01801278326554329
8 0.3929166666666667 0.6022661243463103 0.0425 0.01801278326554329
0 0.44625 0.35008715862870426 0.0425 0.01801278326554329