10 0.44625 0.384369552585706 0.0425 0.01801278326554329
10 0.39208333333333334 0.6812899477048228 0.0425 0.01801278326554329
10 0.8970833333333333 0.6905868680999419 0.0425 0.01801278326554329
12 0.9470833333333334 0.689424753050552 0.0425 0.01801278326554329
0 0.39625 0.12289366647298082 0.0425 0.01801278326554329
0 0.94875 0.8904706565950029 0.0425 0.01801278326554329
11 0.3929166666666667 0.3832074375363161 0.0425 0.01801278326554329
6 0.89625 0.7219639744334689 0.0425 0.01801278326554329
10 0.4454166666666667 0.9177803602556653 0.0425 0.01801278326554329
11 0.44958333333333333 0.8352701917489832 0.0425 0.01801278326554329
10 0.3929166666666667 0.08977338756536897 0.0425 0.01801278326554329
12 0.94875 0.8544450900639163 0.0425 0.01801278326554329
10 0.8945833333333333 0.6551423590935502 0.0425 0.01801278326554329