10 0.9470833333333334 0.689424753050552 0.0425 0.01801278326554329
3 0.44625 0.8864032539221383 0.0425 0.01801278326554329
3 0.4454166666666667 0.15427077280650783 0.0425 0.01801278326554329
0 0.4454166666666667 0.9177803602556653 0.0425 0.01801278326554329
0 0.39625 0.8346891342242883 0.0425 0.01801278326554329
0 0.94875 0.8544450900639163 0.0425 0.01801278326554329
1 0.94875 0.4494479953515398 0.0425 0.01801278326554329
0 0.8945833333333333 0.6551423590935502 0.0425 0.01801278326554329
12 0.9470833333333334 0.7231260894828588 0.0425 0.01801278326554329
4 0.3929166666666667 0.4517722254503196 0.0425 0.01801278326554329
10 0.3929166666666667 0.08977338756536897 0.0425 0.01801278326554329