0 0.3929166666666667 0.6022661243463103 0.0425 0.01801278326554329
10 0.9470833333333334 0.6551423590935502 0.0425 0.01801278326554329
12 0.4479166666666667 0.12289366647298082 0.0425 0.01801278326554329
2 0.44708333333333333 0.09093550261475886 0.0425 0.01801278326554329
12 0.94875 0.4494479953515398 0.0425 0.01801278326554329
0 0.94875 0.8904706565950029 0.0425 0.01801278326554329
10 0.39458333333333334 0.9177803602556653 0.0425 0.01801278326554329
10 0.9479166666666666 0.29837303893085415 0.0425 0.01801278326554329
0 0.44625 0.8864032539221383 0.0425 0.01801278326554329
2 0.44625 0.41807088901801276 0.0425 0.01801278326554329
2 0.89625 0.7219639744334689 0.0425 0.01801278326554329
11 0.39208333333333334 0.6812899477048228 0.0425 0.01801278326554329
0 0.4454166666666667 0.6016850668216154 0.0425 0.01801278326554329
12 0.39458333333333334 0.8852411388727484 0.0425 0.01801278326554329