8 0.9066059225512528 0.34402173913043477 0.08200455580865604 0.03152173913043478
10 0.908883826879271 0.5592391304347826 0.08200455580865604 0.03152173913043478
10 0.9066059225512528 0.5929347826086957 0.08200455580865604 0.03152173913043478
0 0.9066059225512528 0.6559782608695652 0.08200455580865604 0.03152173913043478
11 0.4533029612756264 0.4418478260869565 0.08200455580865604 0.03152173913043478
12 0.4533029612756264 0.5407608695652174 0.08200455580865604 0.03152173913043478
10 0.44874715261959 0.5081521739130435 0.08200455580865604 0.03152173913043478
0 0.45558086560364464 0.30380434782608695 0.0774487471526196 0.014130434782608696
10 0.45558086560364464 0.4092391304347826 0.08200455580865604 0.03152173913043478
11 0.9066059225512528 0.8048913043478261 0.08200455580865604 0.03152173913043478
0 0.908883826879271 0.40706521739130436 0.08200455580865604 0.03152173913043478