1 0.4533029612756264 0.7559782608695652 0.08200455580865604 0.03152173913043478
1 0.9066059225512528 0.6885869565217392 0.08200455580865604 0.03152173913043478
0 0.9020501138952164 0.31032608695652175 0.08200455580865604 0.03152173913043478
0 0.9066059225512528 0.8048913043478261 0.08200455580865604 0.03152173913043478
10 0.45558086560364464 0.8233695652173914 0.08200455580865604 0.03152173913043478
4 0.4533029612756264 0.7885869565217392 0.08200455580865604 0.03152173913043478
10 0.9066059225512528 0.5929347826086957 0.08200455580865604 0.03152173913043478
10 0.45558086560364464 0.7233695652173913 0.08200455580865604 0.03152173913043478
10 0.9066059225512528 0.6255434782608695 0.08200455580865604 0.03152173913043478
0 0.45558086560364464 0.3766304347826087 0.08200455580865604 0.03152173913043478
4 0.4533029612756264 0.5722826086956522 0.08200455580865604 0.03152173913043478