0 0.7238219895287958 0.27824074074074073 0.013089005235602094 0.019444444444444445
11 0.9456806282722513 0.17222222222222222 0.014397905759162303 0.022222222222222223
0 0.7617801047120419 0.27824074074074073 0.013089005235602094 0.019444444444444445
10 0.725130890052356 0.19768518518518519 0.013089005235602094 0.019444444444444445
0 0.8723821989528796 0.38657407407407407 0.013089005235602094 0.019444444444444445
9 0.725130890052356 0.1162037037037037 0.013089005235602094 0.019444444444444445
10 0.7990837696335078 0.27824074074074073 0.013089005235602094 0.019444444444444445
0 0.40772251308900526 0.4375 0.013089005235602094 0.019444444444444445
10 0.7977748691099477 0.4125 0.013089005235602094 0.019444444444444445
0 0.8723821989528796 0.33287037037037037 0.013089005235602094 0.019444444444444445
10 0.9469895287958116 0.4148148148148148 0.014397905759162303 0.022222222222222223