1 0.8730366492146597 0.4097222222222222 0.013089005235602094 0.019444444444444445
10 0.9509162303664922 0.6282407407407408 0.013089005235602094 0.019444444444444445
10 0.7990837696335078 0.16805555555555557 0.013089005235602094 0.019444444444444445
11 0.7617801047120419 0.4125 0.013089005235602094 0.019444444444444445
0 0.8520942408376964 0.7893518518518519 0.013089005235602094 0.019444444444444445
7 0.762434554973822 0.19768518518518519 0.013089005235602094 0.019444444444444445
9 0.8887434554973822 0.7893518518518519 0.013089005235602094 0.019444444444444445
10 0.8717277486910995 0.46805555555555556 0.013089005235602094 0.019444444444444445
2 0.8520942408376964 0.6273148148148148 0.013089005235602094 0.019444444444444445
9 0.7977748691099477 0.4125 0.013089005235602094 0.019444444444444445
6 0.7997382198952879 0.38472222222222224 0.013089005235602094 0.019444444444444445
10 0.762434554973822 0.46620370370370373 0.013089005235602094 0.019444444444444445
10 0.8723821989528796 0.2523148148148148 0.013089005235602094 0.019444444444444445
0 0.7617801047120419 0.3837962962962963 0.013089005235602094 0.019444444444444445
11 0.9109947643979057 0.3597222222222222 0.013089005235602094 0.019444444444444445