12 0.9476439790575916 0.2 0.014397905759162303 0.022222222222222223
0 0.7990837696335078 0.27824074074074073 0.013089005235602094 0.019444444444444445
0 0.9096858638743456 0.22361111111111112 0.013089005235602094 0.019444444444444445
10 0.762434554973822 0.14212962962962963 0.013089005235602094 0.019444444444444445
3 0.725130890052356 0.1412037037037037 0.013089005235602094 0.019444444444444445
11 0.800392670157068 0.5208333333333334 0.013089005235602094 0.019444444444444445
2 0.887434554973822 0.6236111111111111 0.013089005235602094 0.019444444444444445
10 0.7637434554973822 0.22361111111111112 0.013089005235602094 0.019444444444444445
11 0.7990837696335078 0.16805555555555557 0.013089005235602094 0.019444444444444445
3 0.8514397905759162 0.7337962962962963 0.013089005235602094 0.019444444444444445
0 0.9476439790575916 0.30833333333333335 0.014397905759162303 0.022222222222222223
12 0.8520942408376964 0.7069444444444445 0.013089005235602094 0.019444444444444445
11 0.7984293193717278 0.3060185185185185 0.013089005235602094 0.019444444444444445