10 0.9116492146596858 0.33194444444444443 0.013089005235602094 0.019444444444444445
6 0.40772251308900526 0.4375 0.013089005235602094 0.019444444444444445
0 0.7886125654450262 0.7078703703703704 0.013089005235602094 0.019444444444444445
0 0.9103403141361257 0.19768518518518519 0.013089005235602094 0.019444444444444445
10 0.8730366492146597 0.36157407407407405 0.013089005235602094 0.019444444444444445
11 0.8887434554973822 0.763425925925926 0.013089005235602094 0.019444444444444445
0 0.9456806282722513 0.25 0.014397905759162303 0.022222222222222223
0 0.40903141361256545 0.5356481481481481 0.013089005235602094 0.019444444444444445
5 0.9509162303664922 0.6282407407407408 0.013089005235602094 0.019444444444444445
6 0.9096858638743456 0.25046296296296294 0.013089005235602094 0.019444444444444445
10 0.4083769633507853 0.6300925925925925 0.013089005235602094 0.019444444444444445
10 0.9502617801047121 0.7615740740740741 0.013089005235602094 0.019444444444444445
10 0.762434554973822 0.33101851851851855 0.013089005235602094 0.019444444444444445