10 0.7637434554973822 0.17083333333333334 0.013089005235602094 0.019444444444444445
0 0.7984293193717278 0.3060185185185185 0.013089005235602094 0.019444444444444445
0 0.9456806282722513 0.22407407407407406 0.014397905759162303 0.022222222222222223
5 0.7997382198952879 0.38472222222222224 0.013089005235602094 0.019444444444444445
11 0.8514397905759162 0.7337962962962963 0.013089005235602094 0.019444444444444445
12 0.8723821989528796 0.33287037037037037 0.013089005235602094 0.019444444444444445
1 0.9103403141361257 0.19768518518518519 0.013089005235602094 0.019444444444444445
0 0.7899214659685864 0.6541666666666667 0.013089005235602094 0.019444444444444445
10 0.762434554973822 0.46620370370370373 0.013089005235602094 0.019444444444444445
5 0.7990837696335078 0.3337962962962963 0.013089005235602094 0.019444444444444445
0 0.9509162303664922 0.6800925925925926 0.013089005235602094 0.019444444444444445
0 0.9476439790575916 0.38796296296296295 0.014397905759162303 0.022222222222222223
10 0.724476439790576 0.46805555555555556 0.013089005235602094 0.019444444444444445