0 0.17604712041884818 0.5347222222222222 0.013089005235602094 0.019444444444444445
10 0.762434554973822 0.33101851851851855 0.013089005235602094 0.019444444444444445
11 0.9096858638743456 0.38842592592592595 0.013089005235602094 0.019444444444444445
7 0.7238219895287958 0.7087962962962963 0.013089005235602094 0.019444444444444445
10 0.9096858638743456 0.22361111111111112 0.013089005235602094 0.019444444444444445
0 0.17801047120418848 0.6291666666666667 0.013089005235602094 0.019444444444444445
10 0.7984293193717278 0.44027777777777777 0.013089005235602094 0.019444444444444445
0 0.7257853403141361 0.7875 0.013089005235602094 0.019444444444444445
10 0.8893979057591623 0.6541666666666667 0.013089005235602094 0.019444444444444445
10 0.762434554973822 0.46620370370370373 0.013089005235602094 0.019444444444444445
10 0.8520942408376964 0.6273148148148148 0.013089005235602094 0.019444444444444445
0 0.7990837696335078 0.27824074074074073 0.013089005235602094 0.019444444444444445
12 0.8723821989528796 0.5217592592592593 0.013089005235602094 0.019444444444444445
10 0.8723821989528796 0.3050925925925926 0.013089005235602094 0.019444444444444445