0 0.9077225130890052 0.1439814814814815 0.013089005235602094 0.019444444444444445
11 0.8723821989528796 0.2523148148148148 0.013089005235602094 0.019444444444444445
0 0.7990837696335078 0.19675925925925927 0.013089005235602094 0.019444444444444445
4 0.724476439790576 0.22453703703703703 0.017015706806282723 0.019444444444444445
0 0.9103403141361257 0.4412037037037037 0.013089005235602094 0.019444444444444445
0 0.7257853403141361 0.7875 0.013089005235602094 0.019444444444444445
0 0.762434554973822 0.14212962962962963 0.013089005235602094 0.019444444444444445
10 0.8880890052356021 0.7106481481481481 0.013089005235602094 0.019444444444444445
0 0.8717277486910995 0.1986111111111111 0.013089005235602094 0.019444444444444445
10 0.8723821989528796 0.5217592592592593 0.013089005235602094 0.019444444444444445
12 0.7899214659685864 0.6541666666666667 0.013089005235602094 0.019444444444444445
0 0.9476439790575916 0.46944444444444444 0.014397905759162303 0.022222222222222223
11 0.9456806282722513 0.17222222222222222 0.014397905759162303 0.022222222222222223
0 0.724476439790576 0.25324074074074077 0.013089005235602094 0.019444444444444445