8 0.380859375 0.3984375 0.025390625 0.013671875
7 0.3427734375 0.5947265625 0.025390625 0.013671875
12 0.640625 0.74609375 0.025390625 0.013671875
3 0.861328125 0.6728515625 0.025390625 0.013671875
9 0.9169921875 0.5166015625 0.025390625 0.013671875
5 0.6259765625 0.2880859375 0.025390625 0.013671875
3 0.341796875 0.5478515625 0.025390625 0.013671875
10 0.9482421875 0.4921875 0.025390625 0.013671875
1 0.9169921875 0.701171875 0.025390625 0.013671875
6 0.916015625 0.748046875 0.025390625 0.013671875
6 0.8271484375 0.6484375 0.025390625 0.013671875
9 0.3427734375 0.701171875 0.025390625 0.013671875
8 0.404296875 0.5224609375 0.025390625 0.013671875
6 0.9169921875 0.6484375 0.025390625 0.013671875