12 0.640625 0.74609375 0.025390625 0.013671875
8 0.380859375 0.2822265625 0.025390625 0.013671875
4 0.6416015625 0.794921875 0.025390625 0.013671875
12 0.4501953125 0.3046875 0.025390625 0.013671875
0 0.9482421875 0.388671875 0.025390625 0.013671875
8 0.6416015625 0.6484375 0.025390625 0.013671875
1 0.3427734375 0.701171875 0.025390625 0.013671875
10 0.9169921875 0.6484375 0.025390625 0.013671875
10 0.6240234375 0.3828125 0.025390625 0.013671875
7 0.404296875 0.5224609375 0.025390625 0.013671875
12 0.826171875 0.4716796875 0.025390625 0.013671875
4 0.341796875 0.5478515625 0.025390625 0.013671875
12 0.947265625 0.7216796875 0.025390625 0.013671875
4 0.623046875 0.5205078125 0.025390625 0.013671875
10 0.67578125 0.7685546875 0.025390625 0.013671875