12 0.3427734375 0.498046875 0.025390625 0.013671875
10 0.8251953125 0.744140625 0.025390625 0.013671875
11 0.6416015625 0.697265625 0.025390625 0.013671875
6 0.9169921875 0.5166015625 0.025390625 0.013671875
5 0.9169921875 0.6484375 0.025390625 0.013671875
9 0.3427734375 0.5947265625 0.025390625 0.013671875
0 0.9482421875 0.29296875 0.025390625 0.013671875
5 0.341796875 0.5478515625 0.025390625 0.013671875
10 0.861328125 0.6728515625 0.025390625 0.013671875
0 0.67578125 0.7685546875 0.025390625 0.013671875
12 0.916015625 0.748046875 0.025390625 0.013671875