6 0.3447265625 0.6767578125 0.025390625 0.013671875
9 0.6416015625 0.697265625 0.025390625 0.013671875
0 0.404296875 0.4736328125 0.025390625 0.013671875
0 0.625 0.3359375 0.025390625 0.013671875
12 0.4033203125 0.572265625 0.025390625 0.013671875
12 0.8271484375 0.5185546875 0.025390625 0.013671875
4 0.3427734375 0.498046875 0.025390625 0.013671875
11 0.67578125 0.7685546875 0.025390625 0.013671875
3 0.404296875 0.5224609375 0.025390625 0.013671875
2 0.8271484375 0.6484375 0.025390625 0.013671875
4 0.916015625 0.4697265625 0.025390625 0.013671875