4 0.9291134185303515 0.18194600674915637 0.009984025559105431 0.011811023622047244
3 0.9784345047923323 0.8804836895388076 0.00878594249201278 0.012935883014623173
4 0.7917332268370607 0.37935883014623173 0.009984025559105431 0.011811023622047244
8 0.9376996805111821 0.9266029246344207 0.00878594249201278 0.012935883014623173
11 0.6751198083067093 0.6009561304836896 0.009984025559105431 0.011811023622047244
12 0.4910143769968051 0.30568053993250843 0.009984025559105431 0.011811023622047244
5 0.9380990415335463 0.8309898762654668 0.00878594249201278 0.012935883014623173
3 0.14516773162939298 0.4969066366704162 0.009984025559105431 0.011811023622047244
0 0.49181309904153353 0.5385264341957255 0.009984025559105431 0.011811023622047244
12 0.6619408945686901 0.9648481439820022 0.009984025559105431 0.011811023622047244
9 0.8029153354632588 0.44797525309336333 0.009984025559105431 0.011811023622047244
8 0.16114217252396165 0.8084926884139483 0.009984025559105431 0.011811023622047244
10 0.9287140575079872 0.34448818897637795 0.009984025559105431 0.011811023622047244
1 0.455870607028754 0.18644544431946006 0.009984025559105431 0.011811023622047244
7 0.14636581469648563 0.3219910011248594 0.009984025559105431 0.011811023622047244