3 0.7877396166134185 0.18082114735658042 0.009984025559105431 0.011811023622047244
11 0.6539536741214057 0.7162542182227222 0.009984025559105431 0.011811023622047244
8 0.47863418530351437 0.8658605174353206 0.009984025559105431 0.011811023622047244
2 0.8037140575079872 0.40129358830146233 0.009984025559105431 0.011811023622047244
0 0.6735223642172524 0.9417885264341957 0.009984025559105431 0.011811023622047244
7 0.45507188498402557 0.5137795275590551 0.009984025559105431 0.011811023622047244
7 0.14556709265175719 0.3838582677165354 0.009984025559105431 0.011811023622047244
0 0.792132587859425 0.42604049493813273 0.009984025559105431 0.011811023622047244
9 0.9303115015974441 0.53177727784027 0.009984025559105431 0.011811023622047244
8 0.1459664536741214 0.4738470191226097 0.009984025559105431 0.011811023622047244
6 0.4862220447284345 0.7275028121484814 0.009984025559105431 0.011811023622047244
12 0.3113019169329074 0.23312710911136109 0.009984025559105431 0.011811023622047244
11 0.3117012779552716 0.4423509561304837 0.009984025559105431 0.011811023622047244