12 0.4910143769968051 0.4204161979752531 0.009984025559105431 0.011811023622047244
9 0.9376996805111821 0.9266029246344207 0.00878594249201278 0.012935883014623173
12 0.9291134185303515 0.4620359955005624 0.009984025559105431 0.011811023622047244
1 0.30011980830670926 0.8394263217097863 0.009984025559105431 0.011811023622047244
5 0.1459664536741214 0.22919010123734535 0.009984025559105431 0.011811023622047244
12 0.6555511182108626 0.44797525309336333 0.009984025559105431 0.011811023622047244
8 0.8029153354632588 0.44797525309336333 0.009984025559105431 0.011811023622047244
11 0.6743210862619808 0.6240157480314961 0.009984025559105431 0.011811023622047244
5 0.9265175718849841 0.9502249718785152 0.00878594249201278 0.012935883014623173
0 0.29972044728434505 0.7944319460067492 0.009984025559105431 0.011811023622047244
10 0.7869408945686901 0.22581552305961755 0.009984025559105431 0.011811023622047244
11 0.9291134185303515 0.22862767154105737 0.009984025559105431 0.011811023622047244
6 0.14556709265175719 0.6183914510686164 0.009984025559105431 0.011811023622047244