4 0.7869408945686901 0.27249718785151855 0.009984025559105431 0.011811023622047244
11 0.9257188498402555 0.8101799775028121 0.00878594249201278 0.012935883014623173
1 0.9652555910543131 0.6920697412823397 0.00878594249201278 0.012935883014623173
0 0.14556709265175719 0.2516872890888639 0.009984025559105431 0.011811023622047244
2 0.4914137380191693 0.2567491563554556 0.009984025559105431 0.011811023622047244
0 0.674720447284345 0.5306524184476941 0.009984025559105431 0.011811023622047244
11 0.9644568690095847 0.7393138357705287 0.00878594249201278 0.012935883014623173
10 0.29972044728434505 0.7944319460067492 0.009984025559105431 0.011811023622047244
3 0.4854233226837061 0.6830708661417323 0.009984025559105431 0.011811023622047244
0 0.42671725239616615 0.8652980877390326 0.009984025559105431 0.011811023622047244
1 0.14636581469648563 0.6858830146231721 0.009984025559105431 0.011811023622047244
8 0.49181309904153353 0.5385264341957255 0.009984025559105431 0.011811023622047244