12 0.49181309904153353 0.5385264341957255 0.009984025559105431 0.011811023622047244
8 0.6615415335463258 0.920978627671541 0.009984025559105431 0.011811023622047244
3 0.45507188498402557 0.5137795275590551 0.009984025559105431 0.011811023622047244
12 0.45427316293929715 0.281496062992126 0.009984025559105431 0.011811023622047244
3 0.1459664536741214 0.20500562429696287 0.009984025559105431 0.011811023622047244
12 0.4914137380191693 0.2567491563554556 0.009984025559105431 0.011811023622047244
6 0.14556709265175719 0.2516872890888639 0.009984025559105431 0.011811023622047244
11 0.49221246006389774 0.2106299212598425 0.009984025559105431 0.011811023622047244
12 0.3101038338658147 0.37429696287964004 0.009984025559105431 0.011811023622047244
2 0.6751198083067093 0.6009561304836896 0.009984025559105431 0.011811023622047244
5 0.4910143769968051 0.30568053993250843 0.009984025559105431 0.011811023622047244
1 0.3109025559105431 0.5115298087739033 0.009984025559105431 0.011811023622047244
6 0.45507188498402557 0.234251968503937 0.009984025559105431 0.011811023622047244