0 0.28801719505642126 0.6063022019741837 0.017195056421278884 0.017463933181473046
0 0.28694250403009136 0.27145026575550496 0.017195056421278884 0.017463933181473046
6 0.47340139709833423 0.7839787395596052 0.017195056421278884 0.017463933181473046
12 0.9043524986566363 0.3838268792710706 0.017195056421278884 0.017463933181473046
11 0.4707146695325094 0.4832953682611997 0.017195056421278884 0.017463933181473046
11 0.800644814615798 0.7088078967350038 0.017195056421278884 0.017463933181473046
0 0.5889306824288018 0.44267274107820803 0.010746910263299301 0.016704631738800303
8 0.261687264911338 0.8409263477600607 0.017195056421278884 0.017463933181473046
8 0.7635679742074154 0.4054669703872437 0.010746910263299301 0.016704631738800303
12 0.7635679742074154 0.4533029612756264 0.010746910263299301 0.016704631738800303
3 0.26276195593766793 0.7619589977220956 0.017195056421278884 0.017463933181473046
7 0.7372380440623321 0.4263477600607441 0.017195056421278884 0.017463933181473046
0 0.738312735088662 0.5220197418375095 0.017195056421278884 0.017463933181473046
3 0.2262224610424503 0.6655277145026576 0.017195056421278884 0.017463933181473046
11 0.7619559376679205 0.5413819286256644 0.010746910263299301 0.016704631738800303