12 0.4707146695325094 0.4832953682611997 0.017195056421278884 0.017463933181473046
6 0.16872649113379903 0.6457858769931663 0.017195056421278884 0.017463933181473046
7 0.5583019881783987 0.5288534548215642 0.017195056421278884 0.017463933181473046
3 0.9043524986566363 0.3838268792710706 0.017195056421278884 0.017463933181473046
10 0.8017195056421279 0.8006833712984055 0.017195056421278884 0.017463933181473046
8 0.5142396560988716 0.6116173120728929 0.017195056421278884 0.017463933181473046
10 0.5577646426652337 0.7634776006074412 0.017195056421278884 0.017463933181473046
11 0.47178936055883935 0.5918754745634016 0.017195056421278884 0.017463933181473046
8 0.5577646426652337 0.4422930903568717 0.017195056421278884 0.017463933181473046
0 0.9253089736700698 0.31662870159453305 0.010746910263299301 0.016704631738800303
3 0.5873186458893068 0.48291571753986334 0.010746910263299301 0.016704631738800303