10 0.7646426652337452 0.2718299164768413 0.010746910263299301 0.016704631738800303
2 0.47178936055883935 0.5918754745634016 0.017195056421278884 0.017463933181473046
10 0.7635679742074154 0.49658314350797267 0.010746910263299301 0.016704631738800303
2 0.800644814615798 0.7566438876233865 0.017195056421278884 0.017463933181473046
4 0.7571198280494358 0.8728170083523159 0.017195056421278884 0.017463933181473046
10 0.9054271896829661 0.3375094912680334 0.017195056421278884 0.017463933181473046
11 0.5878559914024718 0.7198177676537585 0.010746910263299301 0.016704631738800303
11 0.28801719505642126 0.564540622627183 0.017195056421278884 0.017463933181473046
9 0.800107469102633 0.8477600607441154 0.017195056421278884 0.017463933181473046
11 0.7635679742074154 0.357630979498861 0.010746910263299301 0.016704631738800303
11 0.9247716281569048 0.4085041761579347 0.010746910263299301 0.016704631738800303
4 0.739387426114992 0.3823082763857251 0.017195056421278884 0.017463933181473046
3 0.5153143471252015 0.7194381169324222 0.017195056421278884 0.017463933181473046
6 0.2246104245029554 0.544039483675019 0.017195056421278884 0.017463933181473046
0 0.738312735088662 0.47494305239179957 0.017195056421278884 0.017463933181473046