7 0.7619559376679205 0.31662870159453305 0.010746910263299301 0.016704631738800303
2 0.738312735088662 0.47494305239179957 0.017195056421278884 0.017463933181473046
4 0.5577646426652337 0.4422930903568717 0.017195056421278884 0.017463933181473046
4 0.47340139709833423 0.7839787395596052 0.017195056421278884 0.017463933181473046
5 0.739387426114992 0.33675018982536065 0.017195056421278884 0.017463933181473046
10 0.5561526061257388 0.6996962794229309 0.017195056421278884 0.017463933181473046
12 0.261687264911338 0.8409263477600607 0.017195056421278884 0.017463933181473046
3 0.5583019881783987 0.4832953682611997 0.017195056421278884 0.017463933181473046
8 0.28694250403009136 0.2486712224753227 0.017195056421278884 0.017463933181473046
7 0.2262224610424503 0.6655277145026576 0.017195056421278884 0.017463933181473046
11 0.5910800644814616 0.9206529992406985 0.017195056421278884 0.017463933181473046