2 0.8575498575498576 0.35576148267526186 0.018233618233618232 0.016921837228041903
1 0.49002849002849 0.5572119258662369 0.018233618233618232 0.016921837228041903
9 0.6153846153846154 0.6804995970991137 0.018233618233618232 0.016921837228041903
7 0.45356125356125354 0.7006446414182111 0.018233618233618232 0.016921837228041903
11 0.19886039886039886 0.4371474617244158 0.018233618233618232 0.016921837228041903
11 0.0962962962962963 0.9609186140209508 0.018233618233618232 0.016921837228041903
10 0.9686609686609686 0.3920225624496374 0.018233618233618232 0.016921837228041903
10 0.7344729344729345 0.5531829170024174 0.018233618233618232 0.016921837228041903
10 0.6153846153846154 0.927880741337631 0.018233618233618232 0.016921837228041903
11 0.9692307692307692 0.19298952457695406 0.018233618233618232 0.016921837228041903
6 0.7350427350427351 0.24133763094278807 0.018233618233618232 0.016921837228041903
8 0.9692307692307692 0.6232876712328768 0.018233618233618232 0.016921837228041903
4 0.6148148148148148 0.5789685737308622 0.018233618233618232 0.016921837228041903