11 0.7356125356125356 0.34206285253827556 0.018233618233618232 0.016921837228041903
11 0.6153846153846154 0.8771152296535052 0.018233618233618232 0.016921837228041903
8 0.09743589743589744 0.4403706688154714 0.018233618233618232 0.016921837228041903
11 0.20056980056980056 0.701450443190975 0.018233618233618232 0.016921837228041903
11 0.7350427350427351 0.6555197421434327 0.018233618233618232 0.016921837228041903
4 0.8552706552706553 0.7989524576954069 0.018233618233618232 0.016921837228041903
12 0.2 0.17767929089443996 0.018233618233618232 0.016921837228041903
10 0.452991452991453 0.7997582594681708 0.018233618233618232 0.016921837228041903
9 0.19886039886039886 0.4371474617244158 0.018233618233618232 0.016921837228041903
4 0.6153846153846154 0.6804995970991137 0.018233618233618232 0.016921837228041903
8 0.8552706552706553 0.25825946817082995 0.018233618233618232 0.016921837228041903
9 0.30313390313390315 0.5701047542304593 0.018233618233618232 0.016921837228041903
3 0.3037037037037037 0.3098307816277196 0.018233618233618232 0.016921837228041903