5 0.19829059829059828 0.3098307816277196 0.018233618233618232 0.016921837228041903
0 0.2 0.17767929089443996 0.018233618233618232 0.016921837228041903
4 0.6153846153846154 0.7771958098307816 0.018233618233618232 0.016921837228041903
4 0.09515669515669516 0.3074133763094279 0.018233618233618232 0.016921837228041903
0 0.49173789173789173 0.6087832393231265 0.018233618233618232 0.016921837228041903
6 0.7333333333333333 0.3920225624496374 0.018233618233618232 0.016921837228041903
3 0.8575498575498576 0.8456889605157132 0.018233618233618232 0.016921837228041903
4 0.4547008547008547 0.8497179693795326 0.018233618233618232 0.016921837228041903
4 0.8535612535612536 0.7530217566478646 0.018233618233618232 0.016921837228041903
3 0.19886039886039886 0.830378726833199 0.018233618233618232 0.016921837228041903
6 0.8575498575498576 0.403303787268332 0.018233618233618232 0.016921837228041903
7 0.4603988603988604 0.13336019339242547 0.012535612535612535 0.015310233682514102
7 0.9686609686609686 0.5435132957292506 0.018233618233618232 0.016921837228041903