10 0.9692307692307692 0.19298952457695406 0.018233618233618232 0.016921837228041903
11 0.8552706552706553 0.7062852538275585 0.018233618233618232 0.016921837228041903
11 0.8552706552706553 0.9536663980660758 0.018233618233618232 0.016921837228041903
12 0.7344729344729345 0.443593875906527 0.018233618233618232 0.016921837228041903
1 0.7356125356125356 0.34206285253827556 0.018233618233618232 0.016921837228041903
7 0.8535612535612536 0.7530217566478646 0.018233618233618232 0.016921837228041903
3 0.30427350427350425 0.701450443190975 0.018233618233618232 0.016921837228041903
10 0.09515669515669516 0.3074133763094279 0.018233618233618232 0.016921837228041903
5 0.6153846153846154 0.927880741337631 0.018233618233618232 0.016921837228041903
10 0.8552706552706553 0.25825946817082995 0.018233618233618232 0.016921837228041903
10 0.9675213675213675 0.34206285253827556 0.018233618233618232 0.016921837228041903