8 0.9731543624161074 0.32562277580071175 0.008389261744966443 0.013048635824436536
4 0.6031879194630873 0.8404507710557533 0.008389261744966443 0.013048635824436536
5 0.2516778523489933 0.6672597864768683 0.008389261744966443 0.013048635824436536
0 0.19546979865771813 0.6838671411625148 0.008389261744966443 0.013048635824436536
9 0.2902684563758389 0.2959667852906287 0.008389261744966443 0.013048635824436536
11 0.6031879194630873 0.9460260972716489 0.008389261744966443 0.013048635824436536
0 0.9714765100671141 0.28647686832740216 0.008389261744966443 0.013048635824436536
0 0.20469798657718122 0.34934756820877816 0.008389261744966443 0.013048635824436536
1 0.8070469798657718 0.6589561091340451 0.008389261744966443 0.013048635824436536
10 0.5419463087248322 0.46441281138790036 0.008389261744966443 0.013048635824436536
6 0.22651006711409397 0.7016607354685647 0.008389261744966443 0.013048635824436536
3 0.5671140939597316 0.4288256227758007 0.008389261744966443 0.013048635824436536
8 0.8968120805369127 0.11684460260972716 0.008389261744966443 0.013048635824436536
0 0.19546979865771813 0.7218268090154211 0.008389261744966443 0.013048635824436536
2 0.22986577181208054 0.33155397390272834 0.008389261744966443 0.013048635824436536