0 0.5608732157850546 0.2277580071174377 0.010075566750629723 0.014234875444839857
9 0.6087321578505458 0.17319098457888493 0.010075566750629723 0.014234875444839857
7 0.5071368597816961 0.3902728351126928 0.010075566750629723 0.014234875444839857
1 0.6221662468513854 0.17437722419928825 0.010075566750629723 0.014234875444839857
8 0.023089840470193114 0.18861209964412812 0.014273719563392108 0.018979833926453145
2 0.023089840470193114 0.46144721233689207 0.01595298068849706 0.02372479240806643
4 0.5205709487825357 0.17319098457888493 0.010075566750629723 0.014234875444839857
12 0.1809403862300588 0.2918149466192171 0.01595298068849706 0.02372479240806643
12 0.6087321578505458 0.2265717674970344 0.010075566750629723 0.014234875444839857
7 0.17170445004198154 0.3428232502965599 0.009235936188077247 0.009489916963226572
8 0.5734676742233418 0.17319098457888493 0.010075566750629723 0.014234875444839857
6 0.013853904282115869 0.8030842230130486 0.009235936188077247 0.009489916963226572