8 0.9731543624161074 0.3766310794780546 0.008389261744966443 0.013048635824436536
0 0.23657718120805368 0.5391459074733096 0.008389261744966443 0.013048635824436536
11 0.2600671140939597 0.2781731909845789 0.008389261744966443 0.013048635824436536
0 0.9672818791946308 0.46322657176749704 0.008389261744966443 0.013048635824436536
4 0.9748322147651006 0.7040332147093713 0.008389261744966443 0.013048635824436536
11 0.8070469798657718 0.6589561091340451 0.008389261744966443 0.013048635824436536
0 0.6031879194630873 0.9294187425860023 0.008389261744966443 0.013048635824436536
0 0.5679530201342282 0.3956109134045077 0.008389261744966443 0.013048635824436536
6 0.5679530201342282 0.48102016607354686 0.008389261744966443 0.013048635824436536
7 0.30201342281879195 0.8641755634638197 0.008389261744966443 0.013048635824436536
10 0.9714765100671141 0.28647686832740216 0.008389261744966443 0.013048635824436536
12 0.8145973154362416 0.8938315539739027 0.008389261744966443 0.013048635824436536
2 0.9471476510067114 0.34104389086595494 0.008389261744966443 0.013048635824436536
0 0.22902684563758388 0.36595492289442466 0.008389261744966443 0.013048635824436536
10 0.8296979865771812 0.9092526690391459 0.008389261744966443 0.013048635824436536