2 0.46308724832214765 0.1785290628706999 0.008389261744966443 0.013048635824436536
3 0.9731543624161074 0.32562277580071175 0.008389261744966443 0.013048635824436536
9 0.8305369127516778 0.8938315539739027 0.008389261744966443 0.013048635824436536
10 0.8296979865771812 0.9092526690391459 0.008389261744966443 0.013048635824436536
12 0.613255033557047 0.18090154211150652 0.008389261744966443 0.013048635824436536
10 0.6057046979865772 0.6625148279952551 0.008389261744966443 0.013048635824436536
12 0.5679530201342282 0.3956109134045077 0.008389261744966443 0.013048635824436536
9 0.6031879194630873 0.965005931198102 0.008389261744966443 0.013048635824436536
10 0.5419463087248322 0.46441281138790036 0.008389261744966443 0.013048635824436536
3 0.30201342281879195 0.8463819691577699 0.008389261744966443 0.013048635824436536
7 0.5176174496644296 0.44661921708185054 0.008389261744966443 0.013048635824436536
4 0.5419463087248322 0.4833926453143535 0.008389261744966443 0.013048635824436536
10 0.20469798657718122 0.34934756820877816 0.008389261744966443 0.013048635824436536