0 0.5205709487825357 0.1376037959667853 0.010075566750629723 0.014234875444839857
7 0.5734676742233418 0.1376037959667853 0.010075566750629723 0.014234875444839857
8 0.5608732157850546 0.1376037959667853 0.010075566750629723 0.014234875444839857
0 0.6087321578505458 0.15658362989323843 0.010075566750629723 0.014234875444839857
9 0.5734676742233418 0.17319098457888493 0.010075566750629723 0.014234875444839857
10 0.5205709487825357 0.1542111506524318 0.010075566750629723 0.014234875444839857
9 0.6087321578505458 0.24673784104389088 0.010075566750629723 0.014234875444839857
10 0.5197313182199832 0.265717674970344 0.010075566750629723 0.014234875444839857
6 0.021410579345088162 0.6144721233689205 0.01595298068849706 0.02372479240806643
3 0.5734676742233418 0.265717674970344 0.010075566750629723 0.014234875444839857
4 0.6087321578505458 0.2111506524317912 0.010075566750629723 0.014234875444839857
4 0.1801007556675063 0.6132858837485172 0.01595298068849706 0.02372479240806643
9 0.5734676742233418 0.2823250296559905 0.010075566750629723 0.014234875444839857