4 0.495000806321561 0.24629418472063855 0.007901951298177712 0.013683010262257697
8 0.6148201902918884 0.33238312428734323 0.007901951298177712 0.013683010262257697
0 0.6146589259796807 0.3922462941847206 0.007901951298177712 0.013683010262257697
11 0.4780680535397517 0.2460091220068415 0.007901951298177712 0.013683010262257697
3 0.8222060957910015 0.1781641961231471 0.007901951298177712 0.013683010262257697
8 0.3087405257216578 0.2870581527936146 0.007901951298177712 0.013683010262257697
10 0.49580712788259956 0.36801596351197263 0.007901951298177712 0.013683010262257697
0 0.5262860828898565 0.3070125427594071 0.007901951298177712 0.013683010262257697
0 0.48774391227221414 0.604903078677309 0.007901951298177712 0.013683010262257697
10 0.32277052088372843 0.6088939566704675 0.007901951298177712 0.013683010262257697
7 0.12280277374616998 0.2750855188141391 0.007901951298177712 0.013683010262257697
8 0.7643122077084341 0.7408779931584949 0.007901951298177712 0.013683010262257697