2 0.6942702394526796 0.3725806451612903 0.016818700114025087 0.01935483870967742
9 0.7363169897377423 0.8459677419354839 0.013112884834663626 0.01935483870967742
0 0.08338084378563283 0.6838709677419355 0.033352337514253136 0.020967741935483872
11 0.8978050171037628 0.6201612903225806 0.02708095781071836 0.02338709677419355
12 0.5276510832383124 0.964516129032258 0.013112884834663626 0.01935483870967742
0 0.34763397947548463 0.697983870967742 0.016818700114025087 0.01935483870967742
6 0.5389110604332953 0.6366935483870968 0.016818700114025087 0.01935483870967742
8 0.34806157354618017 0.6709677419354839 0.01767388825541619 0.01935483870967742
9 0.7363169897377423 0.9604838709677419 0.013112884834663626 0.01935483870967742
11 0.7202109464082098 0.6201612903225806 0.02708095781071836 0.02338709677419355
5 0.7363169897377423 0.932258064516129 0.013112884834663626 0.01935483870967742
0 0.9370011402508552 0.8455645161290323 0.013112884834663626 0.01935483870967742