6 0.5734676742233418 0.1376037959667853 0.010075566750629723 0.014234875444839857
12 0.5188916876574308 0.34519572953736655 0.010075566750629723 0.014234875444839857
2 0.17170445004198154 0.3428232502965599 0.009235936188077247 0.009489916963226572
2 0.021410579345088162 0.6144721233689205 0.01595298068849706 0.02372479240806643
2 0.025608732157850547 0.9395017793594306 0.01595298068849706 0.02372479240806643
6 0.5071368597816961 0.3902728351126928 0.010075566750629723 0.014234875444839857
9 0.17338371116708648 0.5183867141162515 0.009235936188077247 0.009489916963226572
0 0.6087321578505458 0.2265717674970344 0.010075566750629723 0.014234875444839857
10 0.5734676742233418 0.15658362989323843 0.010075566750629723 0.014234875444839857
0 0.5071368597816961 0.2111506524317912 0.010075566750629723 0.014234875444839857
12 0.17170445004198154 0.3701067615658363 0.009235936188077247 0.009489916963226572
6 0.5071368597816961 0.36061684460260973 0.010075566750629723 0.014234875444839857
8 0.5734676742233418 0.17319098457888493 0.010075566750629723 0.014234875444839857