12 0.5071368597816961 0.34519572953736655 0.010075566750629723 0.014234875444839857
6 0.5734676742233418 0.19217081850533807 0.010075566750629723 0.014234875444839857
6 0.5205709487825357 0.1542111506524318 0.010075566750629723 0.014234875444839857
5 0.17170445004198154 0.3570581257413998 0.009235936188077247 0.009489916963226572
3 0.6087321578505458 0.24673784104389088 0.010075566750629723 0.014234875444839857
7 0.17170445004198154 0.3701067615658363 0.009235936188077247 0.009489916963226572
0 0.1809403862300588 0.465005931198102 0.01595298068849706 0.02372479240806643
1 0.5071368597816961 0.15776986951364175 0.010075566750629723 0.014234875444839857
7 0.5734676742233418 0.2823250296559905 0.010075566750629723 0.014234875444839857
5 0.5608732157850546 0.26334519572953735 0.010075566750629723 0.014234875444839857
11 0.17506297229219145 0.5029655990510083 0.009235936188077247 0.009489916963226572
6 0.5608732157850546 0.2277580071174377 0.010075566750629723 0.014234875444839857
8 0.5566750629722922 0.5088967971530249 0.010075566750629723 0.014234875444839857
2 0.6221662468513854 0.2823250296559905 0.010075566750629723 0.014234875444839857
7 0.17338371116708648 0.5183867141162515 0.009235936188077247 0.009489916963226572