7 0.3419609740364457 0.36801596351197263 0.007901951298177712 0.013683010262257697
4 0.3259958071278826 0.4885974914481186 0.007901951298177712 0.013683010262257697
1 0.32277052088372843 0.6088939566704675 0.007901951298177712 0.013683010262257697
12 0.8380099983873569 0.87115165336374 0.007901951298177712 0.013683010262257697
6 0.7510885341074021 0.8480615735461802 0.007901951298177712 0.013683010262257697
8 0.3261570714400903 0.32639680729760545 0.007901951298177712 0.013683010262257697
3 0.5275761973875182 0.81442417331813 0.007901951298177712 0.013683010262257697
3 0.49548459925818417 0.2671037628278221 0.007901951298177712 0.013683010262257697
3 0.28309950008063217 0.935860889395667 0.007901951298177712 0.013683010262257697
6 0.3261570714400903 0.30758266818700114 0.007901951298177712 0.013683010262257697
9 0.3259958071278826 0.34806157354618017 0.007901951298177712 0.013683010262257697
11 0.3529269472665699 0.8004561003420753 0.007901951298177712 0.013683010262257697