11 0.6031879194630873 0.9460260972716489 0.008389261744966443 0.013048635824436536
3 0.947986577181208 0.32443653618030843 0.008389261744966443 0.013048635824436536
10 0.947986577181208 0.3066429418742586 0.008389261744966443 0.013048635824436536
9 0.20469798657718122 0.24258600237247924 0.008389261744966443 0.013048635824436536
7 0.22651006711409397 0.666073546856465 0.008389261744966443 0.013048635824436536
10 0.4773489932885906 0.6969157769869514 0.008389261744966443 0.013048635824436536
3 0.5419463087248322 0.5 0.008389261744966443 0.013048635824436536
12 0.8968120805369127 0.13345195729537365 0.008389261744966443 0.013048635824436536
4 0.9723154362416108 0.3066429418742586 0.008389261744966443 0.013048635824436536
0 0.14513422818791946 0.8938315539739027 0.008389261744966443 0.013048635824436536
2 0.7550335570469798 0.3766310794780546 0.008389261744966443 0.013048635824436536
2 0.613255033557047 0.1631079478054567 0.008389261744966443 0.013048635824436536