0 0.021410579345088162 0.6144721233689205 0.01595298068849706 0.02372479240806643
8 0.5205709487825357 0.1542111506524318 0.010075566750629723 0.014234875444839857
8 0.5608732157850546 0.2277580071174377 0.010075566750629723 0.014234875444839857
3 0.17338371116708648 0.5183867141162515 0.009235936188077247 0.009489916963226572
11 0.6221662468513854 0.2823250296559905 0.010075566750629723 0.014234875444839857
12 0.5071368597816961 0.3902728351126928 0.010075566750629723 0.014234875444839857
0 0.013853904282115869 0.8030842230130486 0.009235936188077247 0.009489916963226572
12 0.17506297229219145 0.5029655990510083 0.009235936188077247 0.009489916963226572
9 0.5079764903442485 0.2669039145907473 0.010075566750629723 0.014234875444839857
12 0.5617128463476071 0.19217081850533807 0.010075566750629723 0.014234875444839857
6 0.014693534844668345 0.49940688018979834 0.009235936188077247 0.009489916963226572