1 0.9370011402508552 0.8455645161290323 0.013112884834663626 0.01935483870967742
8 0.34806157354618017 0.6709677419354839 0.01767388825541619 0.01935483870967742
10 0.34763397947548463 0.697983870967742 0.016818700114025087 0.01935483870967742
11 0.30273660205245156 0.8358870967741936 0.013112884834663626 0.01935483870967742
6 0.2782212086659065 0.8959677419354839 0.013112884834663626 0.01935483870967742
10 0.512115165336374 0.3443548387096774 0.016818700114025087 0.01935483870967742
1 0.8718643101482326 0.3556451612903226 0.016818700114025087 0.01935483870967742
0 0.27765108323831245 0.8673387096774193 0.013112884834663626 0.01935483870967742
0 0.27765108323831245 0.8391129032258065 0.013112884834663626 0.01935483870967742
10 0.2127993158494869 0.6838709677419355 0.033352337514253136 0.020967741935483872
12 0.34734891676168755 0.6427419354838709 0.016248574686431014 0.01532258064516129
2 0.5034207525655644 0.9153225806451613 0.013112884834663626 0.01935483870967742
12 0.08338084378563283 0.6838709677419355 0.033352337514253136 0.020967741935483872
12 0.7363169897377423 0.8754032258064516 0.013112884834663626 0.01935483870967742
2 0.511259977194983 0.3717741935483871 0.016818700114025087 0.01935483870967742