4 0.2127993158494869 0.6838709677419355 0.033352337514253136 0.020967741935483872
7 0.7202109464082098 0.6201612903225806 0.02708095781071836 0.02338709677419355
12 0.6948403648802737 0.3439516129032258 0.016818700114025087 0.01935483870967742
5 0.34806157354618017 0.6709677419354839 0.01767388825541619 0.01935483870967742
10 0.8718643101482326 0.3556451612903226 0.016818700114025087 0.01935483870967742
1 0.5389110604332953 0.6366935483870968 0.016818700114025087 0.01935483870967742
3 0.7363169897377423 0.8459677419354839 0.013112884834663626 0.01935483870967742
12 0.5034207525655644 0.8887096774193548 0.013112884834663626 0.01935483870967742
7 0.5028506271379704 0.8387096774193549 0.013112884834663626 0.01935483870967742
3 0.8978050171037628 0.6201612903225806 0.02708095781071836 0.02338709677419355
9 0.5025655644241733 0.9641129032258065 0.013112884834663626 0.01935483870967742
9 0.27765108323831245 0.8391129032258065 0.013112884834663626 0.01935483870967742