2 0.15279793581680373 0.27394526795895097 0.007901951298177712 0.013683010262257697
3 0.5291888405095952 0.6895667046750285 0.007901951298177712 0.013683010262257697
7 0.4779067892275439 0.44783352337514254 0.007901951298177712 0.013683010262257697
9 0.3414771810998226 0.4284492588369441 0.007901951298177712 0.013683010262257697
7 0.9271891630382196 0.17759407069555302 0.007901951298177712 0.013683010262257697
6 0.3527656829543622 0.6359749144811858 0.007901951298177712 0.013683010262257697
10 0.3259958071278826 0.36801596351197263 0.007901951298177712 0.013683010262257697
10 0.7178680857926141 0.17930444697833522 0.007901951298177712 0.013683010262257697
10 0.6156265118529269 0.5057012542759407 0.007901951298177712 0.013683010262257697
4 0.3419609740364457 0.36801596351197263 0.007901951298177712 0.013683010262257697
10 0.513223673601032 0.6345496009122007 0.007901951298177712 0.013683010262257697
12 0.4779067892275439 0.4284492588369441 0.007901951298177712 0.013683010262257697