6 0.34734891676168755 0.6427419354838709 0.016248574686431014 0.01532258064516129
10 0.9370011402508552 0.8455645161290323 0.013112884834663626 0.01935483870967742
5 0.7202109464082098 0.6201612903225806 0.02708095781071836 0.02338709677419355
12 0.6934150513112884 0.3157258064516129 0.016818700114025087 0.01935483870967742
0 0.5285062713797035 0.8641129032258065 0.013112884834663626 0.01935483870967742
11 0.7363169897377423 0.8754032258064516 0.013112884834663626 0.01935483870967742
10 0.2127993158494869 0.6838709677419355 0.033352337514253136 0.020967741935483872
4 0.5276510832383124 0.8387096774193549 0.013112884834663626 0.01935483870967742
9 0.7363169897377423 0.932258064516129 0.013112884834663626 0.01935483870967742
12 0.34806157354618017 0.6709677419354839 0.01767388825541619 0.01935483870967742
9 0.6942702394526796 0.3725806451612903 0.016818700114025087 0.01935483870967742
12 0.5034207525655644 0.9153225806451613 0.013112884834663626 0.01935483870967742
4 0.9372862029646523 0.9358870967741936 0.013112884834663626 0.01935483870967742
12 0.6948403648802737 0.3439516129032258 0.016818700114025087 0.01935483870967742