7 0.3087405257216578 0.44811858608893956 0.007901951298177712 0.013683010262257697
11 0.789308176100629 0.765678449258837 0.007901951298177712 0.013683010262257697
8 0.30777293984841153 0.854618015963512 0.007901951298177712 0.013683010262257697
9 0.3084179970972424 0.24629418472063855 0.007901951298177712 0.013683010262257697
4 0.6148201902918884 0.4475484606613455 0.007901951298177712 0.013683010262257697
11 0.6007901951298178 0.669612314709236 0.007901951298177712 0.013683010262257697
9 0.33760683760683763 0.6636259977194983 0.007901951298177712 0.013683010262257697
2 0.49564586357039186 0.32867730900798175 0.007901951298177712 0.013683010262257697
12 0.3264796000645057 0.46864310148232613 0.007901951298177712 0.013683010262257697
5 0.48774391227221414 0.604903078677309 0.007901951298177712 0.013683010262257697
8 0.4779067892275439 0.36801596351197263 0.007901951298177712 0.013683010262257697
8 0.3084179970972424 0.42873432155074115 0.007901951298177712 0.013683010262257697
6 0.3259958071278826 0.4278791334093501 0.007901951298177712 0.013683010262257697
4 0.0870020964360587 0.7166476624857469 0.007901951298177712 0.013683010262257697