0 0.19463087248322147 0.702846975088968 0.008389261744966443 0.013048635824436536
0 0.9748322147651006 0.7040332147093713 0.008389261744966443 0.013048635824436536
12 0.462248322147651 0.23309608540925267 0.008389261744966443 0.013048635824436536
6 0.9672818791946308 0.46322657176749704 0.008389261744966443 0.013048635824436536
2 0.5167785234899329 0.41340450771055753 0.008389261744966443 0.013048635824436536
12 0.25083892617449666 0.7372479240806643 0.008389261744966443 0.013048635824436536
0 0.2516778523489933 0.6838671411625148 0.008389261744966443 0.013048635824436536
5 0.22902684563758388 0.2615658362989324 0.008389261744966443 0.013048635824436536
5 0.22902684563758388 0.2959667852906287 0.008389261744966443 0.013048635824436536
10 0.947986577181208 0.32443653618030843 0.008389261744966443 0.013048635824436536
5 0.47651006711409394 0.6447212336892052 0.008389261744966443 0.013048635824436536
5 0.6031879194630873 0.8404507710557533 0.008389261744966443 0.013048635824436536