12 0.6221662468513854 0.15658362989323843 0.010075566750629723 0.014234875444839857
12 0.6095717884130982 0.2846975088967972 0.010075566750629723 0.014234875444839857
9 0.17338371116708648 0.8232502965599051 0.009235936188077247 0.009489916963226572
4 0.5566750629722922 0.34638196915776986 0.010075566750629723 0.014234875444839857
9 0.5079764903442485 0.1376037959667853 0.010075566750629723 0.014234875444839857
2 0.6087321578505458 0.2111506524317912 0.010075566750629723 0.014234875444839857
3 0.5205709487825357 0.1542111506524318 0.010075566750629723 0.014234875444839857
6 0.6087321578505458 0.24673784104389088 0.010075566750629723 0.014234875444839857
8 0.5205709487825357 0.17319098457888493 0.010075566750629723 0.014234875444839857
7 0.1809403862300588 0.2918149466192171 0.01595298068849706 0.02372479240806643
1 0.18261964735516373 0.19098457888493475 0.01595298068849706 0.02372479240806643
10 0.5734676742233418 0.15658362989323843 0.010075566750629723 0.014234875444839857
12 0.5617128463476071 0.19217081850533807 0.010075566750629723 0.014234875444839857