10 0.8070469798657718 0.5498220640569395 0.008389261744966443 0.013048635824436536
7 0.462248322147651 0.23309608540925267 0.008389261744966443 0.013048635824436536
1 0.4773489932885906 0.6281138790035588 0.008389261744966443 0.013048635824436536
6 0.8078859060402684 0.7265717674970344 0.008389261744966443 0.013048635824436536
10 0.9723154362416108 0.3066429418742586 0.008389261744966443 0.013048635824436536
5 0.22902684563758388 0.2959667852906287 0.008389261744966443 0.013048635824436536
5 0.8733221476510067 0.09786476868327403 0.008389261744966443 0.013048635824436536
6 0.22902684563758388 0.2781731909845789 0.008389261744966443 0.013048635824436536
3 0.7986577181208053 0.3766310794780546 0.008389261744966443 0.013048635824436536
1 0.8733221476510067 0.14768683274021352 0.008389261744966443 0.013048635824436536
1 0.5167785234899329 0.48102016607354686 0.008389261744966443 0.013048635824436536
0 0.2600671140939597 0.33155397390272834 0.008389261744966443 0.013048635824436536
5 0.6048657718120806 0.6091340450771056 0.008389261744966443 0.013048635824436536
2 0.46308724832214765 0.1785290628706999 0.008389261744966443 0.013048635824436536