4 0.5276510832383124 0.9395161290322581 0.013112884834663626 0.01935483870967742
10 0.7363169897377423 0.932258064516129 0.013112884834663626 0.01935483870967742
9 0.512115165336374 0.3443548387096774 0.016818700114025087 0.01935483870967742
10 0.5276510832383124 0.964516129032258 0.013112884834663626 0.01935483870967742
10 0.51154503990878 0.3153225806451613 0.016818700114025087 0.01935483870967742
6 0.4847491448118586 0.6391129032258065 0.016818700114025087 0.01935483870967742
4 0.6948403648802737 0.3439516129032258 0.016818700114025087 0.01935483870967742
10 0.5034207525655644 0.8887096774193548 0.013112884834663626 0.01935483870967742
10 0.7202109464082098 0.6201612903225806 0.02708095781071836 0.02338709677419355
3 0.2127993158494869 0.6838709677419355 0.033352337514253136 0.020967741935483872
2 0.7363169897377423 0.8459677419354839 0.013112884834663626 0.01935483870967742