9 0.34734891676168755 0.6427419354838709 0.016248574686431014 0.01532258064516129
5 0.7202109464082098 0.6201612903225806 0.02708095781071836 0.02338709677419355
10 0.7363169897377423 0.9032258064516129 0.013112884834663626 0.01935483870967742
0 0.5276510832383124 0.9141129032258064 0.013112884834663626 0.01935483870967742
0 0.9370011402508552 0.8455645161290323 0.013112884834663626 0.01935483870967742
2 0.2782212086659065 0.8959677419354839 0.013112884834663626 0.01935483870967742
11 0.512115165336374 0.3443548387096774 0.016818700114025087 0.01935483870967742
8 0.5028506271379704 0.8387096774193549 0.013112884834663626 0.01935483870967742
5 0.08338084378563283 0.6838709677419355 0.033352337514253136 0.020967741935483872
12 0.2127993158494869 0.6838709677419355 0.033352337514253136 0.020967741935483872
7 0.6942702394526796 0.3725806451612903 0.016818700114025087 0.01935483870967742
10 0.5285062713797035 0.8641129032258065 0.013112884834663626 0.01935483870967742
3 0.7363169897377423 0.8459677419354839 0.013112884834663626 0.01935483870967742
6 0.5276510832383124 0.8387096774193549 0.013112884834663626 0.01935483870967742