6 0.5276510832383124 0.8879032258064516 0.013112884834663626 0.01935483870967742
10 0.8978050171037628 0.6201612903225806 0.02708095781071836 0.02338709677419355
0 0.512115165336374 0.3443548387096774 0.016818700114025087 0.01935483870967742
8 0.511259977194983 0.3717741935483871 0.016818700114025087 0.01935483870967742
8 0.30188141391106044 0.8955645161290322 0.013112884834663626 0.01935483870967742
0 0.5276510832383124 0.9395161290322581 0.013112884834663626 0.01935483870967742
7 0.5276510832383124 0.964516129032258 0.013112884834663626 0.01935483870967742
12 0.08338084378563283 0.6838709677419355 0.033352337514253136 0.020967741935483872
2 0.5034207525655644 0.9153225806451613 0.013112884834663626 0.01935483870967742
4 0.8710091220068416 0.2979838709677419 0.016818700114025087 0.01935483870967742
9 0.5276510832383124 0.9141129032258064 0.013112884834663626 0.01935483870967742
0 0.27765108323831245 0.8673387096774193 0.013112884834663626 0.01935483870967742
8 0.6942702394526796 0.3725806451612903 0.016818700114025087 0.01935483870967742
6 0.5034207525655644 0.8887096774193548 0.013112884834663626 0.01935483870967742