4 0.5566104078762306 0.4635416666666667 0.009142053445850914 0.012152777777777778
12 0.30063291139240506 0.86328125 0.009142053445850914 0.014756944444444444
11 0.3020393811533052 0.7877604166666666 0.009142053445850914 0.014756944444444444
4 0.26476793248945146 0.4778645833333333 0.009142053445850914 0.014756944444444444
12 0.5559071729957806 0.8255208333333334 0.009142053445850914 0.012152777777777778
8 0.5559071729957806 0.9192708333333334 0.009142053445850914 0.012152777777777778
0 0.5566104078762306 0.6892361111111112 0.009142053445850914 0.012152777777777778
0 0.5559071729957806 0.1605902777777778 0.009142053445850914 0.012152777777777778
8 0.5559071729957806 0.1831597222222222 0.009142053445850914 0.012152777777777778
4 0.5552039381153305 0.8046875 0.009142053445850914 0.012152777777777778
2 0.5552039381153305 0.7847222222222222 0.009142053445850914 0.012152777777777778
0 0.2633614627285513 0.5794270833333334 0.009142053445850914 0.014756944444444444
0 0.5580168776371308 0.4852430555555556 0.009142053445850914 0.012152777777777778