7 0.30063291139240506 0.8381076388888888 0.009142053445850914 0.014756944444444444
4 0.5566104078762306 0.4375 0.009142053445850914 0.012152777777777778
11 0.22749648382559776 0.4778645833333333 0.009142053445850914 0.014756944444444444
9 0.2795358649789029 0.1449652777777778 0.009142053445850914 0.012152777777777778
6 0.16279887482419128 0.5811631944444444 0.009142053445850914 0.014756944444444444
11 0.5559071729957806 0.9192708333333334 0.009142053445850914 0.012152777777777778
11 0.5552039381153305 0.7847222222222222 0.009142053445850914 0.012152777777777778
3 0.26547116736990156 0.8901909722222222 0.009142053445850914 0.014756944444444444
12 0.26758087201125175 0.7096354166666666 0.009142053445850914 0.014756944444444444
11 0.5566104078762306 0.7092013888888888 0.009142053445850914 0.012152777777777778
6 0.22679324894514769 0.20182291666666666 0.009142053445850914 0.014756944444444444
10 0.5559071729957806 0.9383680555555556 0.009142053445850914 0.012152777777777778
6 0.24859353023909986 0.14366319444444445 0.009142053445850914 0.014756944444444444
10 0.2633614627285513 0.5794270833333334 0.009142053445850914 0.014756944444444444
4 0.2661744022503516 0.4422743055555556 0.009142053445850914 0.014756944444444444