6 0.5559071729957806 0.9192708333333334 0.009142053445850914 0.012152777777777778
7 0.5573136427566807 0.5121527777777778 0.009142053445850914 0.012152777777777778
11 0.5566104078762306 0.8619791666666666 0.009142053445850914 0.012152777777777778
12 0.5559071729957806 0.3194444444444444 0.009142053445850914 0.012152777777777778
4 0.5580168776371308 0.12239583333333333 0.009142053445850914 0.012152777777777778
12 0.5573136427566807 0.25 0.009142053445850914 0.012152777777777778
10 0.22749648382559776 0.4110243055555556 0.009142053445850914 0.014756944444444444
0 0.22609001406469761 0.3120659722222222 0.009142053445850914 0.014756944444444444
12 0.2661744022503516 0.5134548611111112 0.009142053445850914 0.014756944444444444
3 0.5559071729957806 0.9383680555555556 0.009142053445850914 0.012152777777777778
12 0.5559071729957806 0.1605902777777778 0.009142053445850914 0.012152777777777778
3 0.5566104078762306 0.9001736111111112 0.009142053445850914 0.012152777777777778
11 0.22749648382559776 0.4778645833333333 0.009142053445850914 0.014756944444444444
11 0.26547116736990156 0.3433159722222222 0.009142053445850914 0.014756944444444444