0 0.5559071729957806 0.8255208333333334 0.009142053445850914 0.012152777777777778
12 0.26547116736990156 0.2339409722222222 0.009142053445850914 0.014756944444444444
0 0.5566104078762306 0.4635416666666667 0.009142053445850914 0.012152777777777778
11 0.30063291139240506 0.9153645833333334 0.009142053445850914 0.014756944444444444
4 0.299929676511955 0.7365451388888888 0.009142053445850914 0.014756944444444444
6 0.22679324894514769 0.37890625 0.009142053445850914 0.014756944444444444
5 0.5559071729957806 0.3194444444444444 0.009142053445850914 0.012152777777777778
6 0.22749648382559776 0.4457465277777778 0.009142053445850914 0.014756944444444444
10 0.22609001406469761 0.3120659722222222 0.009142053445850914 0.014756944444444444
12 0.5580168776371308 0.4852430555555556 0.009142053445850914 0.012152777777777778
11 0.26476793248945146 0.2009548611111111 0.009142053445850914 0.014756944444444444
2 0.22749648382559776 0.4110243055555556 0.009142053445850914 0.014756944444444444
11 0.26476793248945146 0.3111979166666667 0.009142053445850914 0.014756944444444444
8 0.10021097046413502 0.5811631944444444 0.009142053445850914 0.014756944444444444