10 0.5552039381153305 0.3576388888888889 0.009142053445850914 0.012152777777777778
0 0.2661744022503516 0.4422743055555556 0.009142053445850914 0.014756944444444444
8 0.5552039381153305 0.7291666666666666 0.009142053445850914 0.012152777777777778
11 0.26476793248945146 0.27734375 0.009142053445850914 0.014756944444444444
1 0.26547116736990156 0.8901909722222222 0.009142053445850914 0.014756944444444444
4 0.5580168776371308 0.6710069444444444 0.009142053445850914 0.012152777777777778
1 0.5552039381153305 0.7847222222222222 0.009142053445850914 0.012152777777777778
12 0.5559071729957806 0.1605902777777778 0.009142053445850914 0.012152777777777778
1 0.21554149085794655 0.5785590277777778 0.009142053445850914 0.014756944444444444
11 0.2668776371308017 0.7634548611111112 0.009142053445850914 0.014756944444444444
12 0.22749648382559776 0.4110243055555556 0.009142053445850914 0.014756944444444444
12 0.22609001406469761 0.3120659722222222 0.009142053445850914 0.014756944444444444
11 0.26547116736990156 0.2339409722222222 0.009142053445850914 0.014756944444444444
10 0.5573136427566807 0.10416666666666667 0.009142053445850914 0.012152777777777778
11 0.2661744022503516 0.8146701388888888 0.009142053445850914 0.014756944444444444