7 0.182421875 0.49392265193370166 0.00859375 0.011049723756906077
10 0.95625 0.3430939226519337 0.00859375 0.011049723756906077
10 0.44921875 0.2861878453038674 0.00859375 0.011049723756906077
6 0.1828125 0.7154696132596685 0.00859375 0.011049723756906077
8 0.922265625 0.9419889502762431 0.00859375 0.011049723756906077
1 0.18359375 0.3806629834254144 0.00859375 0.011049723756906077
7 0.40859375 0.5624309392265193 0.00859375 0.011049723756906077
6 0.4078125 0.6917127071823205 0.00859375 0.011049723756906077
0 0.95546875 0.48066298342541436 0.00859375 0.011049723756906077
6 0.44921875 0.43701657458563536 0.00859375 0.011049723756906077
3 0.641796875 0.32486187845303865 0.00859375 0.011049723756906077
0 0.95546875 0.6928176795580111 0.00859375 0.011049723756906077
11 0.226171875 0.4552486187845304 0.00859375 0.011049723756906077
12 0.428515625 0.4176795580110497 0.00859375 0.011049723756906077