5 0.2046875 0.24861878453038674 0.00859375 0.011049723756906077
11 0.9609375 0.9237569060773481 0.00859375 0.011049723756906077
6 0.9546875 0.5552486187845304 0.00859375 0.011049723756906077
9 0.428515625 0.5806629834254143 0.00859375 0.011049723756906077
2 0.225 0.2861878453038674 0.00859375 0.011049723756906077
8 0.641796875 0.4723756906077348 0.00859375 0.011049723756906077
12 0.1634765625 0.930939226519337 0.009765625 0.012154696132596685
1 0.95625 0.3430939226519337 0.00859375 0.011049723756906077
7 0.95546875 0.7303867403314918 0.00859375 0.011049723756906077
6 0.95546875 0.6928176795580111 0.00859375 0.011049723756906077
8 0.4078125 0.24972375690607734 0.00859375 0.011049723756906077
8 0.18359375 0.7530386740331492 0.00859375 0.011049723756906077
5 0.204296875 0.6950276243093922 0.00859375 0.011049723756906077