7 0.44708333333333333 0.09093550261475886 0.0425 0.01801278326554329
8 0.8970833333333333 0.6905868680999419 0.0425 0.01801278326554329
2 0.3929166666666667 0.6022661243463103 0.0425 0.01801278326554329
12 0.39458333333333334 0.8852411388727484 0.0425 0.01801278326554329
8 0.9470833333333334 0.7231260894828588 0.0425 0.01801278326554329
0 0.9470833333333334 0.689424753050552 0.0425 0.01801278326554329
6 0.9479166666666666 0.29837303893085415 0.0425 0.01801278326554329
7 0.89625 0.7219639744334689 0.0425 0.01801278326554329
9 0.39625 0.8346891342242883 0.0425 0.01801278326554329
10 0.4479166666666667 0.12289366647298082 0.0425 0.01801278326554329
8 0.3929166666666667 0.637129575828007 0.0425 0.01801278326554329
10 0.94875 0.8544450900639163 0.0425 0.01801278326554329