10 0.9470833333333334 0.08396281231841952 0.0425 0.01801278326554329
7 0.39625 0.8346891342242883 0.0425 0.01801278326554329
0 0.4454166666666667 0.9177803602556653 0.0425 0.01801278326554329
5 0.44625 0.35008715862870426 0.0425 0.01801278326554329
4 0.39625 0.12289366647298082 0.0425 0.01801278326554329
10 0.4454166666666667 0.6824520627542127 0.0425 0.01801278326554329
4 0.9479166666666666 0.29837303893085415 0.0425 0.01801278326554329
9 0.94875 0.8904706565950029 0.0425 0.01801278326554329
0 0.44625 0.8864032539221383 0.0425 0.01801278326554329
3 0.3929166666666667 0.637129575828007 0.0425 0.01801278326554329
8 0.8970833333333333 0.6905868680999419 0.0425 0.01801278326554329