8 0.3929166666666667 0.41807088901801276 0.0425 0.01801278326554329
0 0.9470833333333334 0.08396281231841952 0.0425 0.01801278326554329
9 0.39458333333333334 0.8852411388727484 0.0425 0.01801278326554329
7 0.9479166666666666 0.29837303893085415 0.0425 0.01801278326554329
7 0.3929166666666667 0.6022661243463103 0.0425 0.01801278326554329
2 0.44625 0.41807088901801276 0.0425 0.01801278326554329
5 0.94875 0.8544450900639163 0.0425 0.01801278326554329
9 0.44625 0.35008715862870426 0.0425 0.01801278326554329
10 0.89625 0.7219639744334689 0.0425 0.01801278326554329
11 0.94875 0.8904706565950029 0.0425 0.01801278326554329
7 0.3929166666666667 0.08977338756536897 0.0425 0.01801278326554329