2 0.9479166666666666 0.29837303893085415 0.0425 0.01801278326554329
9 0.39625 0.8346891342242883 0.0425 0.01801278326554329
12 0.3929166666666667 0.41807088901801276 0.0425 0.01801278326554329
1 0.4479166666666667 0.12289366647298082 0.0425 0.01801278326554329
1 0.4454166666666667 0.6016850668216154 0.0425 0.01801278326554329
7 0.39458333333333334 0.9177803602556653 0.0425 0.01801278326554329
6 0.39208333333333334 0.6812899477048228 0.0425 0.01801278326554329
4 0.44375 0.637129575828007 0.0425 0.01801278326554329
2 0.3929166666666667 0.3832074375363161 0.0425 0.01801278326554329
10 0.3929166666666667 0.637129575828007 0.0425 0.01801278326554329
5 0.9445833333333333 0.1147588611272516 0.0425 0.01801278326554329