4 0.39458333333333334 0.8852411388727484 0.0425 0.01801278326554329
11 0.9479166666666666 0.2547937245787333 0.0425 0.01801278326554329
6 0.3929166666666667 0.637129575828007 0.0425 0.01801278326554329
7 0.44375 0.637129575828007 0.0425 0.01801278326554329
10 0.44625 0.384369552585706 0.0425 0.01801278326554329
2 0.8945833333333333 0.6551423590935502 0.0425 0.01801278326554329
9 0.9470833333333334 0.689424753050552 0.0425 0.01801278326554329
11 0.44625 0.41807088901801276 0.0425 0.01801278326554329
3 0.3929166666666667 0.3832074375363161 0.0425 0.01801278326554329
8 0.4454166666666667 0.6824520627542127 0.0425 0.01801278326554329
3 0.44958333333333333 0.8352701917489832 0.0425 0.01801278326554329
6 0.3929166666666667 0.4517722254503196 0.0425 0.01801278326554329
10 0.94875 0.8904706565950029 0.0425 0.01801278326554329