3 0.44625 0.41807088901801276 0.0425 0.01801278326554329
10 0.3929166666666667 0.3832074375363161 0.0425 0.01801278326554329
1 0.8970833333333333 0.6905868680999419 0.0425 0.01801278326554329
1 0.3929166666666667 0.637129575828007 0.0425 0.01801278326554329
2 0.9445833333333333 0.1147588611272516 0.0425 0.01801278326554329
2 0.94875 0.4494479953515398 0.0425 0.01801278326554329
0 0.44375 0.637129575828007 0.0425 0.01801278326554329
10 0.8945833333333333 0.6551423590935502 0.0425 0.01801278326554329
7 0.4454166666666667 0.6016850668216154 0.0425 0.01801278326554329
4 0.44625 0.384369552585706 0.0425 0.01801278326554329
11 0.9470833333333334 0.7231260894828588 0.0425 0.01801278326554329
2 0.94875 0.8904706565950029 0.0425 0.01801278326554329
8 0.39375 0.35066821615339916 0.0425 0.01801278326554329
0 0.39208333333333334 0.6812899477048228 0.0425 0.01801278326554329
8 0.9470833333333334 0.6551423590935502 0.0425 0.01801278326554329