11 0.40772251308900526 0.4375 0.013089005235602094 0.019444444444444445
0 0.8717277486910995 0.16898148148148148 0.013089005235602094 0.019444444444444445
1 0.17801047120418848 0.6291666666666667 0.013089005235602094 0.019444444444444445
1 0.9109947643979057 0.3597222222222222 0.013089005235602094 0.019444444444444445
11 0.9509162303664922 0.6800925925925926 0.013089005235602094 0.019444444444444445
12 0.8514397905759162 0.6800925925925926 0.013089005235602094 0.019444444444444445
9 0.8520942408376964 0.7893518518518519 0.013089005235602094 0.019444444444444445
10 0.725130890052356 0.1162037037037037 0.013089005235602094 0.019444444444444445
0 0.7997382198952879 0.38472222222222224 0.013089005235602094 0.019444444444444445
0 0.8723821989528796 0.2523148148148148 0.013089005235602094 0.019444444444444445
12 0.40772251308900526 0.7347222222222223 0.013089005235602094 0.019444444444444445
6 0.8514397905759162 0.7625 0.013089005235602094 0.019444444444444445