12 0.7257853403141361 0.43842592592592594 0.013089005235602094 0.019444444444444445
11 0.9103403141361257 0.46805555555555556 0.013089005235602094 0.025
2 0.8730366492146597 0.4393518518518518 0.013089005235602094 0.019444444444444445
12 0.9103403141361257 0.19768518518518519 0.013089005235602094 0.019444444444444445
6 0.7990837696335078 0.3337962962962963 0.013089005235602094 0.019444444444444445
3 0.8514397905759162 0.7625 0.013089005235602094 0.019444444444444445
0 0.9096858638743456 0.22361111111111112 0.013089005235602094 0.019444444444444445
7 0.7617801047120419 0.27824074074074073 0.013089005235602094 0.019444444444444445
0 0.724476439790576 0.22453703703703703 0.017015706806282723 0.019444444444444445
8 0.8723821989528796 0.38657407407407407 0.013089005235602094 0.019444444444444445
4 0.7984293193717278 0.44027777777777777 0.013089005235602094 0.019444444444444445
7 0.7238219895287958 0.27824074074074073 0.013089005235602094 0.019444444444444445