12 0.7617801047120419 0.27824074074074073 0.013089005235602094 0.019444444444444445
0 0.9469895287958116 0.2814814814814815 0.014397905759162303 0.022222222222222223
6 0.8880890052356021 0.7106481481481481 0.013089005235602094 0.019444444444444445
12 0.4083769633507853 0.6300925925925925 0.013089005235602094 0.019444444444444445
6 0.9502617801047121 0.7615740740740741 0.013089005235602094 0.019444444444444445
6 0.762434554973822 0.3050925925925926 0.013089005235602094 0.019444444444444445
9 0.8730366492146597 0.4097222222222222 0.013089005235602094 0.019444444444444445
2 0.7990837696335078 0.36064814814814816 0.013089005235602094 0.019444444444444445
10 0.762434554973822 0.33101851851851855 0.013089005235602094 0.019444444444444445
0 0.7984293193717278 0.3060185185185185 0.013089005235602094 0.019444444444444445
5 0.762434554973822 0.44027777777777777 0.013089005235602094 0.019444444444444445
5 0.17735602094240838 0.4375 0.013089005235602094 0.019444444444444445