11 0.762434554973822 0.3050925925925926 0.013089005235602094 0.019444444444444445
4 0.7238219895287958 0.7087962962962963 0.013089005235602094 0.019444444444444445
8 0.17670157068062828 0.8319444444444445 0.013089005235602094 0.019444444444444445
12 0.7899214659685864 0.6541666666666667 0.013089005235602094 0.019444444444444445
1 0.7257853403141361 0.30416666666666664 0.013089005235602094 0.019444444444444445
9 0.9469895287958116 0.2814814814814815 0.014397905759162303 0.022222222222222223
4 0.7617801047120419 0.4125 0.013089005235602094 0.019444444444444445
12 0.9502617801047121 0.7375 0.013089005235602094 0.019444444444444445
2 0.8723821989528796 0.2523148148148148 0.013089005235602094 0.019444444444444445
2 0.8717277486910995 0.46805555555555556 0.013089005235602094 0.019444444444444445
4 0.762434554973822 0.33101851851851855 0.013089005235602094 0.019444444444444445
11 0.40772251308900526 0.4375 0.013089005235602094 0.019444444444444445
11 0.7886125654450262 0.7893518518518519 0.013089005235602094 0.019444444444444445
5 0.7617801047120419 0.27824074074074073 0.013089005235602094 0.019444444444444445
7 0.8507853403141361 0.6541666666666667 0.013089005235602094 0.019444444444444445