1 0.625 0.4697265625 0.025390625 0.013671875
2 0.9169921875 0.6484375 0.025390625 0.013671875
2 0.8251953125 0.744140625 0.025390625 0.013671875
0 0.625 0.3359375 0.025390625 0.013671875
0 0.623046875 0.5205078125 0.025390625 0.013671875
0 0.947265625 0.33984375 0.025390625 0.013671875
0 0.826171875 0.4716796875 0.025390625 0.013671875
0 0.916015625 0.4697265625 0.025390625 0.013671875
0 0.861328125 0.6728515625 0.025390625 0.013671875
1 0.6259765625 0.2880859375 0.025390625 0.013671875
0 0.3427734375 0.701171875 0.025390625 0.013671875
0 0.8583984375 0.494140625 0.025390625 0.013671875
11 0.3427734375 0.5947265625 0.025390625 0.013671875
3 0.8271484375 0.5185546875 0.025390625 0.013671875
12 0.380859375 0.2822265625 0.025390625 0.013671875