0 0.9169921875 0.6484375 0.025390625 0.013671875
1 0.9482421875 0.388671875 0.025390625 0.013671875
1 0.9501953125 0.6748046875 0.025390625 0.013671875
0 0.67578125 0.7216796875 0.025390625 0.013671875
1 0.380859375 0.2822265625 0.025390625 0.013671875
1 0.6240234375 0.3828125 0.025390625 0.013671875
1 0.380859375 0.3984375 0.025390625 0.013671875
4 0.4501953125 0.3759765625 0.025390625 0.013671875
2 0.6416015625 0.6484375 0.025390625 0.013671875
0 0.9482421875 0.29296875 0.025390625 0.013671875
2 0.8583984375 0.7216796875 0.025390625 0.013671875
12 0.404296875 0.4736328125 0.025390625 0.013671875