1 0.8271484375 0.6484375 0.025390625 0.013671875
2 0.826171875 0.4716796875 0.025390625 0.013671875
1 0.3427734375 0.701171875 0.025390625 0.013671875
1 0.341796875 0.5478515625 0.025390625 0.013671875
1 0.6259765625 0.2880859375 0.025390625 0.013671875
2 0.8583984375 0.494140625 0.025390625 0.013671875
0 0.8271484375 0.697265625 0.025390625 0.013671875
6 0.947265625 0.7216796875 0.025390625 0.013671875
4 0.8583984375 0.7216796875 0.025390625 0.013671875
0 0.9482421875 0.29296875 0.025390625 0.013671875
1 0.8271484375 0.5185546875 0.025390625 0.013671875
12 0.8251953125 0.744140625 0.025390625 0.013671875
2 0.625 0.3359375 0.025390625 0.013671875