4 0.3427734375 0.701171875 0.025390625 0.013671875
11 0.404296875 0.4736328125 0.025390625 0.013671875
12 0.947265625 0.7216796875 0.025390625 0.013671875
5 0.4501953125 0.3046875 0.025390625 0.013671875
2 0.9482421875 0.29296875 0.025390625 0.013671875
10 0.3818359375 0.3515625 0.025390625 0.013671875
10 0.6748046875 0.6767578125 0.025390625 0.013671875
10 0.640625 0.74609375 0.025390625 0.013671875
6 0.8583984375 0.7216796875 0.025390625 0.013671875
0 0.4501953125 0.3759765625 0.025390625 0.013671875
3 0.9501953125 0.6748046875 0.025390625 0.013671875