0 0.9501953125 0.6748046875 0.025390625 0.013671875
0 0.380859375 0.2822265625 0.025390625 0.013671875
2 0.8583984375 0.7216796875 0.025390625 0.013671875
4 0.404296875 0.5224609375 0.025390625 0.013671875
2 0.8251953125 0.744140625 0.025390625 0.013671875
1 0.3427734375 0.5947265625 0.025390625 0.013671875
0 0.8583984375 0.494140625 0.025390625 0.013671875
0 0.6259765625 0.2880859375 0.025390625 0.013671875
0 0.8271484375 0.697265625 0.025390625 0.013671875
2 0.861328125 0.6728515625 0.025390625 0.013671875
0 0.9482421875 0.29296875 0.025390625 0.013671875
12 0.916015625 0.4697265625 0.025390625 0.013671875
12 0.916015625 0.748046875 0.025390625 0.013671875