1 0.916015625 0.748046875 0.025390625 0.013671875
3 0.625 0.3359375 0.025390625 0.013671875
9 0.6416015625 0.794921875 0.025390625 0.013671875
12 0.8251953125 0.744140625 0.025390625 0.013671875
0 0.4501953125 0.3046875 0.025390625 0.013671875
1 0.404296875 0.4736328125 0.025390625 0.013671875
1 0.947265625 0.7216796875 0.025390625 0.013671875
0 0.67578125 0.7685546875 0.025390625 0.013671875
2 0.947265625 0.33984375 0.025390625 0.013671875
2 0.3818359375 0.3515625 0.025390625 0.013671875
1 0.9482421875 0.4921875 0.025390625 0.013671875
5 0.4033203125 0.572265625 0.025390625 0.013671875