7 0.9169921875 0.701171875 0.025390625 0.013671875
12 0.6748046875 0.6767578125 0.025390625 0.013671875
1 0.380859375 0.2822265625 0.025390625 0.013671875
6 0.8271484375 0.5185546875 0.025390625 0.013671875
12 0.6416015625 0.794921875 0.025390625 0.013671875
2 0.9482421875 0.4921875 0.025390625 0.013671875
12 0.3447265625 0.6767578125 0.025390625 0.013671875
0 0.6240234375 0.3828125 0.025390625 0.013671875
1 0.623046875 0.5205078125 0.025390625 0.013671875
0 0.8271484375 0.697265625 0.025390625 0.013671875
2 0.9169921875 0.5166015625 0.025390625 0.013671875
7 0.4169921875 0.3291015625 0.025390625 0.013671875
2 0.625 0.4697265625 0.025390625 0.013671875
12 0.404296875 0.4736328125 0.025390625 0.013671875