1 0.916015625 0.4697265625 0.025390625 0.013671875
1 0.404296875 0.4736328125 0.025390625 0.013671875
1 0.3447265625 0.6767578125 0.025390625 0.013671875
6 0.380859375 0.2822265625 0.025390625 0.013671875
1 0.3818359375 0.3515625 0.025390625 0.013671875
0 0.341796875 0.5478515625 0.025390625 0.013671875
9 0.947265625 0.33984375 0.025390625 0.013671875
1 0.625 0.4697265625 0.025390625 0.013671875
9 0.8583984375 0.7216796875 0.025390625 0.013671875
0 0.6259765625 0.2880859375 0.025390625 0.013671875
0 0.623046875 0.5205078125 0.025390625 0.013671875
0 0.9482421875 0.388671875 0.025390625 0.013671875