1 0.8057108626198083 0.8484251968503937 0.009984025559105431 0.011811023622047244
8 0.45467252396166136 0.44460067491563554 0.009984025559105431 0.011811023622047244
1 0.8053115015974441 0.7786839145106862 0.009984025559105431 0.011811023622047244
1 0.9291134185303515 0.18194600674915637 0.009984025559105431 0.011811023622047244
4 0.7869408945686901 0.5576490438695163 0.009984025559105431 0.011811023622047244
0 0.7869408945686901 0.22581552305961755 0.009984025559105431 0.011811023622047244
9 0.42631789137380194 0.9114173228346457 0.009984025559105431 0.011811023622047244
1 0.9652555910543131 0.6448256467941508 0.00878594249201278 0.012935883014623173
12 0.3105031948881789 0.41929133858267714 0.009984025559105431 0.011811023622047244
1 0.9784345047923323 0.8804836895388076 0.00878594249201278 0.012935883014623173
0 0.14556709265175719 0.3838582677165354 0.009984025559105431 0.011811023622047244