7 0.8097044728434505 0.20219347581552305 0.009984025559105431 0.011811023622047244
9 0.2985223642172524 0.6521372328458943 0.009984025559105431 0.011811023622047244
0 0.9388977635782748 0.7629358830146231 0.00878594249201278 0.012935883014623173
11 0.3101038338658147 0.37429696287964004 0.009984025559105431 0.011811023622047244
10 0.9388977635782748 0.6217660292463442 0.00878594249201278 0.012935883014623173
1 0.7869408945686901 0.27249718785151855 0.009984025559105431 0.011811023622047244
1 0.3113019169329074 0.32761529808773904 0.009984025559105431 0.011811023622047244
11 0.9494808306709265 0.20613048368953882 0.009984025559105431 0.011811023622047244
0 0.9287140575079872 0.34448818897637795 0.009984025559105431 0.011811023622047244
11 0.29972044728434505 0.7944319460067492 0.009984025559105431 0.011811023622047244
6 0.14556709265175719 0.3838582677165354 0.009984025559105431 0.011811023622047244
11 0.1459664536741214 0.4738470191226097 0.009984025559105431 0.011811023622047244
10 0.1619408945686901 0.7792463442069741 0.009984025559105431 0.011811023622047244
12 0.14636581469648563 0.18363329583802024 0.009984025559105431 0.011811023622047244
10 0.7873402555910544 0.5329021372328459 0.009984025559105431 0.011811023622047244