1 0.7565824825362708 0.9191343963553531 0.017195056421278884 0.017463933181473046
0 0.4723267060720043 0.6366742596810934 0.017195056421278884 0.017463933181473046
10 0.9059645351961311 0.29422930903568717 0.017195056421278884 0.017463933181473046
2 0.9247716281569048 0.4085041761579347 0.010746910263299301 0.016704631738800303
12 0.9054271896829661 0.3375094912680334 0.017195056421278884 0.017463933181473046
2 0.5910800644814616 0.9206529992406985 0.017195056421278884 0.017463933181473046
0 0.28801719505642126 0.2949886104783599 0.017195056421278884 0.017463933181473046
5 0.738312735088662 0.5220197418375095 0.017195056421278884 0.017463933181473046
0 0.28694250403009136 0.8230827638572513 0.010746910263299301 0.016704631738800303
1 0.8017195056421279 0.8006833712984055 0.017195056421278884 0.017463933181473046
2 0.739924771628157 0.29422930903568717 0.017195056421278884 0.017463933181473046
0 0.738312735088662 0.24715261958997722 0.017195056421278884 0.017463933181473046
0 0.7619559376679205 0.5413819286256644 0.010746910263299301 0.016704631738800303
1 0.9043524986566363 0.4741837509491268 0.017195056421278884 0.017463933181473046
0 0.2262224610424503 0.626044039483675 0.017195056421278884 0.017463933181473046