11 0.28694250403009136 0.27145026575550496 0.017195056421278884 0.017463933181473046
0 0.5921547555077915 0.24943052391799544 0.017195056421278884 0.017463933181473046
11 0.7646426652337452 0.2718299164768413 0.010746910263299301 0.016704631738800303
0 0.739387426114992 0.33675018982536065 0.017195056421278884 0.017463933181473046
11 0.5910800644814616 0.9206529992406985 0.017195056421278884 0.017463933181473046
3 0.5916174099946265 0.3344722854973424 0.017195056421278884 0.017463933181473046
11 0.28801719505642126 0.4058466211085801 0.017195056421278884 0.017463933181473046
7 0.26276195593766793 0.7619589977220956 0.017195056421278884 0.017463933181473046
0 0.7549704459967759 0.8234624145785877 0.017195056421278884 0.017463933181473046
5 0.28747984954325634 0.33826879271070615 0.017195056421278884 0.017463933181473046
0 0.5583019881783987 0.5288534548215642 0.017195056421278884 0.017463933181473046
0 0.261687264911338 0.884206529992407 0.017195056421278884 0.017463933181473046
7 0.47178936055883935 0.4415337889141989 0.017195056421278884 0.017463933181473046