8 0.28747984954325634 0.36104783599088835 0.017195056421278884 0.017463933181473046
5 0.800644814615798 0.7566438876233865 0.017195056421278884 0.017463933181473046
10 0.16872649113379903 0.6457858769931663 0.017195056421278884 0.017463933181473046
10 0.7635679742074154 0.4533029612756264 0.010746910263299301 0.016704631738800303
5 0.800644814615798 0.7088078967350038 0.017195056421278884 0.017463933181473046
10 0.5572272971520688 0.4643128321943812 0.017195056421278884 0.017463933181473046
3 0.28801719505642126 0.4058466211085801 0.017195056421278884 0.017463933181473046
4 0.47178936055883935 0.7414578587699316 0.017195056421278884 0.017463933181473046
0 0.7571198280494358 0.8728170083523159 0.017195056421278884 0.017463933181473046
11 0.28694250403009136 0.27145026575550496 0.017195056421278884 0.017463933181473046
12 0.7555077915099409 0.781700835231587 0.017195056421278884 0.017463933181473046
11 0.5583019881783987 0.5288534548215642 0.017195056421278884 0.017463933181473046
5 0.7549704459967759 0.8234624145785877 0.017195056421278884 0.017463933181473046