5 0.9247716281569048 0.4510250569476082 0.010746910263299301 0.016704631738800303
5 0.7555077915099409 0.781700835231587 0.017195056421278884 0.017463933181473046
10 0.5857066093498119 0.785876993166287 0.010746910263299301 0.016704631738800303
11 0.7549704459967759 0.6829916476841306 0.017195056421278884 0.017463933181473046
5 0.2262224610424503 0.626044039483675 0.017195056421278884 0.017463933181473046
8 0.28694250403009136 0.27145026575550496 0.017195056421278884 0.017463933181473046
3 0.5142396560988716 0.8052391799544419 0.017195056421278884 0.017463933181473046
5 0.28801719505642126 0.6457858769931663 0.017195056421278884 0.017463933181473046
1 0.9247716281569048 0.3621867881548975 0.010746910263299301 0.016704631738800303
9 0.28801719505642126 0.564540622627183 0.017195056421278884 0.017463933181473046
7 0.9043524986566363 0.3838268792710706 0.017195056421278884 0.017463933181473046