9 0.17033852767329394 0.564540622627183 0.017195056421278884 0.017463933181473046
1 0.28801719505642126 0.6457858769931663 0.017195056421278884 0.017463933181473046
0 0.739924771628157 0.29422930903568717 0.017195056421278884 0.017463933181473046
9 0.738312735088662 0.24715261958997722 0.017195056421278884 0.017463933181473046
12 0.5126276195593766 0.6564160971905847 0.017195056421278884 0.017463933181473046
6 0.5577646426652337 0.4422930903568717 0.017195056421278884 0.017463933181473046
11 0.9043524986566363 0.3838268792710706 0.017195056421278884 0.017463933181473046
11 0.5577646426652337 0.5508731966590736 0.017195056421278884 0.017463933181473046
11 0.28801719505642126 0.4058466211085801 0.017195056421278884 0.017463933181473046
12 0.8017195056421279 0.8971146545178436 0.017195056421278884 0.017463933181473046
6 0.5921547555077915 0.24943052391799544 0.017195056421278884 0.017463933181473046
8 0.2262224610424503 0.626044039483675 0.017195056421278884 0.017463933181473046