0 0.7619559376679205 0.31662870159453305 0.010746910263299301 0.016704631738800303
2 0.5561526061257388 0.8029612756264237 0.017195056421278884 0.017463933181473046
0 0.28801719505642126 0.6457858769931663 0.017195056421278884 0.017463933181473046
0 0.7646426652337452 0.2718299164768413 0.010746910263299301 0.016704631738800303
2 0.5142396560988716 0.4407744874715262 0.017195056421278884 0.017463933181473046
0 0.739387426114992 0.33675018982536065 0.017195056421278884 0.017463933181473046
12 0.5583019881783987 0.4832953682611997 0.017195056421278884 0.017463933181473046
0 0.261687264911338 0.8409263477600607 0.017195056421278884 0.017463933181473046
2 0.737775389575497 0.5652999240698557 0.017195056421278884 0.017463933181473046
12 0.16872649113379903 0.6040242976461655 0.017195056421278884 0.017463933181473046
1 0.16872649113379903 0.6457858769931663 0.017195056421278884 0.017463933181473046
2 0.4723267060720043 0.5075930144267274 0.017195056421278884 0.017463933181473046
11 0.5142396560988716 0.5273348519362187 0.017195056421278884 0.017463933181473046
0 0.5572272971520688 0.4643128321943812 0.017195056421278884 0.017463933181473046
1 0.22568511552928533 0.5842824601366743 0.017195056421278884 0.017463933181473046