9 0.739387426114992 0.3823082763857251 0.017195056421278884 0.017463933181473046
6 0.739924771628157 0.29422930903568717 0.017195056421278884 0.017463933181473046
8 0.5878559914024718 0.5907365223993926 0.010746910263299301 0.016704631738800303
10 0.4723267060720043 0.54707668944571 0.017195056421278884 0.017463933181473046
9 0.7549704459967759 0.6829916476841306 0.017195056421278884 0.017463933181473046
0 0.5561526061257388 0.6366742596810934 0.017195056421278884 0.017463933181473046
5 0.5577646426652337 0.7634776006074412 0.017195056421278884 0.017463933181473046
12 0.28801719505642126 0.6457858769931663 0.017195056421278884 0.017463933181473046
12 0.5572272971520688 0.4643128321943812 0.017195056421278884 0.017463933181473046
10 0.16872649113379903 0.6040242976461655 0.017195056421278884 0.017463933181473046
12 0.7571198280494358 0.7323462414578588 0.017195056421278884 0.017463933181473046
1 0.5921547555077915 0.24943052391799544 0.017195056421278884 0.017463933181473046