1 0.20113960113960114 0.9601128122481869 0.018233618233618232 0.016921837228041903
6 0.49173789173789173 0.10757453666398066 0.012535612535612535 0.015310233682514102
10 0.19886039886039886 0.4371474617244158 0.018233618233618232 0.016921837228041903
1 0.8575498575498576 0.403303787268332 0.018233618233618232 0.016921837228041903
0 0.6153846153846154 0.927880741337631 0.018233618233618232 0.016921837228041903
1 0.49002849002849 0.5572119258662369 0.018233618233618232 0.016921837228041903
12 0.8535612535612536 0.7530217566478646 0.018233618233618232 0.016921837228041903
0 0.4598290598290598 0.08501208702659147 0.012535612535612535 0.015310233682514102
5 0.7350427350427351 0.290491539081386 0.018233618233618232 0.016921837228041903
0 0.7356125356125356 0.7038678485092668 0.018233618233618232 0.016921837228041903
2 0.6153846153846154 0.4484286865431104 0.018233618233618232 0.016921837228041903
1 0.30313390313390315 0.5701047542304593 0.018233618233618232 0.016921837228041903
2 0.8552706552706553 0.4742143432715552 0.018233618233618232 0.016921837228041903
2 0.49230769230769234 0.15914585012087026 0.012535612535612535 0.015310233682514102
6 0.8552706552706553 0.7989524576954069 0.018233618233618232 0.016921837228041903