0 0.6153846153846154 0.6804995970991137 0.018233618233618232 0.016921837228041903
5 0.7344729344729345 0.443593875906527 0.018233618233618232 0.016921837228041903
0 0.9686609686609686 0.878726833199033 0.018233618233618232 0.016921837228041903
12 0.9675213675213675 0.34206285253827556 0.018233618233618232 0.016921837228041903
4 0.6153846153846154 0.4484286865431104 0.018233618233618232 0.016921837228041903
2 0.452991452991453 0.8996776792908945 0.018233618233618232 0.016921837228041903
4 0.6153846153846154 0.3984689766317486 0.018233618233618232 0.016921837228041903
2 0.09515669515669516 0.7006446414182111 0.018233618233618232 0.016921837228041903
7 0.09515669515669516 0.8311845286059629 0.018233618233618232 0.016921837228041903
8 0.9675213675213675 0.927880741337631 0.018233618233618232 0.016921837228041903
0 0.9663817663817664 0.23892022562449639 0.018233618233618232 0.016921837228041903
2 0.4547008547008547 0.749798549556809 0.018233618233618232 0.016921837228041903
1 0.8552706552706553 0.3058017727639001 0.018233618233618232 0.016921837228041903
12 0.9686609686609686 0.5435132957292506 0.018233618233618232 0.016921837228041903