0 0.7356125356125356 0.7038678485092668 0.018233618233618232 0.016921837228041903
0 0.8535612535612536 0.7530217566478646 0.018233618233618232 0.016921837228041903
0 0.852991452991453 0.5427074939564867 0.018233618233618232 0.016921837228041903
3 0.7356125356125356 0.8771152296535052 0.018233618233618232 0.016921837228041903
8 0.7344729344729345 0.443593875906527 0.018233618233618232 0.016921837228041903
12 0.6148148148148148 0.30257856567284447 0.018233618233618232 0.016921837228041903
6 0.4928774928774929 0.25906526994359386 0.012535612535612535 0.015310233682514102
0 0.09515669515669516 0.3074133763094279 0.018233618233618232 0.016921837228041903
2 0.4547008547008547 0.8497179693795326 0.018233618233618232 0.016921837228041903
12 0.8547008547008547 0.9125705076551168 0.018233618233618232 0.016921837228041903
2 0.8547008547008547 0.6522965350523772 0.018233618233618232 0.016921837228041903
2 0.7350427350427351 0.24133763094278807 0.018233618233618232 0.016921837228041903