12 0.5197313182199832 0.265717674970344 0.010075566750629723 0.014234875444839857
0 0.014693534844668345 0.6690391459074733 0.009235936188077247 0.009489916963226572
4 0.6087321578505458 0.26334519572953735 0.010075566750629723 0.014234875444839857
4 0.6087321578505458 0.15658362989323843 0.010075566750629723 0.014234875444839857
12 0.6087321578505458 0.2111506524317912 0.010075566750629723 0.014234875444839857
10 0.5205709487825357 0.17319098457888493 0.010075566750629723 0.014234875444839857
7 0.5734676742233418 0.265717674970344 0.010075566750629723 0.014234875444839857
3 0.5079764903442485 0.2669039145907473 0.010075566750629723 0.014234875444839857
0 0.014693534844668345 0.49940688018979834 0.009235936188077247 0.009489916963226572
9 0.17170445004198154 0.3428232502965599 0.009235936188077247 0.009489916963226572
4 0.17338371116708648 0.66785290628707 0.009235936188077247 0.009489916963226572
10 0.023089840470193114 0.31198102016607354 0.01595298068849706 0.02372479240806643
1 0.5734676742233418 0.2823250296559905 0.010075566750629723 0.014234875444839857
3 0.17170445004198154 0.3701067615658363 0.009235936188077247 0.009489916963226572