0 0.8604257377842284 0.39481185860889395 0.007901951298177712 0.013683010262257697
2 0.12280277374616998 0.24714937286202965 0.007901951298177712 0.013683010262257697
2 0.3229317851959361 0.636259977194983 0.007901951298177712 0.013683010262257697
2 0.510482180293501 0.24629418472063855 0.007901951298177712 0.013683010262257697
0 0.9592807611675537 0.9179019384264538 0.007901951298177712 0.013683010262257697
12 0.3261570714400903 0.508551881413911 0.007901951298177712 0.013683010262257697
0 0.506611836800516 0.8648802736602053 0.007901951298177712 0.013683010262257697
2 0.3229317851959361 0.7451539338654504 0.007901951298177712 0.013683010262257697
1 0.9550878890501532 0.34578107183580387 0.007901951298177712 0.013683010262257697
8 0.513868730849863 0.604903078677309 0.007901951298177712 0.013683010262257697
1 0.370020964360587 0.7733751425313569 0.007901951298177712 0.013683010262257697