0 0.5608732157850546 0.2277580071174377 0.010075566750629723 0.014234875444839857
4 0.6095717884130982 0.2846975088967972 0.010075566750629723 0.014234875444839857
2 0.5566750629722922 0.49347568208778175 0.010075566750629723 0.014234875444839857
8 0.6087321578505458 0.15658362989323843 0.010075566750629723 0.014234875444839857
0 0.5608732157850546 0.20877817319098457 0.010075566750629723 0.014234875444839857
0 0.1809403862300588 0.2918149466192171 0.01595298068849706 0.02372479240806643
0 0.5617128463476071 0.2823250296559905 0.010075566750629723 0.014234875444839857
2 0.5071368597816961 0.24673784104389088 0.010075566750629723 0.014234875444839857
1 0.5734676742233418 0.19217081850533807 0.010075566750629723 0.014234875444839857
2 0.5205709487825357 0.1376037959667853 0.010075566750629723 0.014234875444839857
1 0.18429890848026867 0.7615658362989324 0.01595298068849706 0.02372479240806643