8 0.8718643101482326 0.3556451612903226 0.016818700114025087 0.01935483870967742
11 0.5028506271379704 0.8387096774193549 0.013112884834663626 0.01935483870967742
3 0.6934150513112884 0.3157258064516129 0.016818700114025087 0.01935483870967742
8 0.34763397947548463 0.725 0.016818700114025087 0.01935483870967742
0 0.7363169897377423 0.9604838709677419 0.013112884834663626 0.01935483870967742
10 0.5276510832383124 0.9141129032258064 0.013112884834663626 0.01935483870967742
2 0.34734891676168755 0.6427419354838709 0.016248574686431014 0.01532258064516129
4 0.6948403648802737 0.3439516129032258 0.016818700114025087 0.01935483870967742
10 0.5285062713797035 0.8641129032258065 0.013112884834663626 0.01935483870967742
11 0.5034207525655644 0.9153225806451613 0.013112884834663626 0.01935483870967742
11 0.7202109464082098 0.6201612903225806 0.02708095781071836 0.02338709677419355
8 0.51154503990878 0.3153225806451613 0.016818700114025087 0.01935483870967742
4 0.512115165336374 0.3443548387096774 0.016818700114025087 0.01935483870967742
10 0.511259977194983 0.3717741935483871 0.016818700114025087 0.01935483870967742