12 0.025608732157850547 0.9395017793594306 0.01595298068849706 0.02372479240806643
2 0.5071368597816961 0.2111506524317912 0.010075566750629723 0.014234875444839857
2 0.5079764903442485 0.2669039145907473 0.010075566750629723 0.014234875444839857
9 0.1801007556675063 0.6132858837485172 0.01595298068849706 0.02372479240806643
0 0.6213266162888329 0.19217081850533807 0.010075566750629723 0.014234875444839857
2 0.5205709487825357 0.1376037959667853 0.010075566750629723 0.014234875444839857
0 0.014693534844668345 0.36773428232502964 0.009235936188077247 0.009489916963226572
1 0.014693534844668345 0.6690391459074733 0.009235936188077247 0.009489916963226572
2 0.5566750629722922 0.5088967971530249 0.010075566750629723 0.014234875444839857
1 0.5205709487825357 0.19217081850533807 0.010075566750629723 0.014234875444839857
1 0.5205709487825357 0.17319098457888493 0.010075566750629723 0.014234875444839857
7 0.023089840470193114 0.18861209964412812 0.014273719563392108 0.018979833926453145
0 0.5071368597816961 0.36061684460260973 0.010075566750629723 0.014234875444839857
8 0.6087321578505458 0.24673784104389088 0.010075566750629723 0.014234875444839857
4 0.5734676742233418 0.17319098457888493 0.010075566750629723 0.014234875444839857