3 0.7643122077084341 0.7408779931584949 0.007901951298177712 0.013683010262257697
12 0.7643122077084341 0.8722919042189282 0.007901951298177712 0.013683010262257697
12 0.47742299629092083 0.40849486887115166 0.007901951298177712 0.013683010262257697
6 0.6193355910337043 0.9036488027366021 0.007901951298177712 0.013683010262257697
0 0.3261570714400903 0.3879703534777651 0.007901951298177712 0.013683010262257697
12 0.5275761973875182 0.81442417331813 0.007901951298177712 0.013683010262257697
0 0.5261248185776488 0.32696693272519955 0.007901951298177712 0.013683010262257697
6 0.28309950008063217 0.935860889395667 0.007901951298177712 0.013683010262257697
5 0.7510885341074021 0.8480615735461802 0.007901951298177712 0.013683010262257697
7 0.3377681019190453 0.6915621436716077 0.007901951298177712 0.013683010262257697
12 0.3564747621351395 0.40849486887115166 0.007901951298177712 0.013683010262257697
10 0.8610707950330592 0.44042189281641964 0.007901951298177712 0.013683010262257697
11 0.5112885018545396 0.40849486887115166 0.007901951298177712 0.013683010262257697
4 0.32244799225931303 0.8263968072976055 0.007901951298177712 0.013683010262257697
10 0.3264796000645057 0.46864310148232613 0.007901951298177712 0.013683010262257697