0 0.6213266162888329 0.19217081850533807 0.010075566750629723 0.014234875444839857
2 0.5079764903442485 0.2846975088967972 0.010075566750629723 0.014234875444839857
1 0.5071368597816961 0.2111506524317912 0.010075566750629723 0.014234875444839857
1 0.6087321578505458 0.17319098457888493 0.010075566750629723 0.014234875444839857
2 0.6221662468513854 0.17437722419928825 0.010075566750629723 0.014234875444839857
1 0.6087321578505458 0.19217081850533807 0.010075566750629723 0.014234875444839857
0 0.17506297229219145 0.5029655990510083 0.009235936188077247 0.009489916963226572
2 0.5608732157850546 0.1376037959667853 0.010075566750629723 0.014234875444839857
0 0.5734676742233418 0.1376037959667853 0.010075566750629723 0.014234875444839857
0 0.023089840470193114 0.46144721233689207 0.01595298068849706 0.02372479240806643
7 0.6087321578505458 0.2111506524317912 0.010075566750629723 0.014234875444839857
7 0.5566750629722922 0.32977461447212336 0.010075566750629723 0.014234875444839857