10 0.3084179970972424 0.3275370581527936 0.007901951298177712 0.013683010262257697
8 0.48774391227221414 0.604903078677309 0.007901951298177712 0.013683010262257697
7 0.28309950008063217 0.8540478905359179 0.007901951298177712 0.013683010262257697
11 0.506611836800516 0.8648802736602053 0.007901951298177712 0.013683010262257697
10 0.5064505724883084 0.8409350057012542 0.007901951298177712 0.013683010262257697
10 0.7643122077084341 0.8722919042189282 0.007901951298177712 0.013683010262257697
2 0.0870020964360587 0.7166476624857469 0.007901951298177712 0.013683010262257697
12 0.3084179970972424 0.46892816419612315 0.007901951298177712 0.013683010262257697
8 0.32244799225931303 0.6636259977194983 0.007901951298177712 0.013683010262257697
1 0.6186905337848734 0.8606043329532497 0.007901951298177712 0.013683010262257697
0 0.49564586357039186 0.38768529076396807 0.007901951298177712 0.013683010262257697
0 0.8604257377842284 0.4885974914481186 0.007901951298177712 0.013683010262257697
4 0.30777293984841153 0.7728050171037628 0.007901951298177712 0.013683010262257697