0 0.5617128463476071 0.19217081850533807 0.010075566750629723 0.014234875444839857
8 0.17338371116708648 0.8232502965599051 0.009235936188077247 0.009489916963226572
1 0.6221662468513854 0.15658362989323843 0.010075566750629723 0.014234875444839857
1 0.025608732157850547 0.9395017793594306 0.01595298068849706 0.02372479240806643
1 0.6213266162888329 0.19217081850533807 0.010075566750629723 0.014234875444839857
0 0.5071368597816961 0.15776986951364175 0.010075566750629723 0.014234875444839857
4 0.023089840470193114 0.46144721233689207 0.01595298068849706 0.02372479240806643
11 0.17338371116708648 0.6512455516014235 0.009235936188077247 0.009489916963226572
0 0.17338371116708648 0.66785290628707 0.009235936188077247 0.009489916963226572
2 0.5188916876574308 0.34519572953736655 0.010075566750629723 0.014234875444839857
6 0.18261964735516373 0.19098457888493475 0.01595298068849706 0.02372479240806643
11 0.5734676742233418 0.1376037959667853 0.010075566750629723 0.014234875444839857