11 0.4779067892275439 0.4284492588369441 0.007901951298177712 0.013683010262257697
11 0.6193355910337043 0.9036488027366021 0.007901951298177712 0.013683010262257697
1 0.3413159167876149 0.4486887115165336 0.007901951298177712 0.013683010262257697
10 0.8604257377842284 0.4885974914481186 0.007901951298177712 0.013683010262257697
4 0.3698597000483793 0.7451539338654504 0.007901951298177712 0.013683010262257697
10 0.4779067892275439 0.2688141391106043 0.007901951298177712 0.013683010262257697
12 0.49580712788259956 0.34806157354618017 0.007901951298177712 0.013683010262257697
8 0.32277052088372843 0.6088939566704675 0.007901951298177712 0.013683010262257697
1 0.5256410256410257 0.24572405929304447 0.007901951298177712 0.013683010262257697
10 0.28309950008063217 0.9093500570125428 0.007901951298177712 0.013683010262257697
7 0.5275761973875182 0.81442417331813 0.007901951298177712 0.013683010262257697
3 0.4780680535397517 0.4888825541619156 0.007901951298177712 0.013683010262257697