0 0.9292855990969199 0.7155074116305588 0.007901951298177712 0.013683010262257697
0 0.49548459925818417 0.2671037628278221 0.007901951298177712 0.013683010262257697
1 0.5064505724883084 0.9387115165336374 0.007901951298177712 0.013683010262257697
7 0.47742299629092083 0.40849486887115166 0.007901951298177712 0.013683010262257697
7 0.47242380261248185 0.9144811858608894 0.007901951298177712 0.013683010262257697
10 0.5109659732301242 0.467787913340935 0.007901951298177712 0.013683010262257697
4 0.8157555233026931 0.8942417331812998 0.007901951298177712 0.013683010262257697
1 0.12280277374616998 0.2750855188141391 0.007901951298177712 0.013683010262257697
1 0.6365908724399291 0.6183010262257697 0.007901951298177712 0.013683010262257697
1 0.3087405257216578 0.44811858608893956 0.007901951298177712 0.013683010262257697
0 0.9294468634091275 0.9187571265678449 0.007901951298177712 0.013683010262257697
10 0.3259958071278826 0.44783352337514254 0.007901951298177712 0.013683010262257697
5 0.49580712788259956 0.34806157354618017 0.007901951298177712 0.013683010262257697