2 0.3527656829543622 0.6359749144811858 0.007901951298177712 0.013683010262257697
2 0.6148201902918884 0.33238312428734323 0.007901951298177712 0.013683010262257697
1 0.49564586357039186 0.38768529076396807 0.007901951298177712 0.013683010262257697
0 0.370020964360587 0.6354047890535918 0.007901951298177712 0.013683010262257697
0 0.12280277374616998 0.2750855188141391 0.007901951298177712 0.013683010262257697
12 0.47742299629092083 0.2864880273660205 0.007901951298177712 0.013683010262257697
3 0.7510885341074021 0.8480615735461802 0.007901951298177712 0.013683010262257697
0 0.506611836800516 0.8648802736602053 0.007901951298177712 0.013683010262257697
0 0.33760683760683763 0.6636259977194983 0.007901951298177712 0.013683010262257697
1 0.6177229479116272 0.7970353477765109 0.007901951298177712 0.013683010262257697
0 0.3564747621351395 0.36801596351197263 0.007901951298177712 0.013683010262257697
1 0.33760683760683763 0.8004561003420753 0.007901951298177712 0.013683010262257697
2 0.3261570714400903 0.508551881413911 0.007901951298177712 0.013683010262257697
1 0.513223673601032 0.6345496009122007 0.007901951298177712 0.013683010262257697
12 0.3419609740364457 0.36801596351197263 0.007901951298177712 0.013683010262257697