12 0.7202109464082098 0.6201612903225806 0.02708095781071836 0.02338709677419355
0 0.5276510832383124 0.9141129032258064 0.013112884834663626 0.01935483870967742
0 0.8978050171037628 0.6201612903225806 0.02708095781071836 0.02338709677419355
1 0.6934150513112884 0.3157258064516129 0.016818700114025087 0.01935483870967742
2 0.5389110604332953 0.6366935483870968 0.016818700114025087 0.01935483870967742
1 0.2127993158494869 0.6838709677419355 0.033352337514253136 0.020967741935483872
12 0.8718643101482326 0.3556451612903226 0.016818700114025087 0.01935483870967742
11 0.4847491448118586 0.6391129032258065 0.016818700114025087 0.01935483870967742
7 0.7363169897377423 0.932258064516129 0.013112884834663626 0.01935483870967742
1 0.5028506271379704 0.8387096774193549 0.013112884834663626 0.01935483870967742
1 0.6942702394526796 0.3725806451612903 0.016818700114025087 0.01935483870967742