12 0.023089840470193114 0.18861209964412812 0.014273719563392108 0.018979833926453145
11 0.5071368597816961 0.3902728351126928 0.010075566750629723 0.014234875444839857
5 0.5566750629722922 0.5088967971530249 0.010075566750629723 0.014234875444839857
11 0.5071368597816961 0.24673784104389088 0.010075566750629723 0.014234875444839857
10 0.025608732157850547 0.7568208778173191 0.01595298068849706 0.02372479240806643
11 0.5071368597816961 0.34519572953736655 0.010075566750629723 0.014234875444839857
0 0.5608732157850546 0.1376037959667853 0.010075566750629723 0.014234875444839857
6 0.5566750629722922 0.34638196915776986 0.010075566750629723 0.014234875444839857
5 0.6221662468513854 0.1376037959667853 0.010075566750629723 0.014234875444839857
2 0.1801007556675063 0.6132858837485172 0.01595298068849706 0.02372479240806643
3 0.5197313182199832 0.36180308422301305 0.010075566750629723 0.014234875444839857
3 0.5079764903442485 0.17319098457888493 0.010075566750629723 0.014234875444839857