0 0.6948403648802737 0.3439516129032258 0.016818700114025087 0.01935483870967742
2 0.30188141391106044 0.8955645161290322 0.013112884834663626 0.01935483870967742
12 0.5028506271379704 0.8387096774193549 0.013112884834663626 0.01935483870967742
1 0.34763397947548463 0.725 0.016818700114025087 0.01935483870967742
0 0.8978050171037628 0.6201612903225806 0.02708095781071836 0.02338709677419355
1 0.7363169897377423 0.9032258064516129 0.013112884834663626 0.01935483870967742
1 0.2127993158494869 0.6838709677419355 0.033352337514253136 0.020967741935483872
0 0.7363169897377423 0.932258064516129 0.013112884834663626 0.01935483870967742
1 0.511259977194983 0.3717741935483871 0.016818700114025087 0.01935483870967742
9 0.5028506271379704 0.8637096774193549 0.013112884834663626 0.01935483870967742
10 0.5276510832383124 0.964516129032258 0.013112884834663626 0.01935483870967742
2 0.6934150513112884 0.3157258064516129 0.016818700114025087 0.01935483870967742
5 0.08338084378563283 0.6838709677419355 0.033352337514253136 0.020967741935483872
2 0.5389110604332953 0.6366935483870968 0.016818700114025087 0.01935483870967742