0 0.5566104078762306 0.8619791666666666 0.009142053445850914 0.012152777777777778
0 0.22609001406469761 0.3120659722222222 0.009142053445850914 0.014756944444444444
0 0.5552039381153305 0.7673611111111112 0.009142053445850914 0.012152777777777778
2 0.5566104078762306 0.7092013888888888 0.009142053445850914 0.012152777777777778
2 0.22609001406469761 0.14453125 0.009142053445850914 0.014756944444444444
12 0.3020393811533052 0.7877604166666666 0.009142053445850914 0.014756944444444444
3 0.26547116736990156 0.3433159722222222 0.009142053445850914 0.014756944444444444
10 0.26476793248945146 0.9162326388888888 0.009142053445850914 0.014756944444444444
0 0.2661744022503516 0.5134548611111112 0.009142053445850914 0.014756944444444444
5 0.2661744022503516 0.7365451388888888 0.009142053445850914 0.014756944444444444
0 0.22679324894514769 0.1662326388888889 0.009142053445850914 0.014756944444444444