11 0.26476793248945146 0.27734375 0.009142053445850914 0.014756944444444444
12 0.26547116736990156 0.2339409722222222 0.009142053445850914 0.014756944444444444
6 0.5552039381153305 0.7673611111111112 0.009142053445850914 0.012152777777777778
8 0.22679324894514769 0.20182291666666666 0.009142053445850914 0.014756944444444444
2 0.5559071729957806 0.9192708333333334 0.009142053445850914 0.012152777777777778
12 0.22749648382559776 0.4457465277777778 0.009142053445850914 0.014756944444444444
2 0.5552039381153305 0.7847222222222222 0.009142053445850914 0.012152777777777778
2 0.2661744022503516 0.7365451388888888 0.009142053445850914 0.014756944444444444
10 0.5566104078762306 0.9583333333333334 0.009142053445850914 0.012152777777777778
11 0.26547116736990156 0.86328125 0.009142053445850914 0.014756944444444444
10 0.30063291139240506 0.8893229166666666 0.009142053445850914 0.014756944444444444
10 0.22749648382559776 0.4778645833333333 0.009142053445850914 0.014756944444444444
8 0.5573136427566807 0.10416666666666667 0.009142053445850914 0.012152777777777778