2 0.5559071729957806 0.8255208333333334 0.009142053445850914 0.012152777777777778
0 0.5559071729957806 0.3194444444444444 0.009142053445850914 0.012152777777777778
7 0.5552039381153305 0.7673611111111112 0.009142053445850914 0.012152777777777778
12 0.30063291139240506 0.8381076388888888 0.009142053445850914 0.014756944444444444
1 0.5580168776371308 0.12239583333333333 0.009142053445850914 0.012152777777777778
11 0.22749648382559776 0.4778645833333333 0.009142053445850914 0.014756944444444444
4 0.5559071729957806 0.7465277777777778 0.009142053445850914 0.012152777777777778
0 0.22679324894514769 0.20182291666666666 0.009142053445850914 0.014756944444444444
10 0.26476793248945146 0.3111979166666667 0.009142053445850914 0.014756944444444444
11 0.5552039381153305 0.7291666666666666 0.009142053445850914 0.012152777777777778
1 0.5559071729957806 0.8428819444444444 0.009142053445850914 0.012152777777777778
11 0.5566104078762306 0.9583333333333334 0.009142053445850914 0.012152777777777778
11 0.26547116736990156 0.86328125 0.009142053445850914 0.014756944444444444
10 0.26547116736990156 0.3433159722222222 0.009142053445850914 0.014756944444444444