1 0.30133614627285515 0.8138020833333334 0.009142053445850914 0.014756944444444444
4 0.2640646976090014 0.16536458333333334 0.009142053445850914 0.014756944444444444
0 0.5566104078762306 0.4635416666666667 0.009142053445850914 0.012152777777777778
3 0.2661744022503516 0.7365451388888888 0.009142053445850914 0.014756944444444444
2 0.22679324894514769 0.2339409722222222 0.009142053445850914 0.014756944444444444
1 0.5566104078762306 0.2847222222222222 0.009142053445850914 0.012152777777777778
1 0.30063291139240506 0.9153645833333334 0.009142053445850914 0.014756944444444444
2 0.26476793248945146 0.3763020833333333 0.009142053445850914 0.014756944444444444
0 0.26476793248945146 0.3111979166666667 0.009142053445850914 0.014756944444444444
6 0.30063291139240506 0.86328125 0.009142053445850914 0.014756944444444444
12 0.2668776371308017 0.7634548611111112 0.009142053445850914 0.014756944444444444
0 0.10021097046413502 0.5811631944444444 0.009142053445850914 0.014756944444444444