1 0.20546875 0.6215469613259669 0.00859375 0.011049723756906077
2 0.1625 0.7690607734806629 0.00859375 0.011049723756906077
1 0.44921875 0.9497237569060774 0.00859375 0.011049723756906077
0 0.4296875 0.6165745856353592 0.00859375 0.011049723756906077
0 0.906640625 0.7110497237569061 0.00859375 0.011049723756906077
8 0.4078125 0.8756906077348067 0.00859375 0.011049723756906077
11 0.8921875 0.3430939226519337 0.00859375 0.011049723756906077
2 0.162890625 0.8756906077348067 0.00859375 0.011049723756906077
2 0.9703125 0.305524861878453 0.00859375 0.011049723756906077
1 0.225390625 0.7530386740331492 0.00859375 0.011049723756906077
1 0.6421875 0.8839779005524862 0.00859375 0.011049723756906077
1 0.1625 0.3983425414364641 0.00859375 0.011049723756906077
6 0.18359375 0.26795580110497236 0.0078125 0.009944751381215469