10 0.2046875 0.4 0.00859375 0.011049723756906077
1 0.225 0.3430939226519337 0.00859375 0.011049723756906077
9 0.450390625 0.674585635359116 0.00859375 0.011049723756906077
12 0.9703125 0.305524861878453 0.00859375 0.011049723756906077
9 0.182421875 0.2861878453038674 0.00859375 0.011049723756906077
10 0.225390625 0.6779005524861879 0.00859375 0.011049723756906077
6 0.204296875 0.9110497237569061 0.00859375 0.011049723756906077
2 0.428515625 0.7121546961325966 0.00859375 0.011049723756906077
2 0.1625 0.474585635359116 0.00859375 0.011049723756906077
3 0.225390625 0.6392265193370166 0.00859375 0.011049723756906077
12 0.18359375 0.3806629834254144 0.00859375 0.011049723756906077
9 0.90546875 0.3237569060773481 0.00859375 0.011049723756906077