10 0.891015625 0.5176795580110497 0.00859375 0.011049723756906077
9 0.40859375 0.5624309392265193 0.00859375 0.011049723756906077
9 0.2046875 0.6585635359116022 0.00859375 0.011049723756906077
11 0.891015625 0.6939226519337016 0.00859375 0.011049723756906077
6 0.40859375 0.7497237569060774 0.00859375 0.011049723756906077
10 0.96171875 0.9613259668508287 0.00859375 0.011049723756906077
10 0.428515625 0.4176795580110497 0.00859375 0.011049723756906077
7 0.97109375 0.7121546961325966 0.00859375 0.011049723756906077
9 0.225390625 0.6779005524861879 0.00859375 0.011049723756906077
10 0.182421875 0.2861878453038674 0.00859375 0.011049723756906077
3 0.1640625 0.6961325966850829 0.00859375 0.011049723756906077
11 0.891015625 0.7668508287292818 0.00859375 0.011049723756906077
6 0.428515625 0.3806629834254144 0.00859375 0.011049723756906077
10 0.1828125 0.30441988950276244 0.00859375 0.011049723756906077