12 0.8921875 0.3430939226519337 0.00859375 0.011049723756906077
10 0.1828125 0.30441988950276244 0.00859375 0.011049723756906077
8 0.641015625 0.9204419889502763 0.00859375 0.011049723756906077
10 0.18359375 0.7530386740331492 0.00859375 0.011049723756906077
11 0.182421875 0.49392265193370166 0.00859375 0.011049723756906077
10 0.906640625 0.7110497237569061 0.00859375 0.011049723756906077
10 0.891796875 0.5552486187845304 0.00859375 0.011049723756906077
9 0.922265625 0.9419889502762431 0.00859375 0.011049723756906077
5 0.6421875 0.581767955801105 0.00859375 0.011049723756906077
12 0.225 0.3430939226519337 0.00859375 0.011049723756906077
10 0.162890625 0.36132596685082874 0.00859375 0.011049723756906077
5 0.1625 0.7690607734806629 0.00859375 0.011049723756906077
12 0.2046875 0.43701657458563536 0.00859375 0.011049723756906077
3 0.44921875 0.9497237569060774 0.00859375 0.011049723756906077