3 0.9703125 0.5370165745856353 0.00859375 0.011049723756906077
0 0.44921875 0.598342541436464 0.00859375 0.011049723756906077
6 0.641796875 0.9585635359116023 0.00859375 0.011049723756906077
7 0.9703125 0.24861878453038674 0.00859375 0.011049723756906077
0 0.97109375 0.7121546961325966 0.00859375 0.011049723756906077
11 0.225 0.3430939226519337 0.00859375 0.011049723756906077
7 0.906640625 0.5359116022099447 0.00859375 0.011049723756906077
0 0.204296875 0.36132596685082874 0.00859375 0.011049723756906077
3 0.162890625 0.43591160220994474 0.00859375 0.011049723756906077
11 0.1828125 0.7154696132596685 0.00859375 0.011049723756906077
11 0.225390625 0.2668508287292818 0.00859375 0.011049723756906077
2 0.204296875 0.9110497237569061 0.00859375 0.011049723756906077
12 0.95546875 0.32486187845303865 0.00859375 0.011049723756906077
11 0.956640625 0.287292817679558 0.00859375 0.011049723756906077
4 0.429296875 0.932596685082873 0.00859375 0.011049723756906077