1 0.162890625 0.32486187845303865 0.00859375 0.011049723756906077
2 0.2046875 0.474585635359116 0.00859375 0.011049723756906077
0 0.204296875 0.9110497237569061 0.00859375 0.011049723756906077
0 0.6421875 0.6176795580110497 0.00859375 0.011049723756906077
0 0.204296875 0.6950276243093922 0.00859375 0.011049723756906077
1 0.450390625 0.3602209944751381 0.00859375 0.011049723756906077
1 0.428515625 0.7121546961325966 0.00859375 0.011049723756906077
3 0.97109375 0.7486187845303868 0.00859375 0.011049723756906077
1 0.429296875 0.932596685082873 0.00859375 0.011049723756906077
11 0.95546875 0.7303867403314918 0.00859375 0.011049723756906077
2 0.90625 0.8055248618784531 0.00859375 0.011049723756906077
0 0.44921875 0.9121546961325967 0.00859375 0.011049723756906077