9 0.44625 0.41807088901801276 0.0425 0.01801278326554329
3 0.94875 0.8904706565950029 0.0425 0.01801278326554329
5 0.3929166666666667 0.637129575828007 0.0425 0.01801278326554329
11 0.9470833333333334 0.6551423590935502 0.0425 0.01801278326554329
1 0.9479166666666666 0.2547937245787333 0.0425 0.01801278326554329
8 0.3929166666666667 0.41807088901801276 0.0425 0.01801278326554329
8 0.9470833333333334 0.08396281231841952 0.0425 0.01801278326554329
0 0.39208333333333334 0.6812899477048228 0.0425 0.01801278326554329
6 0.4454166666666667 0.6824520627542127 0.0425 0.01801278326554329
10 0.39375 0.35066821615339916 0.0425 0.01801278326554329
2 0.4479166666666667 0.12289366647298082 0.0425 0.01801278326554329
1 0.44708333333333333 0.09093550261475886 0.0425 0.01801278326554329
4 0.89625 0.7219639744334689 0.0425 0.01801278326554329
12 0.44625 0.35008715862870426 0.0425 0.01801278326554329