12 0.44625 0.384369552585706 0.0425 0.01801278326554329
2 0.94875 0.4494479953515398 0.0425 0.01801278326554329
12 0.44375 0.637129575828007 0.0425 0.01801278326554329
0 0.94875 0.8904706565950029 0.0425 0.01801278326554329
0 0.44958333333333333 0.8352701917489832 0.0425 0.01801278326554329
0 0.9479166666666666 0.2547937245787333 0.0425 0.01801278326554329
0 0.44625 0.8864032539221383 0.0425 0.01801278326554329
0 0.9479166666666666 0.9218477629285299 0.0425 0.01801278326554329
1 0.4454166666666667 0.15427077280650783 0.0425 0.01801278326554329
6 0.9479166666666666 0.29837303893085415 0.0425 0.01801278326554329
2 0.39375 0.35066821615339916 0.0425 0.01801278326554329
11 0.39625 0.8346891342242883 0.0425 0.01801278326554329