10 0.39458333333333334 0.8852411388727484 0.0425 0.01801278326554329
11 0.3929166666666667 0.08977338756536897 0.0425 0.01801278326554329
4 0.44708333333333333 0.09093550261475886 0.0425 0.01801278326554329
12 0.9479166666666666 0.29837303893085415 0.0425 0.01801278326554329
11 0.9470833333333334 0.08396281231841952 0.0425 0.01801278326554329
9 0.39625 0.8346891342242883 0.0425 0.01801278326554329
7 0.44958333333333333 0.8352701917489832 0.0425 0.01801278326554329
5 0.9470833333333334 0.6551423590935502 0.0425 0.01801278326554329
12 0.3929166666666667 0.637129575828007 0.0425 0.01801278326554329
2 0.3929166666666667 0.4517722254503196 0.0425 0.01801278326554329
2 0.9479166666666666 0.4848925043579314 0.0425 0.01801278326554329
9 0.39208333333333334 0.6812899477048228 0.0425 0.01801278326554329
0 0.9479166666666666 0.9218477629285299 0.0425 0.01801278326554329
12 0.9445833333333333 0.1147588611272516 0.0425 0.01801278326554329