9 0.39625 0.12289366647298082 0.0425 0.01801278326554329
0 0.44625 0.35008715862870426 0.0425 0.01801278326554329
12 0.8945833333333333 0.6551423590935502 0.0425 0.01801278326554329
7 0.3929166666666667 0.08977338756536897 0.0425 0.01801278326554329
0 0.39458333333333334 0.8852411388727484 0.0425 0.01801278326554329
5 0.3929166666666667 0.4517722254503196 0.0425 0.01801278326554329
3 0.8970833333333333 0.6905868680999419 0.0425 0.01801278326554329
0 0.39458333333333334 0.9177803602556653 0.0425 0.01801278326554329
12 0.9479166666666666 0.29837303893085415 0.0425 0.01801278326554329
11 0.4479166666666667 0.12289366647298082 0.0425 0.01801278326554329
10 0.4454166666666667 0.6016850668216154 0.0425 0.01801278326554329
2 0.3929166666666667 0.3832074375363161 0.0425 0.01801278326554329