0 0.44625 0.8864032539221383 0.0425 0.01801278326554329
0 0.44625 0.35008715862870426 0.0425 0.01801278326554329
11 0.3929166666666667 0.3832074375363161 0.0425 0.01801278326554329
4 0.44708333333333333 0.09093550261475886 0.0425 0.01801278326554329
12 0.9470833333333334 0.6551423590935502 0.0425 0.01801278326554329
5 0.8970833333333333 0.6905868680999419 0.0425 0.01801278326554329
7 0.39208333333333334 0.6812899477048228 0.0425 0.01801278326554329
12 0.9479166666666666 0.29837303893085415 0.0425 0.01801278326554329
11 0.9445833333333333 0.1147588611272516 0.0425 0.01801278326554329
10 0.94875 0.8904706565950029 0.0425 0.01801278326554329
12 0.44958333333333333 0.8352701917489832 0.0425 0.01801278326554329