1 0.908883826879271 0.5592391304347826 0.08200455580865604 0.03152173913043478
0 0.4533029612756264 0.7885869565217392 0.08200455580865604 0.03152173913043478
1 0.9066059225512528 0.8048913043478261 0.08200455580865604 0.03152173913043478
0 0.9066059225512528 0.6559782608695652 0.08200455580865604 0.03152173913043478
1 0.4533029612756264 0.5407608695652174 0.08200455580865604 0.03152173913043478
2 0.45558086560364464 0.30380434782608695 0.0774487471526196 0.014130434782608696
1 0.908883826879271 0.27880434782608693 0.08200455580865604 0.03152173913043478
0 0.45558086560364464 0.3516304347826087 0.0774487471526196 0.014130434782608696
0 0.908883826879271 0.4429347826086957 0.08200455580865604 0.03152173913043478
10 0.4533029612756264 0.7559782608695652 0.08200455580865604 0.03152173913043478
7 0.9066059225512528 0.6885869565217392 0.08200455580865604 0.03152173913043478
2 0.45558086560364464 0.3766304347826087 0.08200455580865604 0.03152173913043478