11 0.17604712041884818 0.5347222222222222 0.013089005235602094 0.019444444444444445
8 0.8514397905759162 0.7337962962962963 0.013089005235602094 0.019444444444444445
10 0.7984293193717278 0.3060185185185185 0.013089005235602094 0.019444444444444445
2 0.9476439790575916 0.30833333333333335 0.014397905759162303 0.022222222222222223
0 0.9469895287958116 0.3611111111111111 0.014397905759162303 0.022222222222222223
2 0.8730366492146597 0.36157407407407405 0.013089005235602094 0.019444444444444445
11 0.40772251308900526 0.7347222222222223 0.013089005235602094 0.019444444444444445
10 0.8717277486910995 0.2800925925925926 0.013089005235602094 0.019444444444444445
1 0.7977748691099477 0.4125 0.013089005235602094 0.019444444444444445
4 0.7879581151832461 0.7615740740740741 0.013089005235602094 0.019444444444444445
4 0.9476439790575916 0.38796296296296295 0.014397905759162303 0.022222222222222223
3 0.9502617801047121 0.7078703703703704 0.013089005235602094 0.019444444444444445