2 0.9096858638743456 0.38842592592592595 0.013089005235602094 0.019444444444444445
0 0.8717277486910995 0.2800925925925926 0.013089005235602094 0.019444444444444445
10 0.7990837696335078 0.3337962962962963 0.013089005235602094 0.019444444444444445
4 0.9456806282722513 0.17222222222222222 0.014397905759162303 0.022222222222222223
5 0.725130890052356 0.33194444444444443 0.013089005235602094 0.019444444444444445
10 0.7617801047120419 0.4125 0.013089005235602094 0.019444444444444445
0 0.725130890052356 0.6273148148148148 0.013089005235602094 0.019444444444444445
10 0.9469895287958116 0.14444444444444443 0.014397905759162303 0.022222222222222223
7 0.7617801047120419 0.3837962962962963 0.013089005235602094 0.019444444444444445
4 0.8717277486910995 0.1986111111111111 0.013089005235602094 0.019444444444444445
7 0.9096858638743456 0.30416666666666664 0.013089005235602094 0.019444444444444445
6 0.8723821989528796 0.38657407407407407 0.013089005235602094 0.019444444444444445