9 0.724476439790576 0.25324074074074077 0.013089005235602094 0.019444444444444445
11 0.8723821989528796 0.22453703703703703 0.013089005235602094 0.019444444444444445
8 0.762434554973822 0.3587962962962963 0.013089005235602094 0.019444444444444445
5 0.8730366492146597 0.4097222222222222 0.013089005235602094 0.019444444444444445
11 0.9476439790575916 0.38796296296296295 0.014397905759162303 0.022222222222222223
7 0.9077225130890052 0.1439814814814815 0.013089005235602094 0.019444444444444445
8 0.9469895287958116 0.14444444444444443 0.014397905759162303 0.022222222222222223
11 0.9476439790575916 0.30833333333333335 0.014397905759162303 0.022222222222222223
8 0.7977748691099477 0.4125 0.013089005235602094 0.019444444444444445
10 0.9509162303664922 0.6282407407407408 0.013089005235602094 0.019444444444444445
10 0.7984293193717278 0.46805555555555556 0.013089005235602094 0.019444444444444445
12 0.8723821989528796 0.33287037037037037 0.013089005235602094 0.019444444444444445
8 0.8723821989528796 0.14212962962962963 0.013089005235602094 0.019444444444444445
11 0.7637434554973822 0.22361111111111112 0.013089005235602094 0.019444444444444445