2 0.9103403141361257 0.4412037037037037 0.013089005235602094 0.019444444444444445
0 0.9509162303664922 0.6282407407407408 0.013089005235602094 0.019444444444444445
0 0.725130890052356 0.35694444444444445 0.013089005235602094 0.019444444444444445
0 0.9476439790575916 0.30833333333333335 0.014397905759162303 0.022222222222222223
7 0.9469895287958116 0.4148148148148148 0.014397905759162303 0.022222222222222223
1 0.9096858638743456 0.4134259259259259 0.013089005235602094 0.019444444444444445
0 0.8717277486910995 0.46805555555555556 0.013089005235602094 0.019444444444444445
5 0.7637434554973822 0.22361111111111112 0.013089005235602094 0.019444444444444445
4 0.725130890052356 0.38657407407407407 0.013089005235602094 0.019444444444444445
0 0.8514397905759162 0.7337962962962963 0.013089005235602094 0.019444444444444445
0 0.762434554973822 0.3587962962962963 0.013089005235602094 0.019444444444444445
3 0.7238219895287958 0.27824074074074073 0.013089005235602094 0.019444444444444445