8 0.9096858638743456 0.2763888888888889 0.013089005235602094 0.019444444444444445
12 0.8723821989528796 0.33287037037037037 0.013089005235602094 0.019444444444444445
12 0.7617801047120419 0.4125 0.013089005235602094 0.019444444444444445
0 0.9469895287958116 0.14444444444444443 0.014397905759162303 0.022222222222222223
5 0.9509162303664922 0.6800925925925926 0.013089005235602094 0.019444444444444445
2 0.9096858638743456 0.4134259259259259 0.013089005235602094 0.019444444444444445
0 0.40772251308900526 0.4375 0.013089005235602094 0.019444444444444445
10 0.762434554973822 0.46620370370370373 0.013089005235602094 0.019444444444444445
10 0.7879581151832461 0.6800925925925926 0.013089005235602094 0.019444444444444445
8 0.724476439790576 0.25324074074074077 0.013089005235602094 0.019444444444444445
5 0.8723821989528796 0.3050925925925926 0.013089005235602094 0.019444444444444445
0 0.7990837696335078 0.22268518518518518 0.013089005235602094 0.019444444444444445
12 0.8507853403141361 0.6541666666666667 0.013089005235602094 0.019444444444444445
12 0.9502617801047121 0.7078703703703704 0.013089005235602094 0.019444444444444445
2 0.7990837696335078 0.36064814814814816 0.013089005235602094 0.019444444444444445