0 0.9509162303664922 0.6282407407407408 0.013089005235602094 0.019444444444444445
8 0.7984293193717278 0.3060185185185185 0.013089005235602094 0.019444444444444445
0 0.9469895287958116 0.44074074074074077 0.014397905759162303 0.022222222222222223
7 0.9502617801047121 0.7902777777777777 0.013089005235602094 0.019444444444444445
2 0.9502617801047121 0.6532407407407408 0.013089005235602094 0.019444444444444445
1 0.725130890052356 0.19768518518518519 0.013089005235602094 0.019444444444444445
7 0.7899214659685864 0.6541666666666667 0.013089005235602094 0.019444444444444445
12 0.8717277486910995 0.1986111111111111 0.013089005235602094 0.019444444444444445
10 0.7899214659685864 0.8152777777777778 0.013089005235602094 0.019444444444444445
11 0.9456806282722513 0.17222222222222222 0.014397905759162303 0.022222222222222223
8 0.7257853403141361 0.43842592592592594 0.013089005235602094 0.019444444444444445
0 0.725130890052356 0.1162037037037037 0.013089005235602094 0.019444444444444445
10 0.9096858638743456 0.25046296296296294 0.013089005235602094 0.019444444444444445
0 0.17735602094240838 0.4375 0.013089005235602094 0.019444444444444445
0 0.9456806282722513 0.22407407407407406 0.014397905759162303 0.022222222222222223