3 0.6416015625 0.697265625 0.025390625 0.013671875
7 0.67578125 0.7216796875 0.025390625 0.013671875
10 0.826171875 0.4716796875 0.025390625 0.013671875
11 0.623046875 0.5205078125 0.025390625 0.013671875
3 0.6259765625 0.2880859375 0.025390625 0.013671875
11 0.404296875 0.4736328125 0.025390625 0.013671875
11 0.6416015625 0.794921875 0.025390625 0.013671875
0 0.8251953125 0.744140625 0.025390625 0.013671875
0 0.8271484375 0.6484375 0.025390625 0.013671875
4 0.4501953125 0.3759765625 0.025390625 0.013671875
10 0.625 0.3359375 0.025390625 0.013671875
10 0.861328125 0.6728515625 0.025390625 0.013671875
3 0.8271484375 0.5185546875 0.025390625 0.013671875
11 0.3427734375 0.5947265625 0.025390625 0.013671875