4 0.9169921875 0.701171875 0.025390625 0.013671875
0 0.861328125 0.6728515625 0.025390625 0.013671875
1 0.4501953125 0.3759765625 0.025390625 0.013671875
4 0.640625 0.74609375 0.025390625 0.013671875
2 0.4033203125 0.572265625 0.025390625 0.013671875
5 0.6259765625 0.2880859375 0.025390625 0.013671875
11 0.8583984375 0.7216796875 0.025390625 0.013671875
11 0.623046875 0.5205078125 0.025390625 0.013671875
10 0.916015625 0.748046875 0.025390625 0.013671875
10 0.9501953125 0.6748046875 0.025390625 0.013671875
6 0.8271484375 0.6484375 0.025390625 0.013671875