3 0.625 0.4697265625 0.025390625 0.013671875
3 0.4033203125 0.572265625 0.025390625 0.013671875
8 0.8583984375 0.7216796875 0.025390625 0.013671875
0 0.8583984375 0.494140625 0.025390625 0.013671875
3 0.947265625 0.7216796875 0.025390625 0.013671875
7 0.3427734375 0.5947265625 0.025390625 0.013671875
11 0.6416015625 0.6484375 0.025390625 0.013671875
0 0.623046875 0.5205078125 0.025390625 0.013671875
0 0.341796875 0.5478515625 0.025390625 0.013671875
5 0.3447265625 0.6767578125 0.025390625 0.013671875
10 0.4169921875 0.3291015625 0.025390625 0.013671875