0 0.861328125 0.6728515625 0.025390625 0.013671875
10 0.3818359375 0.3515625 0.025390625 0.013671875
9 0.3447265625 0.6767578125 0.025390625 0.013671875
0 0.6416015625 0.6484375 0.025390625 0.013671875
5 0.8583984375 0.494140625 0.025390625 0.013671875
9 0.404296875 0.4736328125 0.025390625 0.013671875
7 0.640625 0.74609375 0.025390625 0.013671875
11 0.8583984375 0.7216796875 0.025390625 0.013671875
11 0.6240234375 0.3828125 0.025390625 0.013671875
5 0.6416015625 0.697265625 0.025390625 0.013671875
10 0.947265625 0.7216796875 0.025390625 0.013671875
5 0.947265625 0.33984375 0.025390625 0.013671875