0 0.4501953125 0.3046875 0.025390625 0.013671875
5 0.9482421875 0.4921875 0.025390625 0.013671875
8 0.8271484375 0.6484375 0.025390625 0.013671875
4 0.947265625 0.33984375 0.025390625 0.013671875
6 0.380859375 0.3984375 0.025390625 0.013671875
8 0.6748046875 0.6767578125 0.025390625 0.013671875
11 0.640625 0.74609375 0.025390625 0.013671875
0 0.67578125 0.7216796875 0.025390625 0.013671875
9 0.404296875 0.5224609375 0.025390625 0.013671875
0 0.4169921875 0.3291015625 0.025390625 0.013671875
11 0.9169921875 0.6484375 0.025390625 0.013671875