6 0.625 0.3359375 0.025390625 0.013671875
6 0.6259765625 0.2880859375 0.025390625 0.013671875
4 0.916015625 0.748046875 0.025390625 0.013671875
11 0.8251953125 0.744140625 0.025390625 0.013671875
10 0.8271484375 0.697265625 0.025390625 0.013671875
11 0.6240234375 0.3828125 0.025390625 0.013671875
1 0.861328125 0.6728515625 0.025390625 0.013671875
1 0.6748046875 0.6767578125 0.025390625 0.013671875
8 0.4033203125 0.572265625 0.025390625 0.013671875
0 0.3818359375 0.3515625 0.025390625 0.013671875
4 0.826171875 0.4716796875 0.025390625 0.013671875
10 0.3427734375 0.498046875 0.025390625 0.013671875
0 0.4169921875 0.3291015625 0.025390625 0.013671875
7 0.9482421875 0.29296875 0.025390625 0.013671875