9 0.404296875 0.5224609375 0.025390625 0.013671875
3 0.3427734375 0.701171875 0.025390625 0.013671875
4 0.6416015625 0.697265625 0.025390625 0.013671875
1 0.947265625 0.7216796875 0.025390625 0.013671875
2 0.9482421875 0.388671875 0.025390625 0.013671875
8 0.625 0.3359375 0.025390625 0.013671875
2 0.916015625 0.4697265625 0.025390625 0.013671875
4 0.861328125 0.6728515625 0.025390625 0.013671875
10 0.9482421875 0.29296875 0.025390625 0.013671875
5 0.8271484375 0.6484375 0.025390625 0.013671875
5 0.826171875 0.4716796875 0.025390625 0.013671875
3 0.67578125 0.7216796875 0.025390625 0.013671875
9 0.9501953125 0.6748046875 0.025390625 0.013671875