10 0.6259765625 0.2880859375 0.025390625 0.013671875
8 0.9169921875 0.6484375 0.025390625 0.013671875
8 0.404296875 0.5224609375 0.025390625 0.013671875
10 0.8271484375 0.6484375 0.025390625 0.013671875
4 0.4033203125 0.572265625 0.025390625 0.013671875
6 0.380859375 0.3984375 0.025390625 0.013671875
3 0.8271484375 0.697265625 0.025390625 0.013671875
8 0.6240234375 0.3828125 0.025390625 0.013671875
5 0.8251953125 0.744140625 0.025390625 0.013671875
2 0.4501953125 0.3759765625 0.025390625 0.013671875
2 0.341796875 0.5478515625 0.025390625 0.013671875
4 0.9482421875 0.29296875 0.025390625 0.013671875
6 0.623046875 0.5205078125 0.025390625 0.013671875