4 0.6259765625 0.2880859375 0.025390625 0.013671875
10 0.3818359375 0.3515625 0.025390625 0.013671875
3 0.9169921875 0.5166015625 0.025390625 0.013671875
0 0.861328125 0.6728515625 0.025390625 0.013671875
7 0.8251953125 0.744140625 0.025390625 0.013671875
8 0.947265625 0.7216796875 0.025390625 0.013671875
8 0.9501953125 0.6748046875 0.025390625 0.013671875
3 0.67578125 0.7216796875 0.025390625 0.013671875
0 0.9169921875 0.6484375 0.025390625 0.013671875
8 0.625 0.3359375 0.025390625 0.013671875
0 0.380859375 0.3984375 0.025390625 0.013671875