5 0.4501953125 0.3046875 0.025390625 0.013671875
10 0.8271484375 0.5185546875 0.025390625 0.013671875
10 0.9169921875 0.701171875 0.025390625 0.013671875
10 0.916015625 0.4697265625 0.025390625 0.013671875
0 0.8583984375 0.494140625 0.025390625 0.013671875
1 0.4169921875 0.3291015625 0.025390625 0.013671875
1 0.380859375 0.2822265625 0.025390625 0.013671875
0 0.4501953125 0.3759765625 0.025390625 0.013671875
0 0.3427734375 0.498046875 0.025390625 0.013671875
0 0.8271484375 0.6484375 0.025390625 0.013671875
2 0.6748046875 0.6767578125 0.025390625 0.013671875
0 0.8271484375 0.697265625 0.025390625 0.013671875