8 0.9482421875 0.4921875 0.025390625 0.013671875
10 0.3427734375 0.5947265625 0.025390625 0.013671875
11 0.625 0.4697265625 0.025390625 0.013671875
11 0.9482421875 0.29296875 0.025390625 0.013671875
0 0.8583984375 0.7216796875 0.025390625 0.013671875
8 0.8271484375 0.5185546875 0.025390625 0.013671875
10 0.9501953125 0.6748046875 0.025390625 0.013671875
9 0.4501953125 0.3759765625 0.025390625 0.013671875
11 0.67578125 0.7685546875 0.025390625 0.013671875
2 0.404296875 0.4736328125 0.025390625 0.013671875
3 0.3447265625 0.6767578125 0.025390625 0.013671875