0 0.625 0.4697265625 0.025390625 0.013671875
4 0.4501953125 0.3759765625 0.025390625 0.013671875
9 0.9169921875 0.701171875 0.025390625 0.013671875
9 0.916015625 0.748046875 0.025390625 0.013671875
3 0.6416015625 0.697265625 0.025390625 0.013671875
0 0.380859375 0.3984375 0.025390625 0.013671875
8 0.6416015625 0.6484375 0.025390625 0.013671875
9 0.6416015625 0.794921875 0.025390625 0.013671875
11 0.3427734375 0.5947265625 0.025390625 0.013671875
5 0.8251953125 0.744140625 0.025390625 0.013671875
1 0.861328125 0.6728515625 0.025390625 0.013671875
9 0.4501953125 0.3046875 0.025390625 0.013671875