9 0.625 0.4697265625 0.025390625 0.013671875
9 0.947265625 0.7216796875 0.025390625 0.013671875
6 0.380859375 0.3984375 0.025390625 0.013671875
9 0.8271484375 0.5185546875 0.025390625 0.013671875
8 0.4169921875 0.3291015625 0.025390625 0.013671875
6 0.67578125 0.7216796875 0.025390625 0.013671875
0 0.9482421875 0.388671875 0.025390625 0.013671875
10 0.6748046875 0.6767578125 0.025390625 0.013671875
1 0.6259765625 0.2880859375 0.025390625 0.013671875
11 0.8271484375 0.697265625 0.025390625 0.013671875
10 0.9501953125 0.6748046875 0.025390625 0.013671875