6 0.6416015625 0.794921875 0.025390625 0.013671875
0 0.3447265625 0.6767578125 0.025390625 0.013671875
4 0.8583984375 0.494140625 0.025390625 0.013671875
1 0.3818359375 0.3515625 0.025390625 0.013671875
4 0.4501953125 0.3759765625 0.025390625 0.013671875
11 0.4033203125 0.572265625 0.025390625 0.013671875
3 0.6748046875 0.6767578125 0.025390625 0.013671875
1 0.826171875 0.4716796875 0.025390625 0.013671875
10 0.380859375 0.2822265625 0.025390625 0.013671875
10 0.9169921875 0.5166015625 0.025390625 0.013671875
1 0.9169921875 0.701171875 0.025390625 0.013671875