10 0.67578125 0.7685546875 0.025390625 0.013671875
2 0.826171875 0.4716796875 0.025390625 0.013671875
0 0.4501953125 0.3046875 0.025390625 0.013671875
3 0.3427734375 0.5947265625 0.025390625 0.013671875
11 0.916015625 0.4697265625 0.025390625 0.013671875
11 0.380859375 0.3984375 0.025390625 0.013671875
0 0.404296875 0.4736328125 0.025390625 0.013671875
10 0.6240234375 0.3828125 0.025390625 0.013671875
6 0.404296875 0.5224609375 0.025390625 0.013671875
9 0.9169921875 0.6484375 0.025390625 0.013671875
10 0.8271484375 0.5185546875 0.025390625 0.013671875
5 0.861328125 0.6728515625 0.025390625 0.013671875
8 0.947265625 0.33984375 0.025390625 0.013671875