0 0.3818359375 0.3515625 0.025390625 0.013671875
4 0.67578125 0.7685546875 0.025390625 0.013671875
0 0.861328125 0.6728515625 0.025390625 0.013671875
0 0.6416015625 0.697265625 0.025390625 0.013671875
11 0.947265625 0.7216796875 0.025390625 0.013671875
11 0.341796875 0.5478515625 0.025390625 0.013671875
9 0.4501953125 0.3759765625 0.025390625 0.013671875
0 0.3427734375 0.701171875 0.025390625 0.013671875
5 0.4033203125 0.572265625 0.025390625 0.013671875
2 0.380859375 0.2822265625 0.025390625 0.013671875
11 0.4169921875 0.3291015625 0.025390625 0.013671875
10 0.916015625 0.748046875 0.025390625 0.013671875
10 0.625 0.3359375 0.025390625 0.013671875
11 0.67578125 0.7216796875 0.025390625 0.013671875
5 0.3427734375 0.498046875 0.025390625 0.013671875