11 0.792132587859425 0.42604049493813273 0.009984025559105431 0.011811023622047244
0 0.6607428115015974 0.2297525309336333 0.009984025559105431 0.011811023622047244
5 0.1459664536741214 0.20500562429696287 0.009984025559105431 0.011811023622047244
2 0.6619408945686901 0.9648481439820022 0.009984025559105431 0.011811023622047244
7 0.14556709265175719 0.6183914510686164 0.009984025559105431 0.011811023622047244
8 0.14636581469648563 0.2753093363329584 0.009984025559105431 0.011811023622047244
10 0.7877396166134185 0.18082114735658042 0.009984025559105431 0.011811023622047244
6 0.18430511182108625 0.9429133858267716 0.009984025559105431 0.011811023622047244
0 0.6535543130990416 0.42604049493813273 0.009984025559105431 0.011811023622047244
6 0.29972044728434505 0.7944319460067492 0.009984025559105431 0.011811023622047244
0 0.45307507987220447 0.9114173228346457 0.009984025559105431 0.011811023622047244
5 0.6759185303514377 0.577334083239595 0.009984025559105431 0.011811023622047244
10 0.3113019169329074 0.23312710911136109 0.009984025559105431 0.011811023622047244
0 0.9265175718849841 0.9502249718785152 0.00878594249201278 0.012935883014623173
9 0.8029153354632588 0.44797525309336333 0.009984025559105431 0.011811023622047244