7 0.4914137380191693 0.2567491563554556 0.009984025559105431 0.011811023622047244
8 0.30011980830670926 0.8394263217097863 0.009984025559105431 0.011811023622047244
10 0.9726437699680511 0.2983689538807649 0.009984025559105431 0.011811023622047244
11 0.9291134185303515 0.4620359955005624 0.009984025559105431 0.011811023622047244
11 0.792132587859425 0.42604049493813273 0.009984025559105431 0.011811023622047244
3 0.9380990415335463 0.8309898762654668 0.00878594249201278 0.012935883014623173
2 0.14556709265175719 0.3838582677165354 0.009984025559105431 0.011811023622047244
2 0.9291134185303515 0.22862767154105737 0.009984025559105431 0.011811023622047244
11 0.455870607028754 0.18644544431946006 0.009984025559105431 0.011811023622047244
2 0.8049121405750799 0.8264904386951631 0.009984025559105431 0.011811023622047244
11 0.6607428115015974 0.2297525309336333 0.009984025559105431 0.011811023622047244