5 0.14556709265175719 0.2516872890888639 0.009984025559105431 0.011811023622047244
7 0.6751198083067093 0.6009561304836896 0.009984025559105431 0.011811023622047244
8 0.29972044728434505 0.7466254218222722 0.009984025559105431 0.011811023622047244
9 0.9726437699680511 0.2983689538807649 0.009984025559105431 0.011811023622047244
10 0.9295127795527156 0.2736220472440945 0.009984025559105431 0.011811023622047244
11 0.6531549520766773 0.7623734533183352 0.009984025559105431 0.011811023622047244
5 0.14556709265175719 0.6183914510686164 0.009984025559105431 0.011811023622047244
3 0.30011980830670926 0.8394263217097863 0.009984025559105431 0.011811023622047244
5 0.14556709265175719 0.3838582677165354 0.009984025559105431 0.011811023622047244
1 0.14636581469648563 0.18363329583802024 0.009984025559105431 0.011811023622047244
9 0.9544728434504792 0.96822272215973 0.00878594249201278 0.012935883014623173
0 0.14636581469648563 0.2753093363329584 0.009984025559105431 0.011811023622047244
9 0.6735223642172524 0.9417885264341957 0.009984025559105431 0.011811023622047244
9 0.6759185303514377 0.8321147356580427 0.009984025559105431 0.011811023622047244
6 0.9376996805111821 0.9266029246344207 0.00878594249201278 0.012935883014623173