3 0.4914137380191693 0.2567491563554556 0.009984025559105431 0.011811023622047244
8 0.3105031948881789 0.41929133858267714 0.009984025559105431 0.011811023622047244
0 0.4910143769968051 0.4204161979752531 0.009984025559105431 0.011811023622047244
0 0.9656549520766773 0.9029808773903262 0.00878594249201278 0.012935883014623173
6 0.14556709265175719 0.6183914510686164 0.009984025559105431 0.011811023622047244
7 0.45507188498402557 0.5137795275590551 0.009984025559105431 0.011811023622047244
2 0.18430511182108625 0.9429133858267716 0.009984025559105431 0.011811023622047244
9 0.8085063897763578 0.29611923509561305 0.009984025559105431 0.011811023622047244
5 0.9376996805111821 0.8568616422947132 0.00878594249201278 0.012935883014623173
0 0.8053115015974441 0.7786839145106862 0.009984025559105431 0.011811023622047244
11 0.6531549520766773 0.7623734533183352 0.009984025559105431 0.011811023622047244
10 0.9376996805111821 0.9266029246344207 0.00878594249201278 0.012935883014623173
5 0.9652555910543131 0.6448256467941508 0.00878594249201278 0.012935883014623173
2 0.42631789137380194 0.9356017997750281 0.009984025559105431 0.011811023622047244