11 0.3105031948881789 0.1858830146231721 0.009984025559105431 0.011811023622047244
2 0.4854233226837061 0.6830708661417323 0.009984025559105431 0.011811023622047244
7 0.7917332268370607 0.37935883014623173 0.009984025559105431 0.011811023622047244
0 0.9656549520766773 0.9029808773903262 0.00878594249201278 0.012935883014623173
10 0.29972044728434505 0.8861079865016873 0.009984025559105431 0.011811023622047244
8 0.6555511182108626 0.44797525309336333 0.009984025559105431 0.011811023622047244
6 0.8049121405750799 0.8264904386951631 0.009984025559105431 0.011811023622047244
5 0.8085063897763578 0.29611923509561305 0.009984025559105431 0.011811023622047244
5 0.9380990415335463 0.8309898762654668 0.00878594249201278 0.012935883014623173
8 0.9784345047923323 0.8804836895388076 0.00878594249201278 0.012935883014623173
8 0.6743210862619808 0.6240157480314961 0.009984025559105431 0.011811023622047244
8 0.7873402555910544 0.5329021372328459 0.009984025559105431 0.011811023622047244
8 0.7865415335463258 0.6510123734533183 0.009984025559105431 0.011811023622047244
4 0.792132587859425 0.42604049493813273 0.009984025559105431 0.011811023622047244
10 0.30011980830670926 0.8394263217097863 0.009984025559105431 0.011811023622047244