3 0.45427316293929715 0.3984814398200225 0.009984025559105431 0.011811023622047244
1 0.9291134185303515 0.22862767154105737 0.009984025559105431 0.011811023622047244
4 0.674720447284345 0.5306524184476941 0.009984025559105431 0.011811023622047244
4 0.7873402555910544 0.5329021372328459 0.009984025559105431 0.011811023622047244
2 0.659944089456869 0.18250843644544432 0.009984025559105431 0.011811023622047244
10 0.9494808306709265 0.20613048368953882 0.009984025559105431 0.011811023622047244
10 0.3101038338658147 0.27924634420697414 0.009984025559105431 0.011811023622047244
8 0.7917332268370607 0.37935883014623173 0.009984025559105431 0.011811023622047244
10 0.4910143769968051 0.30568053993250843 0.009984025559105431 0.011811023622047244
5 0.7869408945686901 0.27249718785151855 0.009984025559105431 0.011811023622047244
0 0.45307507987220447 0.9114173228346457 0.009984025559105431 0.011811023622047244