3 0.45467252396166136 0.44460067491563554 0.009984025559105431 0.011811023622047244
4 0.49181309904153353 0.5385264341957255 0.009984025559105431 0.011811023622047244
4 0.8029153354632588 0.44797525309336333 0.009984025559105431 0.011811023622047244
2 0.4862220447284345 0.7275028121484814 0.009984025559105431 0.011811023622047244
11 0.9287140575079872 0.39004499437570306 0.009984025559105431 0.011811023622047244
4 0.6607428115015974 0.2297525309336333 0.009984025559105431 0.011811023622047244
10 0.4854233226837061 0.6830708661417323 0.009984025559105431 0.011811023622047244
9 0.1459664536741214 0.29893138357705284 0.009984025559105431 0.011811023622047244
0 0.6751198083067093 0.6009561304836896 0.009984025559105431 0.011811023622047244
5 0.4910143769968051 0.4204161979752531 0.009984025559105431 0.011811023622047244
10 0.3117012779552716 0.4423509561304837 0.009984025559105431 0.011811023622047244
10 0.3101038338658147 0.37429696287964004 0.009984025559105431 0.011811023622047244
9 0.3101038338658147 0.5598987626546682 0.009984025559105431 0.011811023622047244
6 0.2985223642172524 0.6521372328458943 0.009984025559105431 0.011811023622047244
9 0.6555511182108626 0.44797525309336333 0.009984025559105431 0.011811023622047244