8 0.9388977635782748 0.7848706411698537 0.00878594249201278 0.012935883014623173
10 0.9291134185303515 0.18194600674915637 0.009984025559105431 0.011811023622047244
2 0.14636581469648563 0.18363329583802024 0.009984025559105431 0.011811023622047244
11 0.792132587859425 0.42604049493813273 0.009984025559105431 0.011811023622047244
10 0.16114217252396165 0.8084926884139483 0.009984025559105431 0.011811023622047244
8 0.3109025559105431 0.5115298087739033 0.009984025559105431 0.011811023622047244
7 0.3113019169329074 0.23312710911136109 0.009984025559105431 0.011811023622047244
9 0.9291134185303515 0.22862767154105737 0.009984025559105431 0.011811023622047244
8 0.18430511182108625 0.9429133858267716 0.009984025559105431 0.011811023622047244
10 0.49181309904153353 0.5385264341957255 0.009984025559105431 0.011811023622047244
11 0.8049121405750799 0.8264904386951631 0.009984025559105431 0.011811023622047244
2 0.9380990415335463 0.8309898762654668 0.00878594249201278 0.012935883014623173
9 0.8037140575079872 0.40129358830146233 0.009984025559105431 0.011811023622047244
6 0.674720447284345 0.5306524184476941 0.009984025559105431 0.011811023622047244