6 0.6527555910543131 0.8084926884139483 0.009984025559105431 0.011811023622047244
0 0.14636581469648563 0.2753093363329584 0.009984025559105431 0.011811023622047244
1 0.3113019169329074 0.32761529808773904 0.009984025559105431 0.011811023622047244
10 0.45507188498402557 0.5137795275590551 0.009984025559105431 0.011811023622047244
9 0.3101038338658147 0.27924634420697414 0.009984025559105431 0.011811023622047244
9 0.42631789137380194 0.9114173228346457 0.009984025559105431 0.011811023622047244
0 0.49221246006389774 0.2106299212598425 0.009984025559105431 0.011811023622047244
9 0.1459664536741214 0.22919010123734535 0.009984025559105431 0.011811023622047244
2 0.8037140575079872 0.40129358830146233 0.009984025559105431 0.011811023622047244
8 0.9291134185303515 0.18194600674915637 0.009984025559105431 0.011811023622047244
6 0.29972044728434505 0.7944319460067492 0.009984025559105431 0.011811023622047244
8 0.6531549520766773 0.7623734533183352 0.009984025559105431 0.011811023622047244