1 0.455870607028754 0.18644544431946006 0.009984025559105431 0.011811023622047244
0 0.9257188498402555 0.8101799775028121 0.00878594249201278 0.012935883014623173
9 0.42631789137380194 0.9356017997750281 0.009984025559105431 0.011811023622047244
11 0.16114217252396165 0.8084926884139483 0.009984025559105431 0.011811023622047244
10 0.45307507987220447 0.8883577052868391 0.009984025559105431 0.011811023622047244
1 0.18430511182108625 0.9429133858267716 0.009984025559105431 0.011811023622047244
3 0.9265175718849841 0.9502249718785152 0.00878594249201278 0.012935883014623173
2 0.3113019169329074 0.32761529808773904 0.009984025559105431 0.011811023622047244
10 0.3101038338658147 0.27924634420697414 0.009984025559105431 0.011811023622047244
0 0.42631789137380194 0.9114173228346457 0.009984025559105431 0.011811023622047244
3 0.6531549520766773 0.7623734533183352 0.009984025559105431 0.011811023622047244
4 0.7865415335463258 0.6510123734533183 0.009984025559105431 0.011811023622047244