11 0.28801719505642126 0.6457858769931663 0.017195056421278884 0.017463933181473046
5 0.28747984954325634 0.7805618830675778 0.010746910263299301 0.016704631738800303
10 0.739387426114992 0.33675018982536065 0.017195056421278884 0.017463933181473046
3 0.7635679742074154 0.4533029612756264 0.010746910263299301 0.016704631738800303
10 0.7555077915099409 0.781700835231587 0.017195056421278884 0.017463933181473046
5 0.28801719505642126 0.4058466211085801 0.017195056421278884 0.017463933181473046
10 0.5878559914024718 0.530751708428246 0.010746910263299301 0.016704631738800303
6 0.7571198280494358 0.8728170083523159 0.017195056421278884 0.017463933181473046
8 0.261687264911338 0.884206529992407 0.017195056421278884 0.017463933181473046
0 0.28801719505642126 0.564540622627183 0.017195056421278884 0.017463933181473046
2 0.739924771628157 0.29422930903568717 0.017195056421278884 0.017463933181473046
2 0.8017195056421279 0.8006833712984055 0.017195056421278884 0.017463933181473046