8 0.4723267060720043 0.6366742596810934 0.017195056421278884 0.017463933181473046
0 0.9043524986566363 0.4741837509491268 0.017195056421278884 0.017463933181473046
11 0.261687264911338 0.8014426727410782 0.017195056421278884 0.017463933181473046
1 0.5142396560988716 0.5273348519362187 0.017195056421278884 0.017463933181473046
9 0.7555077915099409 0.781700835231587 0.017195056421278884 0.017463933181473046
7 0.5577646426652337 0.5508731966590736 0.017195056421278884 0.017463933181473046
9 0.47178936055883935 0.7414578587699316 0.017195056421278884 0.017463933181473046
5 0.26276195593766793 0.9259681093394078 0.017195056421278884 0.017463933181473046
7 0.5873186458893068 0.48291571753986334 0.010746910263299301 0.016704631738800303
0 0.261687264911338 0.8409263477600607 0.017195056421278884 0.017463933181473046
1 0.9043524986566363 0.3838268792710706 0.017195056421278884 0.017463933181473046
4 0.5572272971520688 0.4643128321943812 0.017195056421278884 0.017463933181473046
5 0.9247716281569048 0.4510250569476082 0.010746910263299301 0.016704631738800303