3 0.47340139709833423 0.6974183750949127 0.017195056421278884 0.017463933181473046
9 0.261687264911338 0.8409263477600607 0.017195056421278884 0.017463933181473046
11 0.738312735088662 0.24715261958997722 0.017195056421278884 0.017463933181473046
11 0.5572272971520688 0.4643128321943812 0.017195056421278884 0.017463933181473046
10 0.9247716281569048 0.4085041761579347 0.010746910263299301 0.016704631738800303
1 0.9253089736700698 0.31662870159453305 0.010746910263299301 0.016704631738800303
10 0.5910800644814616 0.9206529992406985 0.017195056421278884 0.017463933181473046
9 0.7565824825362708 0.9191343963553531 0.017195056421278884 0.017463933181473046
2 0.739387426114992 0.3823082763857251 0.017195056421278884 0.017463933181473046
0 0.5577646426652337 0.7634776006074412 0.017195056421278884 0.017463933181473046
11 0.738312735088662 0.5220197418375095 0.017195056421278884 0.017463933181473046