11 0.28801719505642126 0.564540622627183 0.017195056421278884 0.017463933181473046
4 0.7635679742074154 0.4054669703872437 0.010746910263299301 0.016704631738800303
8 0.28801719505642126 0.6063022019741837 0.017195056421278884 0.017463933181473046
11 0.28801719505642126 0.2949886104783599 0.017195056421278884 0.017463933181473046
5 0.7549704459967759 0.8234624145785877 0.017195056421278884 0.017463933181473046
3 0.9043524986566363 0.4741837509491268 0.017195056421278884 0.017463933181473046
6 0.26276195593766793 0.7619589977220956 0.017195056421278884 0.017463933181473046
0 0.5873186458893068 0.48291571753986334 0.010746910263299301 0.016704631738800303
9 0.16872649113379903 0.6457858769931663 0.017195056421278884 0.017463933181473046
0 0.47178936055883935 0.7414578587699316 0.017195056421278884 0.017463933181473046
7 0.261687264911338 0.8409263477600607 0.017195056421278884 0.017463933181473046
0 0.5910800644814616 0.9206529992406985 0.017195056421278884 0.017463933181473046
10 0.17033852767329394 0.564540622627183 0.017195056421278884 0.017463933181473046