4 0.7646426652337452 0.2718299164768413 0.010746910263299301 0.016704631738800303
11 0.26276195593766793 0.7619589977220956 0.017195056421278884 0.017463933181473046
4 0.261687264911338 0.884206529992407 0.017195056421278884 0.017463933181473046
4 0.261687264911338 0.8409263477600607 0.017195056421278884 0.017463933181473046
5 0.9253089736700698 0.31662870159453305 0.010746910263299301 0.016704631738800303
10 0.5142396560988716 0.4407744874715262 0.017195056421278884 0.017463933181473046
9 0.5142396560988716 0.5273348519362187 0.017195056421278884 0.017463933181473046
0 0.5577646426652337 0.4422930903568717 0.017195056421278884 0.017463933181473046
4 0.5889306824288018 0.44267274107820803 0.010746910263299301 0.016704631738800303
4 0.5572272971520688 0.5918754745634016 0.017195056421278884 0.017463933181473046
6 0.7619559376679205 0.31662870159453305 0.010746910263299301 0.016704631738800303
3 0.26276195593766793 0.9259681093394078 0.017195056421278884 0.017463933181473046
5 0.5921547555077915 0.24943052391799544 0.017195056421278884 0.017463933181473046