7 0.28747984954325634 0.3830675778283979 0.017195056421278884 0.017463933181473046
5 0.5142396560988716 0.5273348519362187 0.017195056421278884 0.017463933181473046
0 0.9043524986566363 0.517463933181473 0.017195056421278884 0.017463933181473046
3 0.261687264911338 0.884206529992407 0.017195056421278884 0.017463933181473046
0 0.16872649113379903 0.6040242976461655 0.017195056421278884 0.017463933181473046
10 0.7635679742074154 0.4533029612756264 0.010746910263299301 0.016704631738800303
2 0.5878559914024718 0.530751708428246 0.010746910263299301 0.016704631738800303
4 0.5561526061257388 0.6996962794229309 0.017195056421278884 0.017463933181473046
4 0.22568511552928533 0.5842824601366743 0.017195056421278884 0.017463933181473046
11 0.2246104245029554 0.544039483675019 0.017195056421278884 0.017463933181473046
6 0.28747984954325634 0.33826879271070615 0.017195056421278884 0.017463933181473046
8 0.7635679742074154 0.357630979498861 0.010746910263299301 0.016704631738800303