5 0.5900053734551316 0.2911921032649962 0.017195056421278884 0.017463933181473046
2 0.5126276195593766 0.6564160971905847 0.017195056421278884 0.017463933181473046
6 0.5142396560988716 0.5273348519362187 0.017195056421278884 0.017463933181473046
6 0.17033852767329394 0.564540622627183 0.017195056421278884 0.017463933181473046
10 0.9059645351961311 0.29422930903568717 0.017195056421278884 0.017463933181473046
9 0.5577646426652337 0.7634776006074412 0.017195056421278884 0.017463933181473046
1 0.5873186458893068 0.6545178435839029 0.010746910263299301 0.016704631738800303
3 0.5857066093498119 0.785876993166287 0.010746910263299301 0.016704631738800303
0 0.28801719505642126 0.6063022019741837 0.017195056421278884 0.017463933181473046
11 0.47340139709833423 0.7839787395596052 0.017195056421278884 0.017463933181473046
7 0.5572272971520688 0.570615034168565 0.017195056421278884 0.017463933181473046
7 0.7571198280494358 0.7323462414578588 0.017195056421278884 0.017463933181473046
0 0.261687264911338 0.884206529992407 0.017195056421278884 0.017463933181473046