10 0.16872649113379903 0.6457858769931663 0.017195056421278884 0.017463933181473046
11 0.4691026329930145 0.9039483675018982 0.017195056421278884 0.017463933181473046
0 0.9247716281569048 0.49582384206529995 0.010746910263299301 0.016704631738800303
10 0.7571198280494358 0.7323462414578588 0.017195056421278884 0.017463933181473046
8 0.738312735088662 0.5220197418375095 0.017195056421278884 0.017463933181473046
3 0.5561526061257388 0.6996962794229309 0.017195056421278884 0.017463933181473046
10 0.7571198280494358 0.8728170083523159 0.017195056421278884 0.017463933181473046
8 0.5878559914024718 0.5907365223993926 0.010746910263299301 0.016704631738800303
2 0.738312735088662 0.24715261958997722 0.017195056421278884 0.017463933181473046
9 0.5583019881783987 0.5288534548215642 0.017195056421278884 0.017463933181473046
0 0.9043524986566363 0.4741837509491268 0.017195056421278884 0.017463933181473046
0 0.5572272971520688 0.570615034168565 0.017195056421278884 0.017463933181473046
11 0.5878559914024718 0.530751708428246 0.010746910263299301 0.016704631738800303