7 0.9048898441698012 0.4286256643887623 0.017195056421278884 0.017463933181473046
0 0.2246104245029554 0.544039483675019 0.017195056421278884 0.017463933181473046
8 0.5561526061257388 0.8029612756264237 0.017195056421278884 0.017463933181473046
10 0.28694250403009136 0.8230827638572513 0.010746910263299301 0.016704631738800303
5 0.5900053734551316 0.26917236142748674 0.017195056421278884 0.017463933181473046
10 0.9043524986566363 0.517463933181473 0.017195056421278884 0.017463933181473046
11 0.5153143471252015 0.7194381169324222 0.017195056421278884 0.017463933181473046
1 0.47340139709833423 0.7839787395596052 0.017195056421278884 0.017463933181473046
3 0.5910800644814616 0.9206529992406985 0.017195056421278884 0.017463933181473046
0 0.26276195593766793 0.9259681093394078 0.017195056421278884 0.017463933181473046
1 0.5873186458893068 0.6545178435839029 0.010746910263299301 0.016704631738800303
7 0.5572272971520688 0.5918754745634016 0.017195056421278884 0.017463933181473046
8 0.800644814615798 0.7566438876233865 0.017195056421278884 0.017463933181473046
0 0.5889306824288018 0.44267274107820803 0.010746910263299301 0.016704631738800303