10 0.5583019881783987 0.5288534548215642 0.017195056421278884 0.017463933181473046
0 0.738312735088662 0.5220197418375095 0.017195056421278884 0.017463933181473046
10 0.7635679742074154 0.4054669703872437 0.010746910263299301 0.016704631738800303
3 0.738312735088662 0.47494305239179957 0.017195056421278884 0.017463933181473046
1 0.5910800644814616 0.9206529992406985 0.017195056421278884 0.017463933181473046
11 0.28747984954325634 0.36104783599088835 0.017195056421278884 0.017463933181473046
6 0.5921547555077915 0.24943052391799544 0.017195056421278884 0.017463933181473046
7 0.8017195056421279 0.8971146545178436 0.017195056421278884 0.017463933181473046
0 0.7635679742074154 0.49658314350797267 0.010746910263299301 0.016704631738800303
9 0.5878559914024718 0.7198177676537585 0.010746910263299301 0.016704631738800303
8 0.47178936055883935 0.4415337889141989 0.017195056421278884 0.017463933181473046
11 0.7571198280494358 0.8728170083523159 0.017195056421278884 0.017463933181473046
1 0.7372380440623321 0.4263477600607441 0.017195056421278884 0.017463933181473046
6 0.28694250403009136 0.27145026575550496 0.017195056421278884 0.017463933181473046
11 0.5561526061257388 0.6366742596810934 0.017195056421278884 0.017463933181473046