9 0.739387426114992 0.3823082763857251 0.017195056421278884 0.017463933181473046
11 0.28747984954325634 0.3830675778283979 0.017195056421278884 0.017463933181473046
11 0.2262224610424503 0.626044039483675 0.017195056421278884 0.017463933181473046
8 0.5921547555077915 0.24943052391799544 0.017195056421278884 0.017463933181473046
6 0.9043524986566363 0.3838268792710706 0.017195056421278884 0.017463933181473046
1 0.5857066093498119 0.785876993166287 0.010746910263299301 0.016704631738800303
0 0.9253089736700698 0.2718299164768413 0.010746910263299301 0.016704631738800303
10 0.7571198280494358 0.7323462414578588 0.017195056421278884 0.017463933181473046
10 0.5572272971520688 0.570615034168565 0.017195056421278884 0.017463933181473046
2 0.5878559914024718 0.7198177676537585 0.010746910263299301 0.016704631738800303
3 0.28801719505642126 0.4058466211085801 0.017195056421278884 0.017463933181473046
5 0.800107469102633 0.8477600607441154 0.017195056421278884 0.017463933181473046
0 0.5572272971520688 0.4643128321943812 0.017195056421278884 0.017463933181473046
8 0.7565824825362708 0.9191343963553531 0.017195056421278884 0.017463933181473046