6 0.47340139709833423 0.7839787395596052 0.017195056421278884 0.017463933181473046
8 0.5916174099946265 0.3344722854973424 0.017195056421278884 0.017463933181473046
9 0.5583019881783987 0.5288534548215642 0.017195056421278884 0.017463933181473046
9 0.7619559376679205 0.5413819286256644 0.010746910263299301 0.016704631738800303
7 0.9247716281569048 0.49582384206529995 0.010746910263299301 0.016704631738800303
10 0.2262224610424503 0.6655277145026576 0.017195056421278884 0.017463933181473046
7 0.28747984954325634 0.7805618830675778 0.010746910263299301 0.016704631738800303
3 0.739387426114992 0.3823082763857251 0.017195056421278884 0.017463933181473046
11 0.28747984954325634 0.33826879271070615 0.017195056421278884 0.017463933181473046
7 0.9043524986566363 0.3838268792710706 0.017195056421278884 0.017463933181473046
10 0.28747984954325634 0.3830675778283979 0.017195056421278884 0.017463933181473046
6 0.28694250403009136 0.27145026575550496 0.017195056421278884 0.017463933181473046
6 0.738312735088662 0.24715261958997722 0.017195056421278884 0.017463933181473046