0 0.4905982905982906 0.9254633360193393 0.018233618233618232 0.016921837228041903
10 0.30313390313390315 0.43795326349717967 0.018233618233618232 0.016921837228041903
8 0.09515669515669516 0.8311845286059629 0.018233618233618232 0.016921837228041903
7 0.30427350427350425 0.701450443190975 0.018233618233618232 0.016921837228041903
9 0.49230769230769234 0.773972602739726 0.018233618233618232 0.016921837228041903
0 0.9692307692307692 0.7747784045124899 0.018233618233618232 0.016921837228041903
8 0.3037037037037037 0.3098307816277196 0.018233618233618232 0.016921837228041903
0 0.49173789173789173 0.3597904915390814 0.012535612535612535 0.015310233682514102
8 0.19829059829059828 0.3098307816277196 0.018233618233618232 0.016921837228041903
6 0.19886039886039886 0.830378726833199 0.018233618233618232 0.016921837228041903
0 0.8552706552706553 0.25825946817082995 0.018233618233618232 0.016921837228041903
10 0.7350427350427351 0.290491539081386 0.018233618233618232 0.016921837228041903
0 0.30427350427350425 0.17767929089443996 0.018233618233618232 0.016921837228041903
5 0.4928774928774929 0.25906526994359386 0.012535612535612535 0.015310233682514102