3 0.6148148148148148 0.2550362610797744 0.018233618233618232 0.016921837228041903
10 0.7350427350427351 0.19218372280419016 0.018233618233618232 0.016921837228041903
1 0.7356125356125356 0.4903303787268332 0.018233618233618232 0.016921837228041903
7 0.9686609686609686 0.878726833199033 0.018233618233618232 0.016921837228041903
3 0.4905982905982906 0.8763094278807413 0.018233618233618232 0.016921837228041903
8 0.9675213675213675 0.34206285253827556 0.018233618233618232 0.016921837228041903
0 0.4603988603988604 0.23569701853344077 0.012535612535612535 0.015310233682514102
8 0.9675213675213675 0.927880741337631 0.018233618233618232 0.016921837228041903
0 0.7333333333333333 0.3920225624496374 0.018233618233618232 0.016921837228041903
0 0.6153846153846154 0.11079774375503626 0.018233618233618232 0.016921837228041903
8 0.30313390313390315 0.43795326349717967 0.018233618233618232 0.016921837228041903
1 0.09515669515669516 0.8311845286059629 0.018233618233618232 0.016921837228041903
4 0.49230769230769234 0.773972602739726 0.018233618233618232 0.016921837228041903
11 0.7356125356125356 0.34206285253827556 0.018233618233618232 0.016921837228041903