10 0.7356125356125356 0.8771152296535052 0.018233618233618232 0.016921837228041903
10 0.30427350427350425 0.701450443190975 0.018233618233618232 0.016921837228041903
6 0.4603988603988604 0.38477034649476227 0.012535612535612535 0.015310233682514102
10 0.49173789173789173 0.8271555197421434 0.018233618233618232 0.016921837228041903
9 0.7356125356125356 0.7038678485092668 0.018233618233618232 0.016921837228041903
6 0.8575498575498576 0.35576148267526186 0.018233618233618232 0.016921837228041903
9 0.7350427350427351 0.6555197421434327 0.018233618233618232 0.016921837228041903
2 0.452991452991453 0.8996776792908945 0.018233618233618232 0.016921837228041903
2 0.8535612535612536 0.7530217566478646 0.018233618233618232 0.016921837228041903
10 0.8552706552706553 0.9536663980660758 0.018233618233618232 0.016921837228041903
10 0.46096866096866096 0.18331990330378728 0.012535612535612535 0.015310233682514102
10 0.49173789173789173 0.10757453666398066 0.012535612535612535 0.015310233682514102
0 0.6153846153846154 0.8771152296535052 0.018233618233618232 0.016921837228041903