11 0.9692307692307692 0.6232876712328768 0.018233618233618232 0.016921837228041903
5 0.6153846153846154 0.7771958098307816 0.018233618233618232 0.016921837228041903
11 0.7344729344729345 0.5531829170024174 0.018233618233618232 0.016921837228041903
0 0.7333333333333333 0.3920225624496374 0.018233618233618232 0.016921837228041903
7 0.49173789173789173 0.41055600322320707 0.012535612535612535 0.015310233682514102
3 0.09515669515669516 0.7006446414182111 0.018233618233618232 0.016921837228041903
1 0.8547008547008547 0.9125705076551168 0.018233618233618232 0.016921837228041903
7 0.49173789173789173 0.6087832393231265 0.018233618233618232 0.016921837228041903
1 0.30313390313390315 0.43795326349717967 0.018233618233618232 0.016921837228041903
8 0.9675213675213675 0.34206285253827556 0.018233618233618232 0.016921837228041903
10 0.8558404558404559 0.21232876712328766 0.018233618233618232 0.016921837228041903
9 0.6153846153846154 0.4484286865431104 0.018233618233618232 0.016921837228041903