11 0.19886039886039886 0.4371474617244158 0.018233618233618232 0.016921837228041903
7 0.6153846153846154 0.6804995970991137 0.018233618233618232 0.016921837228041903
0 0.7350427350427351 0.290491539081386 0.018233618233618232 0.016921837228041903
10 0.7350427350427351 0.24133763094278807 0.018233618233618232 0.016921837228041903
0 0.7333333333333333 0.3920225624496374 0.018233618233618232 0.016921837228041903
4 0.7350427350427351 0.8279613215149073 0.018233618233618232 0.016921837228041903
9 0.19886039886039886 0.830378726833199 0.018233618233618232 0.016921837228041903
2 0.6148148148148148 0.2550362610797744 0.018233618233618232 0.016921837228041903
2 0.4928774928774929 0.25906526994359386 0.012535612535612535 0.015310233682514102
4 0.9675213675213675 0.927880741337631 0.018233618233618232 0.016921837228041903
0 0.4905982905982906 0.725624496373892 0.018233618233618232 0.016921837228041903
5 0.6153846153846154 0.3984689766317486 0.018233618233618232 0.016921837228041903
4 0.6148148148148148 0.6305398871877518 0.018233618233618232 0.016921837228041903