0 0.7350427350427351 0.290491539081386 0.018233618233618232 0.016921837228041903
0 0.46096866096866096 0.3356164383561644 0.012535612535612535 0.015310233682514102
0 0.0962962962962963 0.9609186140209508 0.018233618233618232 0.016921837228041903
3 0.9686609686609686 0.878726833199033 0.018233618233618232 0.016921837228041903
2 0.6153846153846154 0.4484286865431104 0.018233618233618232 0.016921837228041903
0 0.09515669515669516 0.17767929089443996 0.018233618233618232 0.016921837228041903
5 0.49173789173789173 0.10757453666398066 0.012535612535612535 0.015310233682514102
3 0.452991452991453 0.7997582594681708 0.018233618233618232 0.016921837228041903
4 0.7350427350427351 0.19218372280419016 0.018233618233618232 0.016921837228041903
5 0.4547008547008547 0.8497179693795326 0.018233618233618232 0.016921837228041903
4 0.4603988603988604 0.2832393231265109 0.012535612535612535 0.015310233682514102