10 0.19886039886039886 0.4371474617244158 0.018233618233618232 0.016921837228041903
7 0.4905982905982906 0.8763094278807413 0.018233618233618232 0.016921837228041903
0 0.6148148148148148 0.30257856567284447 0.018233618233618232 0.016921837228041903
10 0.6153846153846154 0.8771152296535052 0.018233618233618232 0.016921837228041903
7 0.45356125356125354 0.7006446414182111 0.018233618233618232 0.016921837228041903
0 0.4547008547008547 0.8497179693795326 0.018233618233618232 0.016921837228041903
11 0.4603988603988604 0.2832393231265109 0.012535612535612535 0.015310233682514102
9 0.8535612535612536 0.7530217566478646 0.018233618233618232 0.016921837228041903
10 0.7350427350427351 0.19218372280419016 0.018233618233618232 0.016921837228041903
10 0.7356125356125356 0.9286865431103949 0.018233618233618232 0.016921837228041903
11 0.9692307692307692 0.6232876712328768 0.018233618233618232 0.016921837228041903
10 0.9686609686609686 0.3920225624496374 0.018233618233618232 0.016921837228041903
0 0.6153846153846154 0.11079774375503626 0.018233618233618232 0.016921837228041903
4 0.7350427350427351 0.8279613215149073 0.018233618233618232 0.016921837228041903
9 0.19829059829059828 0.3098307816277196 0.018233618233618232 0.016921837228041903