10 0.19886039886039886 0.4371474617244158 0.018233618233618232 0.016921837228041903
6 0.8552706552706553 0.6023368251410153 0.018233618233618232 0.016921837228041903
11 0.7356125356125356 0.4903303787268332 0.018233618233618232 0.016921837228041903
7 0.8552706552706553 0.4742143432715552 0.018233618233618232 0.016921837228041903
8 0.7350427350427351 0.290491539081386 0.018233618233618232 0.016921837228041903
6 0.7356125356125356 0.8771152296535052 0.018233618233618232 0.016921837228041903
4 0.4928774928774929 0.20749395648670427 0.012535612535612535 0.015310233682514102
6 0.2 0.17767929089443996 0.018233618233618232 0.016921837228041903
2 0.6153846153846154 0.6804995970991137 0.018233618233618232 0.016921837228041903
5 0.8547008547008547 0.9125705076551168 0.018233618233618232 0.016921837228041903
9 0.4547008547008547 0.749798549556809 0.018233618233618232 0.016921837228041903
8 0.30427350427350425 0.701450443190975 0.018233618233618232 0.016921837228041903
10 0.46096866096866096 0.18331990330378728 0.012535612535612535 0.015310233682514102
3 0.09743589743589744 0.4403706688154714 0.018233618233618232 0.016921837228041903
7 0.452991452991453 0.7997582594681708 0.018233618233618232 0.016921837228041903