4 0.20056980056980056 0.701450443190975 0.018233618233618232 0.016921837228041903
0 0.6153846153846154 0.15995165189363417 0.018233618233618232 0.016921837228041903
0 0.4603988603988604 0.2832393231265109 0.012535612535612535 0.015310233682514102
0 0.6136752136752137 0.8271555197421434 0.018233618233618232 0.016921837228041903
8 0.852991452991453 0.5427074939564867 0.018233618233618232 0.016921837228041903
10 0.8547008547008547 0.9125705076551168 0.018233618233618232 0.016921837228041903
7 0.6153846153846154 0.927880741337631 0.018233618233618232 0.016921837228041903
4 0.9692307692307692 0.7747784045124899 0.018233618233618232 0.016921837228041903
10 0.9692307692307692 0.6232876712328768 0.018233618233618232 0.016921837228041903
11 0.45356125356125354 0.7006446414182111 0.018233618233618232 0.016921837228041903
11 0.6148148148148148 0.30257856567284447 0.018233618233618232 0.016921837228041903
9 0.6148148148148148 0.5789685737308622 0.018233618233618232 0.016921837228041903
0 0.4547008547008547 0.5330378726833199 0.018233618233618232 0.016921837228041903
5 0.8552706552706553 0.7989524576954069 0.018233618233618232 0.016921837228041903
0 0.9675213675213675 0.2937147461724416 0.018233618233618232 0.016921837228041903