5 0.8552706552706553 0.4742143432715552 0.018233618233618232 0.016921837228041903
1 0.6153846153846154 0.15995165189363417 0.018233618233618232 0.016921837228041903
2 0.4928774928774929 0.20749395648670427 0.012535612535612535 0.015310233682514102
0 0.6153846153846154 0.3984689766317486 0.018233618233618232 0.016921837228041903
3 0.9669515669515669 0.4443996776792909 0.018233618233618232 0.016921837228041903
5 0.4928774928774929 0.25906526994359386 0.012535612535612535 0.015310233682514102
5 0.6153846153846154 0.6804995970991137 0.018233618233618232 0.016921837228041903
0 0.6153846153846154 0.11079774375503626 0.018233618233618232 0.016921837228041903
8 0.6136752136752137 0.8271555197421434 0.018233618233618232 0.016921837228041903
7 0.6148148148148148 0.6305398871877518 0.018233618233618232 0.016921837228041903
4 0.6153846153846154 0.927880741337631 0.018233618233618232 0.016921837228041903
1 0.30313390313390315 0.5701047542304593 0.018233618233618232 0.016921837228041903