10 0.5566750629722922 0.527876631079478 0.010075566750629723 0.014234875444839857
5 0.5608732157850546 0.24673784104389088 0.010075566750629723 0.014234875444839857
0 0.6213266162888329 0.19217081850533807 0.010075566750629723 0.014234875444839857
2 0.1809403862300588 0.465005931198102 0.01595298068849706 0.02372479240806643
7 0.6221662468513854 0.26334519572953735 0.010075566750629723 0.014234875444839857
0 0.021410579345088162 0.6144721233689205 0.01595298068849706 0.02372479240806643
8 0.17170445004198154 0.3428232502965599 0.009235936188077247 0.009489916963226572
5 0.5071368597816961 0.3902728351126928 0.010075566750629723 0.014234875444839857
9 0.5566750629722922 0.34638196915776986 0.010075566750629723 0.014234875444839857
8 0.5566750629722922 0.49347568208778175 0.010075566750629723 0.014234875444839857
5 0.5197313182199832 0.36180308422301305 0.010075566750629723 0.014234875444839857
10 0.5608732157850546 0.1376037959667853 0.010075566750629723 0.014234875444839857