11 0.1809403862300588 0.465005931198102 0.01595298068849706 0.02372479240806643
0 0.17170445004198154 0.3428232502965599 0.009235936188077247 0.009489916963226572
8 0.6221662468513854 0.17437722419928825 0.010075566750629723 0.014234875444839857
11 0.5608732157850546 0.15658362989323843 0.010075566750629723 0.014234875444839857
4 0.5205709487825357 0.2846975088967972 0.010075566750629723 0.014234875444839857
0 0.6221662468513854 0.15658362989323843 0.010075566750629723 0.014234875444839857
7 0.6221662468513854 0.2823250296559905 0.010075566750629723 0.014234875444839857
4 0.5617128463476071 0.19217081850533807 0.010075566750629723 0.014234875444839857
5 0.6221662468513854 0.1376037959667853 0.010075566750629723 0.014234875444839857
9 0.6087321578505458 0.1387900355871886 0.010075566750629723 0.014234875444839857
0 0.013853904282115869 0.8030842230130486 0.009235936188077247 0.009489916963226572
10 0.17338371116708648 0.5183867141162515 0.009235936188077247 0.009489916963226572