1 0.634978229317852 0.6704675028506272 0.007901951298177712 0.013683010262257697
5 0.5109659732301242 0.467787913340935 0.007901951298177712 0.013683010262257697
8 0.37066602160941786 0.6083238312428735 0.007901951298177712 0.013683010262257697
2 0.4779067892275439 0.467787913340935 0.007901951298177712 0.013683010262257697
1 0.3564747621351395 0.40849486887115166 0.007901951298177712 0.013683010262257697
7 0.3087405257216578 0.2870581527936146 0.007901951298177712 0.013683010262257697
8 0.32244799225931303 0.6636259977194983 0.007901951298177712 0.013683010262257697
6 0.8378487340751491 0.765678449258837 0.007901951298177712 0.013683010262257697
5 0.8609095307208515 0.346921322690992 0.007901951298177712 0.013683010262257697
9 0.3414771810998226 0.4284492588369441 0.007901951298177712 0.013683010262257697
0 0.9594420254797613 0.7408779931584949 0.007901951298177712 0.013683010262257697