8 0.34763397947548463 0.725 0.016818700114025087 0.01935483870967742
0 0.9615165336374002 0.8887096774193548 0.013112884834663626 0.01935483870967742
10 0.5025655644241733 0.9403225806451613 0.013112884834663626 0.01935483870967742
10 0.5389110604332953 0.6366935483870968 0.016818700114025087 0.01935483870967742
9 0.5025655644241733 0.9641129032258065 0.013112884834663626 0.01935483870967742
7 0.9370011402508552 0.8455645161290323 0.013112884834663626 0.01935483870967742
1 0.2127993158494869 0.6838709677419355 0.033352337514253136 0.020967741935483872
9 0.7363169897377423 0.9604838709677419 0.013112884834663626 0.01935483870967742
3 0.5276510832383124 0.964516129032258 0.013112884834663626 0.01935483870967742
9 0.3675883694412771 0.425 0.033352337514253136 0.020967741935483872
2 0.9372862029646523 0.9358870967741936 0.013112884834663626 0.01935483870967742
8 0.7363169897377423 0.932258064516129 0.013112884834663626 0.01935483870967742
10 0.5028506271379704 0.8637096774193549 0.013112884834663626 0.01935483870967742