11 0.14597315436241612 0.928232502965599 0.008389261744966443 0.013048635824436536
2 0.19546979865771813 0.6838671411625148 0.008389261744966443 0.013048635824436536
10 0.462248322147651 0.19750889679715303 0.008389261744966443 0.013048635824436536
7 0.6124161073825504 0.21648873072360617 0.008389261744966443 0.013048635824436536
9 0.8808724832214765 0.34223013048635825 0.008389261744966443 0.013048635824436536
11 0.9010067114093959 0.28647686832740216 0.008389261744966443 0.013048635824436536
7 0.8062080536912751 0.49762752075919336 0.008389261744966443 0.013048635824436536
1 0.22651006711409397 0.666073546856465 0.008389261744966443 0.013048635824436536
7 0.5176174496644296 0.35765124555160144 0.008389261744966443 0.013048635824436536
4 0.5419463087248322 0.43001186239620404 0.008389261744966443 0.013048635824436536
0 0.8062080536912751 0.46441281138790036 0.008389261744966443 0.013048635824436536
0 0.22902684563758388 0.36595492289442466 0.008389261744966443 0.013048635824436536
1 0.6031879194630873 0.9116251482799526 0.008389261744966443 0.013048635824436536
9 0.6057046979865772 0.6435349940688019 0.008389261744966443 0.013048635824436536