10 0.2600671140939597 0.33155397390272834 0.008389261744966443 0.013048635824436536
7 0.6057046979865772 0.6625148279952551 0.008389261744966443 0.013048635824436536
3 0.8062080536912751 0.46441281138790036 0.008389261744966443 0.013048635824436536
1 0.9471476510067114 0.34104389086595494 0.008389261744966443 0.013048635824436536
2 0.2600671140939597 0.2615658362989324 0.008389261744966443 0.013048635824436536
10 0.22651006711409397 0.7016607354685647 0.008389261744966443 0.013048635824436536
10 0.9714765100671141 0.28647686832740216 0.008389261744966443 0.013048635824436536
0 0.14513422818791946 0.8938315539739027 0.008389261744966443 0.013048635824436536
9 0.613255033557047 0.18090154211150652 0.008389261744966443 0.013048635824436536
2 0.19546979865771813 0.7384341637010676 0.008389261744966443 0.013048635824436536
0 0.6031879194630873 0.9460260972716489 0.008389261744966443 0.013048635824436536
10 0.2902684563758389 0.31494661921708184 0.008389261744966443 0.013048635824436536
10 0.25083892617449666 0.7218268090154211 0.008389261744966443 0.013048635824436536
7 0.947986577181208 0.3066429418742586 0.008389261744966443 0.013048635824436536