8 0.5595065312046444 0.9427023945267959 0.007901951298177712 0.013683010262257697
11 0.3413159167876149 0.2668187001140251 0.007901951298177712 0.013683010262257697
11 0.3529269472665699 0.6915621436716077 0.007901951298177712 0.013683010262257697
0 0.5261248185776488 0.4284492588369441 0.007901951298177712 0.013683010262257697
11 0.5596677955168521 0.9236031927023945 0.007901951298177712 0.013683010262257697
11 0.5261248185776488 0.2864880273660205 0.007901951298177712 0.013683010262257697
8 0.8222060957910015 0.1781641961231471 0.007901951298177712 0.013683010262257697
3 0.33760683760683763 0.7183580387685291 0.007901951298177712 0.013683010262257697
10 0.3698597000483793 0.6909920182440137 0.007901951298177712 0.013683010262257697
1 0.12280277374616998 0.21978335233751425 0.007901951298177712 0.013683010262257697
0 0.6186905337848734 0.8606043329532497 0.007901951298177712 0.013683010262257697