0 0.025608732157850547 0.7568208778173191 0.01595298068849706 0.02372479240806643
4 0.013853904282115869 0.8030842230130486 0.009235936188077247 0.009489916963226572
6 0.5734676742233418 0.265717674970344 0.010075566750629723 0.014234875444839857
0 0.17338371116708648 0.66785290628707 0.009235936188077247 0.009489916963226572
7 0.6087321578505458 0.1387900355871886 0.010075566750629723 0.014234875444839857
4 0.5188916876574308 0.32977461447212336 0.010075566750629723 0.014234875444839857
0 0.17170445004198154 0.3701067615658363 0.009235936188077247 0.009489916963226572
4 0.6221662468513854 0.26334519572953735 0.010075566750629723 0.014234875444839857
0 0.5566750629722922 0.527876631079478 0.010075566750629723 0.014234875444839857
7 0.014693534844668345 0.8185053380782918 0.009235936188077247 0.009489916963226572
2 0.6087321578505458 0.2265717674970344 0.010075566750629723 0.014234875444839857
9 0.17338371116708648 0.8054567022538552 0.009235936188077247 0.009489916963226572
1 0.5734676742233418 0.2823250296559905 0.010075566750629723 0.014234875444839857
10 0.014693534844668345 0.35231316725978645 0.009235936188077247 0.009489916963226572