7 0.3264796000645057 0.46864310148232613 0.007901951298177712 0.013683010262257697
5 0.370020964360587 0.7177879133409351 0.007901951298177712 0.013683010262257697
5 0.7514110627318175 0.49002280501710377 0.007901951298177712 0.013683010262257697
2 0.3529269472665699 0.6088939566704675 0.007901951298177712 0.013683010262257697
8 0.5114497661667473 0.5096921322690992 0.007901951298177712 0.013683010262257697
6 0.850104821802935 0.6359749144811858 0.007901951298177712 0.013683010262257697
0 0.6146589259796807 0.3922462941847206 0.007901951298177712 0.013683010262257697
6 0.30728914691178844 0.8281071835803877 0.007901951298177712 0.013683010262257697
4 0.3564747621351395 0.24629418472063855 0.007901951298177712 0.013683010262257697
4 0.9592807611675537 0.9179019384264538 0.007901951298177712 0.013683010262257697
11 0.28309950008063217 0.7998859749144812 0.007901951298177712 0.013683010262257697
7 0.47242380261248185 0.9144811858608894 0.007901951298177712 0.013683010262257697
7 0.8378487340751491 0.765678449258837 0.007901951298177712 0.013683010262257697