9 0.5025655644241733 0.9641129032258065 0.013112884834663626 0.01935483870967742
5 0.5276510832383124 0.8879032258064516 0.013112884834663626 0.01935483870967742
9 0.9370011402508552 0.8455645161290323 0.013112884834663626 0.01935483870967742
8 0.9372862029646523 0.9358870967741936 0.013112884834663626 0.01935483870967742
7 0.8978050171037628 0.6201612903225806 0.02708095781071836 0.02338709677419355
11 0.34806157354618017 0.6709677419354839 0.01767388825541619 0.01935483870967742
0 0.30273660205245156 0.8358870967741936 0.013112884834663626 0.01935483870967742
8 0.30273660205245156 0.8661290322580645 0.013112884834663626 0.01935483870967742
0 0.30188141391106044 0.8955645161290322 0.013112884834663626 0.01935483870967742
5 0.8718643101482326 0.3556451612903226 0.016818700114025087 0.01935483870967742
7 0.34763397947548463 0.697983870967742 0.016818700114025087 0.01935483870967742
0 0.3675883694412771 0.425 0.033352337514253136 0.020967741935483872