4 0.8610707950330592 0.44042189281641964 0.007901951298177712 0.013683010262257697
10 0.5064505724883084 0.8409350057012542 0.007901951298177712 0.013683010262257697
4 0.6156265118529269 0.5057012542759407 0.007901951298177712 0.013683010262257697
10 0.370020964360587 0.7733751425313569 0.007901951298177712 0.013683010262257697
10 0.3082567327850347 0.48945267958950966 0.007901951298177712 0.013683010262257697
5 0.30793420416061923 0.40820980615735464 0.007901951298177712 0.013683010262257697
10 0.5595065312046444 0.9427023945267959 0.007901951298177712 0.013683010262257697
2 0.33760683760683763 0.8004561003420753 0.007901951298177712 0.013683010262257697
0 0.6944847605224964 0.21949828962371723 0.007901951298177712 0.013683010262257697
2 0.3524431543299468 0.8269669327251995 0.007901951298177712 0.013683010262257697
11 0.28309950008063217 0.6088939566704675 0.007901951298177712 0.013683010262257697