7 0.5188916876574308 0.32977461447212336 0.010075566750629723 0.014234875444839857
8 0.5566750629722922 0.5088967971530249 0.010075566750629723 0.014234875444839857
8 0.17338371116708648 0.5183867141162515 0.009235936188077247 0.009489916963226572
10 0.5617128463476071 0.19217081850533807 0.010075566750629723 0.014234875444839857
5 0.023089840470193114 0.31198102016607354 0.01595298068849706 0.02372479240806643
3 0.5608732157850546 0.15658362989323843 0.010075566750629723 0.014234875444839857
11 0.5566750629722922 0.527876631079478 0.010075566750629723 0.014234875444839857
8 0.6087321578505458 0.24673784104389088 0.010075566750629723 0.014234875444839857
10 0.17338371116708648 0.66785290628707 0.009235936188077247 0.009489916963226572
8 0.014693534844668345 0.6512455516014235 0.009235936188077247 0.009489916963226572
0 0.5079764903442485 0.17319098457888493 0.010075566750629723 0.014234875444839857
9 0.014693534844668345 0.36773428232502964 0.009235936188077247 0.009489916963226572
0 0.5734676742233418 0.265717674970344 0.010075566750629723 0.014234875444839857