5 0.7363169897377423 0.8754032258064516 0.013112884834663626 0.01935483870967742
4 0.34806157354618017 0.6709677419354839 0.01767388825541619 0.01935483870967742
0 0.8978050171037628 0.6201612903225806 0.02708095781071836 0.02338709677419355
1 0.08338084378563283 0.6838709677419355 0.033352337514253136 0.020967741935483872
3 0.5028506271379704 0.8387096774193549 0.013112884834663626 0.01935483870967742
3 0.9378563283922463 0.8887096774193548 0.013112884834663626 0.01935483870967742
9 0.5025655644241733 0.9641129032258065 0.013112884834663626 0.01935483870967742
0 0.27765108323831245 0.8391129032258065 0.013112884834663626 0.01935483870967742
6 0.7363169897377423 0.9032258064516129 0.013112884834663626 0.01935483870967742
2 0.8710091220068416 0.2979838709677419 0.016818700114025087 0.01935483870967742
5 0.2782212086659065 0.8959677419354839 0.013112884834663626 0.01935483870967742
9 0.9370011402508552 0.8455645161290323 0.013112884834663626 0.01935483870967742