6 0.5167785234899329 0.48102016607354686 0.008389261744966443 0.013048635824436536
6 0.5679530201342282 0.41340450771055753 0.008389261744966443 0.013048635824436536
0 0.6031879194630873 0.9460260972716489 0.008389261744966443 0.013048635824436536
10 0.2902684563758389 0.36595492289442466 0.008389261744966443 0.013048635824436536
0 0.19546979865771813 0.6838671411625148 0.008389261744966443 0.013048635824436536
1 0.4773489932885906 0.6637010676156584 0.008389261744966443 0.013048635824436536
4 0.462248322147651 0.1619217081850534 0.008389261744966443 0.013048635824436536
1 0.8062080536912751 0.46441281138790036 0.008389261744966443 0.013048635824436536
7 0.4773489932885906 0.6281138790035588 0.008389261744966443 0.013048635824436536
10 0.22902684563758388 0.2781731909845789 0.008389261744966443 0.013048635824436536
11 0.7600671140939598 0.3220640569395018 0.008389261744966443 0.013048635824436536