0 0.46308724832214765 0.1785290628706999 0.008389261744966443 0.013048635824436536
4 0.5671140939597316 0.4288256227758007 0.008389261744966443 0.013048635824436536
6 0.20469798657718122 0.31494661921708184 0.008389261744966443 0.013048635824436536
4 0.5679530201342282 0.3956109134045077 0.008389261744966443 0.013048635824436536
1 0.5167785234899329 0.48102016607354686 0.008389261744966443 0.013048635824436536
2 0.613255033557047 0.1631079478054567 0.008389261744966443 0.013048635824436536
11 0.6031879194630873 0.8404507710557533 0.008389261744966443 0.013048635824436536
10 0.20553691275167785 0.2615658362989324 0.008389261744966443 0.013048635824436536
8 0.2902684563758389 0.31494661921708184 0.008389261744966443 0.013048635824436536
2 0.6057046979865772 0.6625148279952551 0.008389261744966443 0.013048635824436536
7 0.8070469798657718 0.6921708185053381 0.008389261744966443 0.013048635824436536
10 0.8070469798657718 0.5498220640569395 0.008389261744966443 0.013048635824436536
8 0.8808724832214765 0.34223013048635825 0.008389261744966443 0.013048635824436536