1 0.5419463087248322 0.43001186239620404 0.008389261744966443 0.013048635824436536
1 0.8808724832214765 0.28647686832740216 0.008389261744966443 0.013048635824436536
10 0.9723154362416108 0.3066429418742586 0.008389261744966443 0.013048635824436536
11 0.947986577181208 0.3066429418742586 0.008389261744966443 0.013048635824436536
7 0.30201342281879195 0.8819691577698695 0.008389261744966443 0.013048635824436536
0 0.6065436241610739 0.6969157769869514 0.008389261744966443 0.013048635824436536
11 0.9010067114093959 0.28647686832740216 0.008389261744966443 0.013048635824436536
10 0.5419463087248322 0.5 0.008389261744966443 0.013048635824436536
0 0.20469798657718122 0.31494661921708184 0.008389261744966443 0.013048635824436536
3 0.14513422818791946 0.8760379596678529 0.008389261744966443 0.013048635824436536
9 0.462248322147651 0.19750889679715303 0.008389261744966443 0.013048635824436536
1 0.20553691275167785 0.36595492289442466 0.008389261744966443 0.013048635824436536