3 0.23573825503355705 0.5011862396204033 0.008389261744966443 0.013048635824436536
1 0.462248322147651 0.19750889679715303 0.008389261744966443 0.013048635824436536
2 0.462248322147651 0.1619217081850534 0.008389261744966443 0.013048635824436536
0 0.5167785234899329 0.41340450771055753 0.008389261744966443 0.013048635824436536
5 0.6057046979865772 0.6791221826809015 0.008389261744966443 0.013048635824436536
2 0.6065436241610739 0.6969157769869514 0.008389261744966443 0.013048635824436536
11 0.9672818791946308 0.46322657176749704 0.008389261744966443 0.013048635824436536
7 0.5419463087248322 0.43001186239620404 0.008389261744966443 0.013048635824436536
9 0.5419463087248322 0.46441281138790036 0.008389261744966443 0.013048635824436536
10 0.23573825503355705 0.5201660735468565 0.008389261744966443 0.013048635824436536
10 0.6031879194630873 0.9294187425860023 0.008389261744966443 0.013048635824436536