7 0.17338371116708648 0.8232502965599051 0.009235936188077247 0.009489916963226572
6 0.5079764903442485 0.17319098457888493 0.010075566750629723 0.014234875444839857
5 0.023089840470193114 0.46144721233689207 0.01595298068849706 0.02372479240806643
11 0.5188916876574308 0.32977461447212336 0.010075566750629723 0.014234875444839857
4 0.5608732157850546 0.24673784104389088 0.010075566750629723 0.014234875444839857
3 0.014693534844668345 0.36773428232502964 0.009235936188077247 0.009489916963226572
5 0.025608732157850547 0.9395017793594306 0.01595298068849706 0.02372479240806643
11 0.5617128463476071 0.19217081850533807 0.010075566750629723 0.014234875444839857
0 0.6087321578505458 0.17319098457888493 0.010075566750629723 0.014234875444839857
0 0.014693534844668345 0.8185053380782918 0.009235936188077247 0.009489916963226572
11 0.5079764903442485 0.1376037959667853 0.010075566750629723 0.014234875444839857
3 0.6095717884130982 0.2846975088967972 0.010075566750629723 0.014234875444839857
3 0.17338371116708648 0.8054567022538552 0.009235936188077247 0.009489916963226572