10 0.5734676742233418 0.15658362989323843 0.010075566750629723 0.014234875444839857
0 0.5566750629722922 0.5088967971530249 0.010075566750629723 0.014234875444839857
10 0.5071368597816961 0.15776986951364175 0.010075566750629723 0.014234875444839857
7 0.5734676742233418 0.265717674970344 0.010075566750629723 0.014234875444839857
0 0.014693534844668345 0.36773428232502964 0.009235936188077247 0.009489916963226572
7 0.1809403862300588 0.465005931198102 0.01595298068849706 0.02372479240806643
1 0.023089840470193114 0.46144721233689207 0.01595298068849706 0.02372479240806643
6 0.5734676742233418 0.17319098457888493 0.010075566750629723 0.014234875444839857
7 0.17170445004198154 0.3428232502965599 0.009235936188077247 0.009489916963226572
5 0.17338371116708648 0.8054567022538552 0.009235936188077247 0.009489916963226572
10 0.5205709487825357 0.1542111506524318 0.010075566750629723 0.014234875444839857
10 0.6087321578505458 0.2111506524317912 0.010075566750629723 0.014234875444839857
10 0.5071368597816961 0.36061684460260973 0.010075566750629723 0.014234875444839857