4 0.21336944127708096 0.425 0.033352337514253136 0.020967741935483872
10 0.34763397947548463 0.697983870967742 0.016818700114025087 0.01935483870967742
5 0.30273660205245156 0.8661290322580645 0.013112884834663626 0.01935483870967742
8 0.6942702394526796 0.3725806451612903 0.016818700114025087 0.01935483870967742
8 0.7363169897377423 0.9032258064516129 0.013112884834663626 0.01935483870967742
5 0.512115165336374 0.3443548387096774 0.016818700114025087 0.01935483870967742
11 0.6948403648802737 0.3439516129032258 0.016818700114025087 0.01935483870967742
2 0.3675883694412771 0.425 0.033352337514253136 0.020967741935483872
10 0.5028506271379704 0.8387096774193549 0.013112884834663626 0.01935483870967742
11 0.5276510832383124 0.9141129032258064 0.013112884834663626 0.01935483870967742
9 0.8978050171037628 0.6201612903225806 0.02708095781071836 0.02338709677419355
8 0.8710091220068416 0.2979838709677419 0.016818700114025087 0.01935483870967742