0 0.8318819545234639 0.22063854047890535 0.007901951298177712 0.013683010262257697
9 0.3529269472665699 0.6915621436716077 0.007901951298177712 0.013683010262257697
10 0.341799709724238 0.24686431014823262 0.007901951298177712 0.013683010262257697
11 0.8507498790517658 0.5872291904218928 0.007901951298177712 0.013683010262257697
2 0.9820190291888405 0.7651083238312428 0.007901951298177712 0.013683010262257697
0 0.5596677955168521 0.9236031927023945 0.007901951298177712 0.013683010262257697
5 0.3566360264473472 0.26653363740022806 0.007901951298177712 0.013683010262257697
0 0.12280277374616998 0.21978335233751425 0.007901951298177712 0.013683010262257697
1 0.30793420416061923 0.40820980615735464 0.007901951298177712 0.013683010262257697
11 0.3527656829543622 0.7457240592930444 0.007901951298177712 0.013683010262257697
8 0.49564586357039186 0.2876282782212087 0.007901951298177712 0.013683010262257697
8 0.3259958071278826 0.44783352337514254 0.007901951298177712 0.013683010262257697
1 0.9294468634091275 0.8474914481185861 0.007901951298177712 0.013683010262257697