3 0.27765108323831245 0.8391129032258065 0.013112884834663626 0.01935483870967742
2 0.34763397947548463 0.725 0.016818700114025087 0.01935483870967742
5 0.512115165336374 0.3443548387096774 0.016818700114025087 0.01935483870967742
8 0.6934150513112884 0.3157258064516129 0.016818700114025087 0.01935483870967742
0 0.8978050171037628 0.6201612903225806 0.02708095781071836 0.02338709677419355
11 0.5028506271379704 0.8387096774193549 0.013112884834663626 0.01935483870967742
9 0.5276510832383124 0.8387096774193549 0.013112884834663626 0.01935483870967742
6 0.4847491448118586 0.6391129032258065 0.016818700114025087 0.01935483870967742
4 0.34806157354618017 0.6709677419354839 0.01767388825541619 0.01935483870967742
3 0.5034207525655644 0.8887096774193548 0.013112884834663626 0.01935483870967742
2 0.5034207525655644 0.9153225806451613 0.013112884834663626 0.01935483870967742
3 0.9372862029646523 0.9358870967741936 0.013112884834663626 0.01935483870967742
0 0.5028506271379704 0.8637096774193549 0.013112884834663626 0.01935483870967742
3 0.2782212086659065 0.8959677419354839 0.013112884834663626 0.01935483870967742
0 0.3675883694412771 0.425 0.033352337514253136 0.020967741935483872