5 0.5276510832383124 0.9395161290322581 0.013112884834663626 0.01935483870967742
3 0.5025655644241733 0.9641129032258065 0.013112884834663626 0.01935483870967742
8 0.6948403648802737 0.3439516129032258 0.016818700114025087 0.01935483870967742
10 0.5389110604332953 0.6366935483870968 0.016818700114025087 0.01935483870967742
0 0.6942702394526796 0.3725806451612903 0.016818700114025087 0.01935483870967742
2 0.34763397947548463 0.697983870967742 0.016818700114025087 0.01935483870967742
8 0.3675883694412771 0.425 0.033352337514253136 0.020967741935483872
6 0.5028506271379704 0.8637096774193549 0.013112884834663626 0.01935483870967742
3 0.7363169897377423 0.932258064516129 0.013112884834663626 0.01935483870967742
4 0.6934150513112884 0.3157258064516129 0.016818700114025087 0.01935483870967742
11 0.5276510832383124 0.964516129032258 0.013112884834663626 0.01935483870967742
4 0.5034207525655644 0.9153225806451613 0.013112884834663626 0.01935483870967742
3 0.9370011402508552 0.8455645161290323 0.013112884834663626 0.01935483870967742