6 0.7600671140939598 0.3220640569395018 0.008389261744966443 0.013048635824436536
3 0.6031879194630873 0.8760379596678529 0.008389261744966443 0.013048635824436536
6 0.462248322147651 0.1619217081850534 0.008389261744966443 0.013048635824436536
9 0.47651006711409394 0.6447212336892052 0.008389261744966443 0.013048635824436536
6 0.8070469798657718 0.5498220640569395 0.008389261744966443 0.013048635824436536
2 0.7986577181208053 0.3766310794780546 0.008389261744966443 0.013048635824436536
5 0.22986577181208054 0.33155397390272834 0.008389261744966443 0.013048635824436536
6 0.613255033557047 0.23309608540925267 0.008389261744966443 0.013048635824436536
4 0.9672818791946308 0.46322657176749704 0.008389261744966443 0.013048635824436536
10 0.8062080536912751 0.5154211150652431 0.008389261744966443 0.013048635824436536
9 0.2600671140939597 0.33155397390272834 0.008389261744966443 0.013048635824436536
4 0.20469798657718122 0.34934756820877816 0.008389261744966443 0.013048635824436536
4 0.6031879194630873 0.8404507710557533 0.008389261744966443 0.013048635824436536
1 0.4773489932885906 0.6814946619217082 0.008389261744966443 0.013048635824436536