5 0.739477503628447 0.6111744583808438 0.007901951298177712 0.013683010262257697
11 0.9592807611675537 0.9179019384264538 0.007901951298177712 0.013683010262257697
11 0.3259958071278826 0.44783352337514254 0.007901951298177712 0.013683010262257697
2 0.5291888405095952 0.6616305587229191 0.007901951298177712 0.013683010262257697
3 0.5262860828898565 0.4090649942987457 0.007901951298177712 0.013683010262257697
6 0.3564747621351395 0.32668187001140253 0.007901951298177712 0.013683010262257697
1 0.9597645541041767 0.8115735461801596 0.007901951298177712 0.013683010262257697
1 0.5261248185776488 0.32696693272519955 0.007901951298177712 0.013683010262257697
2 0.47242380261248185 0.9144811858608894 0.007901951298177712 0.013683010262257697
0 0.49580712788259956 0.46864310148232613 0.007901951298177712 0.013683010262257697
6 0.370020964360587 0.6354047890535918 0.007901951298177712 0.013683010262257697
0 0.5259635542654411 0.4888825541619156 0.007901951298177712 0.013683010262257697
10 0.7643122077084341 0.919327251995439 0.007901951298177712 0.013683010262257697