2 0.9597645541041767 0.8115735461801596 0.007901951298177712 0.013683010262257697
0 0.3413159167876149 0.38740022805017105 0.007901951298177712 0.013683010262257697
10 0.7512497984196097 0.346636259977195 0.007901951298177712 0.013683010262257697
9 0.513868730849863 0.604903078677309 0.007901951298177712 0.013683010262257697
3 0.3087405257216578 0.2870581527936146 0.007901951298177712 0.013683010262257697
4 0.3264796000645057 0.46864310148232613 0.007901951298177712 0.013683010262257697
11 0.4779067892275439 0.3275370581527936 0.007901951298177712 0.013683010262257697
0 0.3377681019190453 0.6083238312428735 0.007901951298177712 0.013683010262257697
3 0.28374455732946297 0.7448688711516533 0.007901951298177712 0.013683010262257697
9 0.6696500564425093 0.6710376282782212 0.007901951298177712 0.013683010262257697
3 0.28309950008063217 0.6907069555302167 0.007901951298177712 0.013683010262257697
6 0.5275761973875182 0.9139110604332953 0.007901951298177712 0.013683010262257697
7 0.9599258184163845 0.895096921322691 0.007901951298177712 0.013683010262257697
10 0.3259958071278826 0.36801596351197263 0.007901951298177712 0.013683010262257697