1 0.21336944127708096 0.425 0.033352337514253136 0.020967741935483872
1 0.7363169897377423 0.9604838709677419 0.013112884834663626 0.01935483870967742
0 0.34806157354618017 0.6709677419354839 0.01767388825541619 0.01935483870967742
1 0.5025655644241733 0.9641129032258065 0.013112884834663626 0.01935483870967742
0 0.6948403648802737 0.3439516129032258 0.016818700114025087 0.01935483870967742
5 0.5389110604332953 0.6366935483870968 0.016818700114025087 0.01935483870967742
5 0.5276510832383124 0.8879032258064516 0.013112884834663626 0.01935483870967742
11 0.5285062713797035 0.8641129032258065 0.013112884834663626 0.01935483870967742
4 0.5025655644241733 0.9403225806451613 0.013112884834663626 0.01935483870967742
11 0.30273660205245156 0.8358870967741936 0.013112884834663626 0.01935483870967742
0 0.27765108323831245 0.8673387096774193 0.013112884834663626 0.01935483870967742
2 0.2127993158494869 0.6838709677419355 0.033352337514253136 0.020967741935483872
2 0.9370011402508552 0.8455645161290323 0.013112884834663626 0.01935483870967742