1 0.3261570714400903 0.30758266818700114 0.007901951298177712 0.013683010262257697
0 0.4779067892275439 0.4284492588369441 0.007901951298177712 0.013683010262257697
7 0.3261570714400903 0.3879703534777651 0.007901951298177712 0.013683010262257697
0 0.9271891630382196 0.17759407069555302 0.007901951298177712 0.013683010262257697
7 0.6944847605224964 0.21949828962371723 0.007901951298177712 0.013683010262257697
0 0.7514110627318175 0.49002280501710377 0.007901951298177712 0.013683010262257697
10 0.7507660054829867 0.4184720638540479 0.007901951298177712 0.013683010262257697
8 0.28309950008063217 0.6088939566704675 0.007901951298177712 0.013683010262257697
6 0.3259958071278826 0.2668187001140251 0.007901951298177712 0.013683010262257697
0 0.49564586357039186 0.4284492588369441 0.007901951298177712 0.013683010262257697
3 0.370020964360587 0.6636259977194983 0.007901951298177712 0.013683010262257697
3 0.8380099983873569 0.87115165336374 0.007901951298177712 0.013683010262257697