11 0.6007901951298178 0.669612314709236 0.007901951298177712 0.013683010262257697
10 0.6696500564425093 0.6710376282782212 0.007901951298177712 0.013683010262257697
0 0.5261248185776488 0.26738882554161914 0.007901951298177712 0.013683010262257697
10 0.850104821802935 0.6359749144811858 0.007901951298177712 0.013683010262257697
10 0.5114497661667473 0.387115165336374 0.007901951298177712 0.013683010262257697
11 0.8617158522818901 0.6120296465222349 0.007901951298177712 0.013683010262257697
4 0.3569585550717626 0.4290193842645382 0.007901951298177712 0.013683010262257697
0 0.3259958071278826 0.34806157354618017 0.007901951298177712 0.013683010262257697
9 0.5291888405095952 0.6325541619156214 0.007901951298177712 0.013683010262257697
10 0.9592807611675537 0.9179019384264538 0.007901951298177712 0.013683010262257697
9 0.5114497661667473 0.2870581527936146 0.007901951298177712 0.013683010262257697
2 0.6177229479116272 0.7970353477765109 0.007901951298177712 0.013683010262257697
11 0.5291888405095952 0.6895667046750285 0.007901951298177712 0.013683010262257697
3 0.3084179970972424 0.38768529076396807 0.007901951298177712 0.013683010262257697