9 0.3084179970972424 0.46892816419612315 0.007901951298177712 0.013683010262257697
10 0.370020964360587 0.9370011402508552 0.007901951298177712 0.013683010262257697
0 0.495000806321561 0.24629418472063855 0.007901951298177712 0.013683010262257697
5 0.9294468634091275 0.8474914481185861 0.007901951298177712 0.013683010262257697
7 0.510482180293501 0.24629418472063855 0.007901951298177712 0.013683010262257697
11 0.5262860828898565 0.4090649942987457 0.007901951298177712 0.013683010262257697
0 0.5275761973875182 0.9139110604332953 0.007901951298177712 0.013683010262257697
4 0.8318819545234639 0.22063854047890535 0.007901951298177712 0.013683010262257697
6 0.8378487340751491 0.765678449258837 0.007901951298177712 0.013683010262257697
2 0.3564747621351395 0.40849486887115166 0.007901951298177712 0.013683010262257697
4 0.5109659732301242 0.3674458380843786 0.007901951298177712 0.013683010262257697