10 0.8157555233026931 0.8942417331812998 0.007901951298177712 0.013683010262257697
0 0.8609095307208515 0.346921322690992 0.007901951298177712 0.013683010262257697
0 0.5112885018545396 0.40849486887115166 0.007901951298177712 0.013683010262257697
3 0.47242380261248185 0.9144811858608894 0.007901951298177712 0.013683010262257697
0 0.28309950008063217 0.6088939566704675 0.007901951298177712 0.013683010262257697
0 0.3084179970972424 0.38768529076396807 0.007901951298177712 0.013683010262257697
5 0.48774391227221414 0.6616305587229191 0.007901951298177712 0.013683010262257697
0 0.8507498790517658 0.5872291904218928 0.007901951298177712 0.013683010262257697
11 0.33760683760683763 0.7183580387685291 0.007901951298177712 0.013683010262257697
11 0.5114497661667473 0.387115165336374 0.007901951298177712 0.013683010262257697
9 0.32244799225931303 0.8263968072976055 0.007901951298177712 0.013683010262257697
0 0.3698597000483793 0.7451539338654504 0.007901951298177712 0.013683010262257697
10 0.4779067892275439 0.467787913340935 0.007901951298177712 0.013683010262257697
5 0.8222060957910015 0.1781641961231471 0.007901951298177712 0.013683010262257697