6 0.5734676742233418 0.15658362989323843 0.010075566750629723 0.014234875444839857
1 0.1801007556675063 0.6132858837485172 0.01595298068849706 0.02372479240806643
10 0.021410579345088162 0.6144721233689205 0.01595298068849706 0.02372479240806643
5 0.1809403862300588 0.465005931198102 0.01595298068849706 0.02372479240806643
11 0.17170445004198154 0.3428232502965599 0.009235936188077247 0.009489916963226572
11 0.5608732157850546 0.1376037959667853 0.010075566750629723 0.014234875444839857
1 0.6087321578505458 0.2111506524317912 0.010075566750629723 0.014234875444839857
11 0.025608732157850547 0.9395017793594306 0.01595298068849706 0.02372479240806643
7 0.5734676742233418 0.2823250296559905 0.010075566750629723 0.014234875444839857
4 0.6087321578505458 0.15658362989323843 0.010075566750629723 0.014234875444839857
10 0.6087321578505458 0.19217081850533807 0.010075566750629723 0.014234875444839857
11 0.18261964735516373 0.19098457888493475 0.01595298068849706 0.02372479240806643
2 0.5608732157850546 0.20877817319098457 0.010075566750629723 0.014234875444839857