1 0.27765108323831245 0.8673387096774193 0.013112884834663626 0.01935483870967742
10 0.5028506271379704 0.8637096774193549 0.013112884834663626 0.01935483870967742
6 0.9372862029646523 0.9358870967741936 0.013112884834663626 0.01935483870967742
6 0.30273660205245156 0.8358870967741936 0.013112884834663626 0.01935483870967742
5 0.6948403648802737 0.3439516129032258 0.016818700114025087 0.01935483870967742
1 0.4847491448118586 0.6391129032258065 0.016818700114025087 0.01935483870967742
8 0.9615165336374002 0.8887096774193548 0.013112884834663626 0.01935483870967742
0 0.5276510832383124 0.8387096774193549 0.013112884834663626 0.01935483870967742
8 0.512115165336374 0.3443548387096774 0.016818700114025087 0.01935483870967742
10 0.7363169897377423 0.9604838709677419 0.013112884834663626 0.01935483870967742
6 0.34763397947548463 0.725 0.016818700114025087 0.01935483870967742
2 0.30188141391106044 0.8955645161290322 0.013112884834663626 0.01935483870967742
10 0.34734891676168755 0.6427419354838709 0.016248574686431014 0.01532258064516129