0 0.5079764903442485 0.2669039145907473 0.010075566750629723 0.014234875444839857
1 0.6087321578505458 0.2111506524317912 0.010075566750629723 0.014234875444839857
4 0.5608732157850546 0.20877817319098457 0.010075566750629723 0.014234875444839857
11 0.5617128463476071 0.2823250296559905 0.010075566750629723 0.014234875444839857
0 0.17338371116708648 0.8232502965599051 0.009235936188077247 0.009489916963226572
10 0.013853904282115869 0.8030842230130486 0.009235936188077247 0.009489916963226572
0 0.5566750629722922 0.49347568208778175 0.010075566750629723 0.014234875444839857
4 0.17170445004198154 0.3428232502965599 0.009235936188077247 0.009489916963226572
1 0.5608732157850546 0.17319098457888493 0.010075566750629723 0.014234875444839857
0 0.5188916876574308 0.32977461447212336 0.010075566750629723 0.014234875444839857
11 0.5079764903442485 0.17319098457888493 0.010075566750629723 0.014234875444839857
1 0.5197313182199832 0.265717674970344 0.010075566750629723 0.014234875444839857
0 0.5734676742233418 0.15658362989323843 0.010075566750629723 0.014234875444839857
11 0.5071368597816961 0.34519572953736655 0.010075566750629723 0.014234875444839857