4 0.613255033557047 0.18090154211150652 0.008389261744966443 0.013048635824436536
6 0.20469798657718122 0.24258600237247924 0.008389261744966443 0.013048635824436536
1 0.8145973154362416 0.9104389086595492 0.008389261744966443 0.013048635824436536
4 0.2902684563758389 0.34934756820877816 0.008389261744966443 0.013048635824436536
11 0.22986577181208054 0.22597864768683273 0.008389261744966443 0.013048635824436536
7 0.22651006711409397 0.7206405693950177 0.008389261744966443 0.013048635824436536
1 0.9672818791946308 0.46322657176749704 0.008389261744966443 0.013048635824436536
4 0.9010067114093959 0.32562277580071175 0.008389261744966443 0.013048635824436536
8 0.8808724832214765 0.3054567022538553 0.008389261744966443 0.013048635824436536
8 0.7550335570469798 0.3766310794780546 0.008389261744966443 0.013048635824436536
0 0.14597315436241612 0.8570581257413997 0.008389261744966443 0.013048635824436536
11 0.8305369127516778 0.9258600237247924 0.008389261744966443 0.013048635824436536
0 0.2600671140939597 0.34934756820877816 0.008389261744966443 0.013048635824436536