10 0.1809403862300588 0.2918149466192171 0.01595298068849706 0.02372479240806643
8 0.5205709487825357 0.1376037959667853 0.010075566750629723 0.014234875444839857
10 0.6087321578505458 0.15658362989323843 0.010075566750629723 0.014234875444839857
10 0.17170445004198154 0.3274021352313167 0.009235936188077247 0.009489916963226572
4 0.6087321578505458 0.2111506524317912 0.010075566750629723 0.014234875444839857
6 0.17338371116708648 0.66785290628707 0.009235936188077247 0.009489916963226572
7 0.5079764903442485 0.1376037959667853 0.010075566750629723 0.014234875444839857
8 0.6221662468513854 0.26334519572953735 0.010075566750629723 0.014234875444839857
4 0.014693534844668345 0.49940688018979834 0.009235936188077247 0.009489916963226572
5 0.5197313182199832 0.265717674970344 0.010075566750629723 0.014234875444839857
7 0.17170445004198154 0.3570581257413998 0.009235936188077247 0.009489916963226572
0 0.5617128463476071 0.2823250296559905 0.010075566750629723 0.014234875444839857