6 0.5419463087248322 0.4454329774614472 0.008389261744966443 0.013048635824436536
7 0.7080536912751678 0.37544483985765126 0.008389261744966443 0.013048635824436536
4 0.613255033557047 0.1631079478054567 0.008389261744966443 0.013048635824436536
3 0.2902684563758389 0.2781731909845789 0.008389261744966443 0.013048635824436536
10 0.20469798657718122 0.24258600237247924 0.008389261744966443 0.013048635824436536
7 0.613255033557047 0.19750889679715303 0.008389261744966443 0.013048635824436536
10 0.19546979865771813 0.7384341637010676 0.008389261744966443 0.013048635824436536
4 0.8733221476510067 0.11447212336892053 0.008389261744966443 0.013048635824436536
10 0.5679530201342282 0.48102016607354686 0.008389261744966443 0.013048635824436536
5 0.8305369127516778 0.8938315539739027 0.008389261744966443 0.013048635824436536
6 0.9471476510067114 0.28647686832740216 0.008389261744966443 0.013048635824436536
0 0.5167785234899329 0.3766310794780546 0.008389261744966443 0.013048635824436536
10 0.28942953020134227 0.2615658362989324 0.008389261744966443 0.013048635824436536
11 0.8741610738255033 0.1298932384341637 0.008389261744966443 0.013048635824436536
3 0.23573825503355705 0.5011862396204033 0.008389261744966443 0.013048635824436536