0 0.30793420416061923 0.8814139110604333 0.007901951298177712 0.013683010262257697
2 0.3564747621351395 0.24629418472063855 0.007901951298177712 0.013683010262257697
0 0.37066602160941786 0.6083238312428735 0.007901951298177712 0.013683010262257697
2 0.7517335913562329 0.8956670467502851 0.007901951298177712 0.013683010262257697
5 0.370020964360587 0.6636259977194983 0.007901951298177712 0.013683010262257697
0 0.5109659732301242 0.3674458380843786 0.007901951298177712 0.013683010262257697
8 0.8507498790517658 0.5872291904218928 0.007901951298177712 0.013683010262257697
8 0.3414771810998226 0.40849486887115166 0.007901951298177712 0.013683010262257697
9 0.8318819545234639 0.22063854047890535 0.007901951298177712 0.013683010262257697
1 0.28309950008063217 0.8540478905359179 0.007901951298177712 0.013683010262257697
4 0.5262860828898565 0.3070125427594071 0.007901951298177712 0.013683010262257697
5 0.8378487340751491 0.765678449258837 0.007901951298177712 0.013683010262257697
0 0.6519109820996614 0.6445267958950969 0.007901951298177712 0.013683010262257697
3 0.5109659732301242 0.4888825541619156 0.007901951298177712 0.013683010262257697