3 0.9664429530201343 0.5688018979833926 0.008389261744966443 0.013048635824436536
9 0.5176174496644296 0.46441281138790036 0.008389261744966443 0.013048635824436536
11 0.5419463087248322 0.5 0.008389261744966443 0.013048635824436536
8 0.4773489932885906 0.6814946619217082 0.008389261744966443 0.013048635824436536
2 0.4773489932885906 0.6637010676156584 0.008389261744966443 0.013048635824436536
5 0.6031879194630873 0.9460260972716489 0.008389261744966443 0.013048635824436536
10 0.5419463087248322 0.43001186239620404 0.008389261744966443 0.013048635824436536
8 0.2600671140939597 0.33155397390272834 0.008389261744966443 0.013048635824436536
4 0.20469798657718122 0.2959667852906287 0.008389261744966443 0.013048635824436536
5 0.8070469798657718 0.6921708185053381 0.008389261744966443 0.013048635824436536
11 0.947986577181208 0.32443653618030843 0.008389261744966443 0.013048635824436536
0 0.6048657718120806 0.6281138790035588 0.008389261744966443 0.013048635824436536
6 0.8741610738255033 0.1298932384341637 0.008389261744966443 0.013048635824436536