3 0.5188916876574308 0.32977461447212336 0.010075566750629723 0.014234875444839857
6 0.5205709487825357 0.19217081850533807 0.010075566750629723 0.014234875444839857
11 0.5071368597816961 0.32977461447212336 0.010075566750629723 0.014234875444839857
5 0.5608732157850546 0.15658362989323843 0.010075566750629723 0.014234875444839857
8 0.17170445004198154 0.3701067615658363 0.009235936188077247 0.009489916963226572
2 0.5197313182199832 0.265717674970344 0.010075566750629723 0.014234875444839857
6 0.5071368597816961 0.3902728351126928 0.010075566750629723 0.014234875444839857
2 0.5205709487825357 0.2846975088967972 0.010075566750629723 0.014234875444839857
7 0.6087321578505458 0.17319098457888493 0.010075566750629723 0.014234875444839857
11 0.023089840470193114 0.18861209964412812 0.014273719563392108 0.018979833926453145
0 0.014693534844668345 0.35231316725978645 0.009235936188077247 0.009489916963226572
7 0.6221662468513854 0.1376037959667853 0.010075566750629723 0.014234875444839857