8 0.48774391227221414 0.604903078677309 0.007901951298177712 0.013683010262257697
3 0.5109659732301242 0.467787913340935 0.007901951298177712 0.013683010262257697
0 0.28374455732946297 0.7448688711516533 0.007901951298177712 0.013683010262257697
9 0.3082567327850347 0.48945267958950966 0.007901951298177712 0.013683010262257697
10 0.6148201902918884 0.33238312428734323 0.007901951298177712 0.013683010262257697
4 0.36953717142396386 0.9084948688711516 0.007901951298177712 0.013683010262257697
1 0.6148201902918884 0.4475484606613455 0.007901951298177712 0.013683010262257697
5 0.47742299629092083 0.346921322690992 0.007901951298177712 0.013683010262257697
1 0.33760683760683763 0.6636259977194983 0.007901951298177712 0.013683010262257697
10 0.8604257377842284 0.39481185860889395 0.007901951298177712 0.013683010262257697
10 0.5064505724883084 0.8409350057012542 0.007901951298177712 0.013683010262257697
6 0.3084179970972424 0.3275370581527936 0.007901951298177712 0.013683010262257697
7 0.28309950008063217 0.7998859749144812 0.007901951298177712 0.013683010262257697