11 0.5205709487825357 0.19217081850533807 0.010075566750629723 0.014234875444839857
11 0.5608732157850546 0.15658362989323843 0.010075566750629723 0.014234875444839857
0 0.17170445004198154 0.3274021352313167 0.009235936188077247 0.009489916963226572
9 0.6087321578505458 0.2111506524317912 0.010075566750629723 0.014234875444839857
11 0.5608732157850546 0.17319098457888493 0.010075566750629723 0.014234875444839857
3 0.5205709487825357 0.17319098457888493 0.010075566750629723 0.014234875444839857
11 0.17338371116708648 0.5183867141162515 0.009235936188077247 0.009489916963226572
10 0.18429890848026867 0.7615658362989324 0.01595298068849706 0.02372479240806643
4 0.023089840470193114 0.18861209964412812 0.014273719563392108 0.018979833926453145
9 0.1809403862300588 0.2918149466192171 0.01595298068849706 0.02372479240806643
7 0.5071368597816961 0.34519572953736655 0.010075566750629723 0.014234875444839857
6 0.014693534844668345 0.49940688018979834 0.009235936188077247 0.009489916963226572