9 0.16279887482419128 0.5811631944444444 0.009142053445850914 0.014756944444444444
10 0.5580168776371308 0.4852430555555556 0.009142053445850914 0.012152777777777778
6 0.26476793248945146 0.4778645833333333 0.009142053445850914 0.014756944444444444
9 0.5552039381153305 0.7291666666666666 0.009142053445850914 0.012152777777777778
1 0.26476793248945146 0.2009548611111111 0.009142053445850914 0.014756944444444444
4 0.22538677918424754 0.5464409722222222 0.009142053445850914 0.014756944444444444
9 0.26547116736990156 0.8381076388888888 0.009142053445850914 0.014756944444444444
7 0.26547116736990156 0.86328125 0.009142053445850914 0.014756944444444444
0 0.5580168776371308 0.6710069444444444 0.009142053445850914 0.012152777777777778
6 0.26547116736990156 0.8901909722222222 0.009142053445850914 0.014756944444444444
0 0.5566104078762306 0.2847222222222222 0.009142053445850914 0.012152777777777778