8 0.5580168776371308 0.12239583333333333 0.009142053445850914 0.012152777777777778
3 0.26476793248945146 0.2009548611111111 0.009142053445850914 0.014756944444444444
10 0.26476793248945146 0.3763020833333333 0.009142053445850914 0.014756944444444444
9 0.21554149085794655 0.5785590277777778 0.009142053445850914 0.014756944444444444
11 0.5552039381153305 0.7673611111111112 0.009142053445850914 0.012152777777777778
11 0.5566104078762306 0.2847222222222222 0.009142053445850914 0.012152777777777778
1 0.5552039381153305 0.7291666666666666 0.009142053445850914 0.012152777777777778
0 0.5552039381153305 0.3576388888888889 0.009142053445850914 0.012152777777777778
9 0.30063291139240506 0.86328125 0.009142053445850914 0.014756944444444444
6 0.10021097046413502 0.5811631944444444 0.009142053445850914 0.014756944444444444
3 0.2661744022503516 0.8146701388888888 0.009142053445850914 0.014756944444444444