11 0.26547116736990156 0.8901909722222222 0.009142053445850914 0.014756944444444444
7 0.22679324894514769 0.2339409722222222 0.009142053445850914 0.014756944444444444
7 0.5566104078762306 0.4375 0.009142053445850914 0.012152777777777778
7 0.5566104078762306 0.2847222222222222 0.009142053445850914 0.012152777777777778
1 0.5559071729957806 0.9383680555555556 0.009142053445850914 0.012152777777777778
8 0.5573136427566807 0.10416666666666667 0.009142053445850914 0.012152777777777778
5 0.5566104078762306 0.8619791666666666 0.009142053445850914 0.012152777777777778
1 0.24859353023909986 0.14366319444444445 0.009142053445850914 0.014756944444444444
9 0.26476793248945146 0.27734375 0.009142053445850914 0.014756944444444444
4 0.5552039381153305 0.7847222222222222 0.009142053445850914 0.012152777777777778
1 0.16279887482419128 0.5811631944444444 0.009142053445850914 0.014756944444444444
11 0.2633614627285513 0.5794270833333334 0.009142053445850914 0.014756944444444444
10 0.5559071729957806 0.8428819444444444 0.009142053445850914 0.012152777777777778
4 0.5559071729957806 0.9192708333333334 0.009142053445850914 0.012152777777777778
3 0.26476793248945146 0.3111979166666667 0.009142053445850914 0.014756944444444444