5 0.26547116736990156 0.86328125 0.009142053445850914 0.014756944444444444
4 0.30063291139240506 0.9153645833333334 0.009142053445850914 0.014756944444444444
11 0.5552039381153305 0.8046875 0.009142053445850914 0.012152777777777778
0 0.5566104078762306 0.4375 0.009142053445850914 0.012152777777777778
7 0.5559071729957806 0.1605902777777778 0.009142053445850914 0.012152777777777778
5 0.5559071729957806 0.8428819444444444 0.009142053445850914 0.012152777777777778
11 0.26476793248945146 0.5464409722222222 0.009142053445850914 0.014756944444444444
11 0.5566104078762306 0.9001736111111112 0.009142053445850914 0.012152777777777778
3 0.5580168776371308 0.1423611111111111 0.009142053445850914 0.012152777777777778
5 0.5580168776371308 0.6710069444444444 0.009142053445850914 0.012152777777777778
5 0.26476793248945146 0.27734375 0.009142053445850914 0.014756944444444444