5 0.22749648382559776 0.4457465277777778 0.009142053445850914 0.014756944444444444
11 0.5580168776371308 0.6710069444444444 0.009142053445850914 0.012152777777777778
4 0.30063291139240506 0.9153645833333334 0.009142053445850914 0.014756944444444444
0 0.5573136427566807 0.08159722222222222 0.009142053445850914 0.012152777777777778
2 0.5566104078762306 0.8619791666666666 0.009142053445850914 0.012152777777777778
10 0.30133614627285515 0.8138020833333334 0.009142053445850914 0.014756944444444444
5 0.5573136427566807 0.25 0.009142053445850914 0.012152777777777778
4 0.5566104078762306 0.2847222222222222 0.009142053445850914 0.012152777777777778
10 0.2661744022503516 0.7877604166666666 0.009142053445850914 0.014756944444444444
10 0.5573136427566807 0.10416666666666667 0.009142053445850914 0.012152777777777778
6 0.5566104078762306 0.6892361111111112 0.009142053445850914 0.012152777777777778
0 0.22679324894514769 0.1662326388888889 0.009142053445850914 0.014756944444444444