3 0.22679324894514769 0.1662326388888889 0.009142053445850914 0.014756944444444444
7 0.5573136427566807 0.5121527777777778 0.009142053445850914 0.012152777777777778
4 0.26547116736990156 0.8901909722222222 0.009142053445850914 0.014756944444444444
7 0.5573136427566807 0.2170138888888889 0.009142053445850914 0.012152777777777778
11 0.22609001406469761 0.3120659722222222 0.009142053445850914 0.014756944444444444
5 0.30063291139240506 0.8381076388888888 0.009142053445850914 0.014756944444444444
1 0.5552039381153305 0.8046875 0.009142053445850914 0.012152777777777778
10 0.26547116736990156 0.2339409722222222 0.009142053445850914 0.014756944444444444
0 0.2795358649789029 0.1449652777777778 0.009142053445850914 0.012152777777777778
2 0.5552039381153305 0.7847222222222222 0.009142053445850914 0.012152777777777778
8 0.30133614627285515 0.8138020833333334 0.009142053445850914 0.014756944444444444