4 0.30063291139240506 0.86328125 0.009142053445850914 0.014756944444444444
7 0.5566104078762306 0.8619791666666666 0.009142053445850914 0.012152777777777778
3 0.5566104078762306 0.9583333333333334 0.009142053445850914 0.012152777777777778
6 0.22749648382559776 0.4778645833333333 0.009142053445850914 0.014756944444444444
0 0.2633614627285513 0.5794270833333334 0.009142053445850914 0.014756944444444444
11 0.5552039381153305 0.7291666666666666 0.009142053445850914 0.012152777777777778
6 0.3020393811533052 0.7113715277777778 0.009142053445850914 0.014756944444444444
4 0.26476793248945146 0.4778645833333333 0.009142053445850914 0.014756944444444444
3 0.22609001406469761 0.14453125 0.009142053445850914 0.014756944444444444
6 0.5559071729957806 0.1605902777777778 0.009142053445850914 0.012152777777777778
6 0.26476793248945146 0.2009548611111111 0.009142053445850914 0.014756944444444444
0 0.5580168776371308 0.12239583333333333 0.009142053445850914 0.012152777777777778