1 0.26476793248945146 0.3763020833333333 0.009142053445850914 0.014756944444444444
5 0.26547116736990156 0.2339409722222222 0.009142053445850914 0.014756944444444444
10 0.26758087201125175 0.7096354166666666 0.009142053445850914 0.014756944444444444
6 0.2633614627285513 0.5794270833333334 0.009142053445850914 0.014756944444444444
11 0.24859353023909986 0.14366319444444445 0.009142053445850914 0.014756944444444444
3 0.26476793248945146 0.5464409722222222 0.009142053445850914 0.014756944444444444
4 0.5552039381153305 0.8046875 0.009142053445850914 0.012152777777777778
0 0.22609001406469761 0.3120659722222222 0.009142053445850914 0.014756944444444444
0 0.2661744022503516 0.8146701388888888 0.009142053445850914 0.014756944444444444
0 0.5566104078762306 0.7092013888888888 0.009142053445850914 0.012152777777777778
5 0.5566104078762306 0.9001736111111112 0.009142053445850914 0.012152777777777778
7 0.5580168776371308 0.4852430555555556 0.009142053445850914 0.012152777777777778
4 0.30063291139240506 0.8381076388888888 0.009142053445850914 0.014756944444444444
9 0.22749648382559776 0.4457465277777778 0.009142053445850914 0.014756944444444444