11 0.2661744022503516 0.7877604166666666 0.009142053445850914 0.014756944444444444
1 0.26476793248945146 0.27734375 0.009142053445850914 0.014756944444444444
6 0.26476793248945146 0.9162326388888888 0.009142053445850914 0.014756944444444444
2 0.5573136427566807 0.10416666666666667 0.009142053445850914 0.012152777777777778
1 0.26547116736990156 0.8381076388888888 0.009142053445850914 0.014756944444444444
6 0.5566104078762306 0.4635416666666667 0.009142053445850914 0.012152777777777778
1 0.5566104078762306 0.6892361111111112 0.009142053445850914 0.012152777777777778
4 0.5566104078762306 0.8619791666666666 0.009142053445850914 0.012152777777777778
7 0.5559071729957806 0.8255208333333334 0.009142053445850914 0.012152777777777778
11 0.2661744022503516 0.5134548611111112 0.009142053445850914 0.014756944444444444
0 0.5559071729957806 0.1605902777777778 0.009142053445850914 0.012152777777777778
4 0.2289029535864979 0.51171875 0.009142053445850914 0.014756944444444444
1 0.5552039381153305 0.7847222222222222 0.009142053445850914 0.012152777777777778
0 0.5552039381153305 0.8046875 0.009142053445850914 0.012152777777777778