4 0.26476793248945146 0.9162326388888888 0.009142053445850914 0.014756944444444444
10 0.30063291139240506 0.9153645833333334 0.009142053445850914 0.014756944444444444
0 0.5559071729957806 0.8255208333333334 0.009142053445850914 0.012152777777777778
7 0.22749648382559776 0.4457465277777778 0.009142053445850914 0.014756944444444444
0 0.26476793248945146 0.4778645833333333 0.009142053445850914 0.014756944444444444
10 0.5552039381153305 0.7673611111111112 0.009142053445850914 0.012152777777777778
5 0.5573136427566807 0.5121527777777778 0.009142053445850914 0.012152777777777778
7 0.24859353023909986 0.14366319444444445 0.009142053445850914 0.014756944444444444
4 0.30063291139240506 0.86328125 0.009142053445850914 0.014756944444444444
6 0.5559071729957806 0.9192708333333334 0.009142053445850914 0.012152777777777778
2 0.5552039381153305 0.3576388888888889 0.009142053445850914 0.012152777777777778
5 0.3020393811533052 0.7113715277777778 0.009142053445850914 0.014756944444444444
7 0.22749648382559776 0.3424479166666667 0.009142053445850914 0.014756944444444444