10 0.22538677918424754 0.5464409722222222 0.009142053445850914 0.014756944444444444
10 0.5559071729957806 0.9383680555555556 0.009142053445850914 0.012152777777777778
10 0.26547116736990156 0.3433159722222222 0.009142053445850914 0.014756944444444444
4 0.5552039381153305 0.8046875 0.009142053445850914 0.012152777777777778
4 0.30063291139240506 0.86328125 0.009142053445850914 0.014756944444444444
8 0.5566104078762306 0.4375 0.009142053445850914 0.012152777777777778
3 0.5559071729957806 0.7465277777777778 0.009142053445850914 0.012152777777777778
11 0.5559071729957806 0.8255208333333334 0.009142053445850914 0.012152777777777778
6 0.5559071729957806 0.3194444444444444 0.009142053445850914 0.012152777777777778
4 0.22749648382559776 0.4457465277777778 0.009142053445850914 0.014756944444444444
0 0.5580168776371308 0.1423611111111111 0.009142053445850914 0.012152777777777778