6 0.1828125 0.7154696132596685 0.00859375 0.011049723756906077
8 0.44921875 0.598342541436464 0.00859375 0.011049723756906077
3 0.95546875 0.6928176795580111 0.00859375 0.011049723756906077
0 0.4078125 0.8756906077348067 0.00859375 0.011049723756906077
4 0.204296875 0.9110497237569061 0.00859375 0.011049723756906077
9 0.225390625 0.7154696132596685 0.00859375 0.011049723756906077
10 0.450390625 0.874585635359116 0.00859375 0.011049723756906077
3 0.95546875 0.32486187845303865 0.00859375 0.011049723756906077
9 0.428515625 0.3806629834254144 0.00859375 0.011049723756906077
0 0.44921875 0.43701657458563536 0.00859375 0.011049723756906077
0 0.97109375 0.7121546961325966 0.00859375 0.011049723756906077
0 0.225 0.3430939226519337 0.00859375 0.011049723756906077
5 0.182421875 0.2861878453038674 0.00859375 0.011049723756906077
11 0.182421875 0.49392265193370166 0.00859375 0.011049723756906077