8 0.162890625 0.32486187845303865 0.00859375 0.011049723756906077
4 0.891015625 0.7668508287292818 0.00859375 0.011049723756906077
6 0.428515625 0.26795580110497236 0.00859375 0.011049723756906077
8 0.40859375 0.32486187845303865 0.00859375 0.011049723756906077
5 0.225390625 0.2668508287292818 0.00859375 0.011049723756906077
5 0.891796875 0.48066298342541436 0.00859375 0.011049723756906077
4 0.18359375 0.7530386740331492 0.00859375 0.011049723756906077
3 0.428515625 0.3430939226519337 0.00859375 0.011049723756906077
1 0.18359375 0.26795580110497236 0.0078125 0.009944751381215469
9 0.95546875 0.7303867403314918 0.00859375 0.011049723756906077
5 0.225 0.2861878453038674 0.00859375 0.011049723756906077