2 0.204296875 0.36132596685082874 0.00859375 0.011049723756906077
4 0.8921875 0.25082872928176797 0.00859375 0.011049723756906077
0 0.641015625 0.9204419889502763 0.00859375 0.011049723756906077
7 0.2046875 0.43701657458563536 0.00859375 0.011049723756906077
4 0.20546875 0.6215469613259669 0.00859375 0.011049723756906077
10 0.9703125 0.24861878453038674 0.00859375 0.011049723756906077
4 0.891015625 0.7303867403314918 0.00859375 0.011049723756906077
8 0.18359375 0.6756906077348066 0.00859375 0.011049723756906077
8 0.95546875 0.7679558011049724 0.00859375 0.011049723756906077
5 0.204296875 0.5121546961325967 0.00859375 0.011049723756906077
10 0.1625 0.2861878453038674 0.00859375 0.011049723756906077
9 0.641796875 0.9585635359116023 0.00859375 0.011049723756906077
2 0.44921875 0.2861878453038674 0.00859375 0.011049723756906077