7 0.407421875 0.9519337016574586 0.00859375 0.011049723756906077
0 0.891015625 0.7668508287292818 0.00859375 0.011049723756906077
0 0.1828125 0.41878453038674035 0.00859375 0.011049723756906077
8 0.225390625 0.7530386740331492 0.00859375 0.011049723756906077
6 0.22421875 0.3237569060773481 0.00859375 0.011049723756906077
0 0.225390625 0.7154696132596685 0.00859375 0.011049723756906077
4 0.18359375 0.6397790055248619 0.00859375 0.011049723756906077
10 0.44921875 0.7303867403314918 0.00859375 0.011049723756906077
5 0.896875 0.9613259668508287 0.00859375 0.011049723756906077
10 0.90546875 0.3237569060773481 0.00859375 0.011049723756906077
8 0.906640625 0.7497237569060774 0.00859375 0.011049723756906077
1 0.956640625 0.5176795580110497 0.00859375 0.011049723756906077