1 0.40859375 0.5624309392265193 0.00859375 0.011049723756906077
11 0.225390625 0.2668508287292818 0.00859375 0.011049723756906077
1 0.96171875 0.9613259668508287 0.00859375 0.011049723756906077
0 0.428515625 0.3430939226519337 0.00859375 0.011049723756906077
3 0.18359375 0.6756906077348066 0.00859375 0.011049723756906077
2 0.95546875 0.48066298342541436 0.00859375 0.011049723756906077
10 0.428515625 0.3806629834254144 0.00859375 0.011049723756906077
8 0.906640625 0.5359116022099447 0.00859375 0.011049723756906077
1 0.225390625 0.7530386740331492 0.00859375 0.011049723756906077
10 0.450390625 0.3602209944751381 0.00859375 0.011049723756906077
11 0.428515625 0.8928176795580111 0.00859375 0.011049723756906077
2 0.20546875 0.6215469613259669 0.00859375 0.011049723756906077
7 0.2046875 0.43701657458563536 0.00859375 0.011049723756906077
6 0.40859375 0.9110497237569061 0.00859375 0.011049723756906077
5 0.225 0.2861878453038674 0.00859375 0.011049723756906077