6 0.162890625 0.43591160220994474 0.00859375 0.011049723756906077
2 0.428515625 0.30441988950276244 0.00859375 0.011049723756906077
1 0.9609375 0.9237569060773481 0.00859375 0.011049723756906077
10 0.9546875 0.26795580110497236 0.00859375 0.011049723756906077
10 0.44921875 0.7303867403314918 0.00859375 0.011049723756906077
10 0.906640625 0.7497237569060774 0.00859375 0.011049723756906077
4 0.204296875 0.36132596685082874 0.00859375 0.011049723756906077
8 0.428515625 0.26795580110497236 0.00859375 0.011049723756906077
2 0.95546875 0.7303867403314918 0.00859375 0.011049723756906077
4 0.18359375 0.3430939226519337 0.00859375 0.011049723756906077
0 0.2048828125 0.874585635359116 0.009765625 0.012154696132596685
2 0.6421875 0.7337016574585635 0.00859375 0.011049723756906077
4 0.204296875 0.30441988950276244 0.00859375 0.011049723756906077
0 0.97109375 0.7486187845303868 0.00859375 0.011049723756906077
1 0.97109375 0.7121546961325966 0.00859375 0.011049723756906077