0 0.162890625 0.36132596685082874 0.00859375 0.011049723756906077
0 0.95546875 0.6928176795580111 0.00859375 0.011049723756906077
4 0.44921875 0.7303867403314918 0.00859375 0.011049723756906077
2 0.641796875 0.9585635359116023 0.00859375 0.011049723756906077
0 0.2046875 0.6585635359116022 0.00859375 0.011049723756906077
7 0.204296875 0.6950276243093922 0.00859375 0.011049723756906077
0 0.18359375 0.8939226519337017 0.00859375 0.011049723756906077
5 0.428515625 0.8928176795580111 0.00859375 0.011049723756906077
4 0.6421875 0.7337016574585635 0.00859375 0.011049723756906077
2 0.2046875 0.474585635359116 0.00859375 0.011049723756906077
6 0.1625 0.3983425414364641 0.00859375 0.011049723756906077
3 0.641796875 0.4723756906077348 0.00859375 0.011049723756906077
8 0.162890625 0.24861878453038674 0.00859375 0.011049723756906077
10 0.95546875 0.7679558011049724 0.00859375 0.011049723756906077
9 0.1640625 0.6961325966850829 0.00859375 0.011049723756906077