3 0.44921875 0.43701657458563536 0.00859375 0.011049723756906077
10 0.18359375 0.7530386740331492 0.00859375 0.011049723756906077
1 0.1828125 0.7154696132596685 0.00859375 0.011049723756906077
10 0.896875 0.9613259668508287 0.00859375 0.011049723756906077
2 0.2046875 0.24861878453038674 0.00859375 0.011049723756906077
9 0.1625 0.7690607734806629 0.00859375 0.011049723756906077
0 0.6421875 0.581767955801105 0.00859375 0.011049723756906077
11 0.6421875 0.7337016574585635 0.00859375 0.011049723756906077
10 0.44921875 0.2861878453038674 0.00859375 0.011049723756906077
9 0.44921875 0.7303867403314918 0.00859375 0.011049723756906077
5 0.429296875 0.932596685082873 0.00859375 0.011049723756906077
8 0.428515625 0.6552486187845303 0.00859375 0.011049723756906077
2 0.89609375 0.9226519337016574 0.00859375 0.011049723756906077
6 0.40859375 0.32486187845303865 0.00859375 0.011049723756906077