6 0.1640625 0.6961325966850829 0.00859375 0.011049723756906077
10 0.450390625 0.874585635359116 0.00859375 0.011049723756906077
0 0.956640625 0.287292817679558 0.00859375 0.011049723756906077
3 0.44921875 0.9497237569060774 0.00859375 0.011049723756906077
1 0.44921875 0.7303867403314918 0.00859375 0.011049723756906077
0 0.18359375 0.7530386740331492 0.00859375 0.011049723756906077
7 0.22421875 0.3237569060773481 0.00859375 0.011049723756906077
1 0.18359375 0.4552486187845304 0.00859375 0.011049723756906077
0 0.9546875 0.26795580110497236 0.00859375 0.011049723756906077
0 0.204296875 0.36132596685082874 0.00859375 0.011049723756906077
3 0.891796875 0.48066298342541436 0.00859375 0.011049723756906077
1 0.9703125 0.24861878453038674 0.00859375 0.011049723756906077