9 0.44921875 0.598342541436464 0.00859375 0.011049723756906077
1 0.40859375 0.7497237569060774 0.00859375 0.011049723756906077
10 0.428515625 0.30441988950276244 0.00859375 0.011049723756906077
0 0.162890625 0.24861878453038674 0.00859375 0.011049723756906077
7 0.1625 0.2861878453038674 0.00859375 0.011049723756906077
6 0.6421875 0.8839779005524862 0.00859375 0.011049723756906077
10 0.44921875 0.7303867403314918 0.00859375 0.011049723756906077
9 0.4078125 0.6917127071823205 0.00859375 0.011049723756906077
0 0.2046875 0.24861878453038674 0.00859375 0.011049723756906077
2 0.428515625 0.5806629834254143 0.00859375 0.011049723756906077
2 0.641796875 0.9585635359116023 0.00859375 0.011049723756906077
11 0.891796875 0.30441988950276244 0.00859375 0.011049723756906077
0 0.906640625 0.5359116022099447 0.00859375 0.011049723756906077
10 0.450390625 0.3602209944751381 0.00859375 0.011049723756906077