3 0.1625 0.474585635359116 0.00859375 0.011049723756906077
2 0.225390625 0.2668508287292818 0.00859375 0.011049723756906077
10 0.44921875 0.2861878453038674 0.00859375 0.011049723756906077
5 0.891796875 0.48066298342541436 0.00859375 0.011049723756906077
5 0.90546875 0.3237569060773481 0.00859375 0.011049723756906077
7 0.1640625 0.6961325966850829 0.00859375 0.011049723756906077
10 0.225390625 0.7530386740331492 0.00859375 0.011049723756906077
7 0.95546875 0.7679558011049724 0.00859375 0.011049723756906077
9 0.4296875 0.6165745856353592 0.00859375 0.011049723756906077
10 0.18359375 0.4552486187845304 0.00859375 0.011049723756906077
0 0.2046875 0.43701657458563536 0.00859375 0.011049723756906077
2 0.204296875 0.9110497237569061 0.00859375 0.011049723756906077
10 0.95625 0.3430939226519337 0.00859375 0.011049723756906077