0 0.9703125 0.8055248618784531 0.00859375 0.011049723756906077
0 0.1634765625 0.930939226519337 0.009765625 0.012154696132596685
4 0.204296875 0.9110497237569061 0.00859375 0.011049723756906077
7 0.95546875 0.7303867403314918 0.00859375 0.011049723756906077
0 0.891796875 0.5552486187845304 0.00859375 0.011049723756906077
3 0.20546875 0.6215469613259669 0.00859375 0.011049723756906077
1 0.204296875 0.36132596685082874 0.00859375 0.011049723756906077
6 0.2046875 0.24861878453038674 0.00859375 0.011049723756906077
0 0.44921875 0.2861878453038674 0.00859375 0.011049723756906077
11 0.2046875 0.474585635359116 0.00859375 0.011049723756906077
3 0.18359375 0.6397790055248619 0.00859375 0.011049723756906077
5 0.4078125 0.3994475138121547 0.00859375 0.011049723756906077
11 0.450390625 0.674585635359116 0.00859375 0.011049723756906077
5 0.429296875 0.932596685082873 0.00859375 0.011049723756906077