7 0.44625 0.35008715862870426 0.0425 0.01801278326554329
3 0.94875 0.4494479953515398 0.0425 0.01801278326554329
0 0.4454166666666667 0.15427077280650783 0.0425 0.01801278326554329
0 0.44625 0.41807088901801276 0.0425 0.01801278326554329
4 0.4454166666666667 0.6824520627542127 0.0425 0.01801278326554329
4 0.44375 0.637129575828007 0.0425 0.01801278326554329
8 0.3929166666666667 0.3832074375363161 0.0425 0.01801278326554329
1 0.39625 0.8346891342242883 0.0425 0.01801278326554329
0 0.3929166666666667 0.08977338756536897 0.0425 0.01801278326554329
9 0.3929166666666667 0.637129575828007 0.0425 0.01801278326554329
5 0.9479166666666666 0.2547937245787333 0.0425 0.01801278326554329
0 0.94875 0.8544450900639163 0.0425 0.01801278326554329
10 0.8945833333333333 0.6551423590935502 0.0425 0.01801278326554329