10 0.94875 0.8544450900639163 0.0425 0.01801278326554329
3 0.39625 0.8346891342242883 0.0425 0.01801278326554329
0 0.9479166666666666 0.29837303893085415 0.0425 0.01801278326554329
2 0.9479166666666666 0.4848925043579314 0.0425 0.01801278326554329
9 0.39208333333333334 0.6812899477048228 0.0425 0.01801278326554329
0 0.9479166666666666 0.2547937245787333 0.0425 0.01801278326554329
11 0.3929166666666667 0.6022661243463103 0.0425 0.01801278326554329
2 0.9445833333333333 0.1147588611272516 0.0425 0.01801278326554329
6 0.39375 0.35066821615339916 0.0425 0.01801278326554329
0 0.4454166666666667 0.6016850668216154 0.0425 0.01801278326554329
8 0.44625 0.41807088901801276 0.0425 0.01801278326554329
5 0.44625 0.8864032539221383 0.0425 0.01801278326554329
5 0.44375 0.637129575828007 0.0425 0.01801278326554329
6 0.3929166666666667 0.4517722254503196 0.0425 0.01801278326554329