2 0.44375 0.637129575828007 0.0425 0.01801278326554329
2 0.94875 0.4494479953515398 0.0425 0.01801278326554329
0 0.39625 0.8346891342242883 0.0425 0.01801278326554329
2 0.4454166666666667 0.15427077280650783 0.0425 0.01801278326554329
5 0.4454166666666667 0.6016850668216154 0.0425 0.01801278326554329
9 0.4454166666666667 0.9177803602556653 0.0425 0.01801278326554329
10 0.39458333333333334 0.8852411388727484 0.0425 0.01801278326554329
8 0.3929166666666667 0.4517722254503196 0.0425 0.01801278326554329
8 0.8970833333333333 0.6905868680999419 0.0425 0.01801278326554329
7 0.3929166666666667 0.41807088901801276 0.0425 0.01801278326554329
0 0.94875 0.8904706565950029 0.0425 0.01801278326554329
7 0.9479166666666666 0.29837303893085415 0.0425 0.01801278326554329
4 0.94875 0.8544450900639163 0.0425 0.01801278326554329
1 0.9470833333333334 0.689424753050552 0.0425 0.01801278326554329
11 0.9479166666666666 0.9218477629285299 0.0425 0.01801278326554329