3 0.89625 0.7219639744334689 0.0425 0.01801278326554329
8 0.44625 0.384369552585706 0.0425 0.01801278326554329
11 0.3929166666666667 0.08977338756536897 0.0425 0.01801278326554329
11 0.4454166666666667 0.6016850668216154 0.0425 0.01801278326554329
11 0.9445833333333333 0.1147588611272516 0.0425 0.01801278326554329
11 0.44625 0.35008715862870426 0.0425 0.01801278326554329
8 0.44625 0.41807088901801276 0.0425 0.01801278326554329
3 0.9479166666666666 0.9218477629285299 0.0425 0.01801278326554329
1 0.39458333333333334 0.8852411388727484 0.0425 0.01801278326554329
6 0.4454166666666667 0.15427077280650783 0.0425 0.01801278326554329
2 0.3929166666666667 0.4517722254503196 0.0425 0.01801278326554329
9 0.94875 0.4494479953515398 0.0425 0.01801278326554329