6 0.39625 0.8346891342242883 0.0425 0.01801278326554329
7 0.44625 0.35008715862870426 0.0425 0.01801278326554329
4 0.8970833333333333 0.6905868680999419 0.0425 0.01801278326554329
2 0.4479166666666667 0.12289366647298082 0.0425 0.01801278326554329
2 0.44625 0.41807088901801276 0.0425 0.01801278326554329
4 0.9479166666666666 0.9218477629285299 0.0425 0.01801278326554329
6 0.44625 0.384369552585706 0.0425 0.01801278326554329
10 0.39458333333333334 0.9177803602556653 0.0425 0.01801278326554329
9 0.9479166666666666 0.4848925043579314 0.0425 0.01801278326554329
4 0.44625 0.8864032539221383 0.0425 0.01801278326554329
10 0.94875 0.8904706565950029 0.0425 0.01801278326554329
7 0.4454166666666667 0.9177803602556653 0.0425 0.01801278326554329