3 0.4479166666666667 0.12289366647298082 0.0425 0.01801278326554329
10 0.9445833333333333 0.1147588611272516 0.0425 0.01801278326554329
10 0.39625 0.12289366647298082 0.0425 0.01801278326554329
3 0.9470833333333334 0.7231260894828588 0.0425 0.01801278326554329
4 0.3929166666666667 0.3832074375363161 0.0425 0.01801278326554329
8 0.89625 0.7219639744334689 0.0425 0.01801278326554329
11 0.4454166666666667 0.9177803602556653 0.0425 0.01801278326554329
5 0.3929166666666667 0.08977338756536897 0.0425 0.01801278326554329
2 0.8970833333333333 0.6905868680999419 0.0425 0.01801278326554329
2 0.4454166666666667 0.15427077280650783 0.0425 0.01801278326554329
3 0.3929166666666667 0.637129575828007 0.0425 0.01801278326554329
3 0.3929166666666667 0.4517722254503196 0.0425 0.01801278326554329
10 0.44625 0.41807088901801276 0.0425 0.01801278326554329
3 0.9479166666666666 0.29837303893085415 0.0425 0.01801278326554329
4 0.4454166666666667 0.6016850668216154 0.0425 0.01801278326554329