3 0.44625 0.35008715862870426 0.0425 0.01801278326554329
3 0.3929166666666667 0.41807088901801276 0.0425 0.01801278326554329
3 0.8970833333333333 0.6905868680999419 0.0425 0.01801278326554329
5 0.3929166666666667 0.3832074375363161 0.0425 0.01801278326554329
4 0.9470833333333334 0.7231260894828588 0.0425 0.01801278326554329
4 0.4479166666666667 0.12289366647298082 0.0425 0.01801278326554329
6 0.39458333333333334 0.9177803602556653 0.0425 0.01801278326554329
8 0.9470833333333334 0.08396281231841952 0.0425 0.01801278326554329
9 0.9470833333333334 0.6551423590935502 0.0425 0.01801278326554329
9 0.9479166666666666 0.4848925043579314 0.0425 0.01801278326554329
1 0.4454166666666667 0.15427077280650783 0.0425 0.01801278326554329
10 0.39208333333333334 0.6812899477048228 0.0425 0.01801278326554329