3 0.39458333333333334 0.8852411388727484 0.0425 0.01801278326554329
11 0.9479166666666666 0.29837303893085415 0.0425 0.01801278326554329
11 0.39375 0.35066821615339916 0.0425 0.01801278326554329
4 0.39458333333333334 0.9177803602556653 0.0425 0.01801278326554329
6 0.39208333333333334 0.6812899477048228 0.0425 0.01801278326554329
0 0.9445833333333333 0.1147588611272516 0.0425 0.01801278326554329
6 0.4454166666666667 0.9177803602556653 0.0425 0.01801278326554329
10 0.9479166666666666 0.9218477629285299 0.0425 0.01801278326554329
2 0.9470833333333334 0.08396281231841952 0.0425 0.01801278326554329
11 0.9479166666666666 0.2547937245787333 0.0425 0.01801278326554329
9 0.94875 0.8904706565950029 0.0425 0.01801278326554329
9 0.3929166666666667 0.637129575828007 0.0425 0.01801278326554329
5 0.44625 0.35008715862870426 0.0425 0.01801278326554329
3 0.94875 0.4494479953515398 0.0425 0.01801278326554329