1 0.3929166666666667 0.08977338756536897 0.0425 0.01801278326554329
10 0.39208333333333334 0.6812899477048228 0.0425 0.01801278326554329
0 0.3929166666666667 0.6022661243463103 0.0425 0.01801278326554329
3 0.9479166666666666 0.9218477629285299 0.0425 0.01801278326554329
11 0.44375 0.637129575828007 0.0425 0.01801278326554329
11 0.94875 0.8904706565950029 0.0425 0.01801278326554329
6 0.9479166666666666 0.29837303893085415 0.0425 0.01801278326554329
10 0.4454166666666667 0.15427077280650783 0.0425 0.01801278326554329
10 0.4454166666666667 0.9177803602556653 0.0425 0.01801278326554329
0 0.44625 0.8864032539221383 0.0425 0.01801278326554329
5 0.3929166666666667 0.41807088901801276 0.0425 0.01801278326554329
11 0.9479166666666666 0.2547937245787333 0.0425 0.01801278326554329
3 0.4454166666666667 0.6016850668216154 0.0425 0.01801278326554329
10 0.39375 0.35066821615339916 0.0425 0.01801278326554329