1 0.9066059225512528 0.6885869565217392 0.08200455580865604 0.03152173913043478
5 0.45558086560364464 0.3766304347826087 0.08200455580865604 0.03152173913043478
2 0.4533029612756264 0.5722826086956522 0.08200455580865604 0.03152173913043478
4 0.9066059225512528 0.6559782608695652 0.08200455580865604 0.03152173913043478
4 0.908883826879271 0.27880434782608693 0.08200455580865604 0.03152173913043478
9 0.9066059225512528 0.6255434782608695 0.08200455580865604 0.03152173913043478
9 0.9066059225512528 0.5929347826086957 0.08200455580865604 0.03152173913043478
9 0.4533029612756264 0.7885869565217392 0.08200455580865604 0.03152173913043478
4 0.4533029612756264 0.5407608695652174 0.08200455580865604 0.03152173913043478
7 0.4533029612756264 0.4766304347826087 0.08200455580865604 0.03152173913043478
0 0.45558086560364464 0.8233695652173914 0.08200455580865604 0.03152173913043478