2 0.9066059225512528 0.6559782608695652 0.08200455580865604 0.03152173913043478
1 0.9066059225512528 0.8048913043478261 0.08200455580865604 0.03152173913043478
6 0.4533029612756264 0.4418478260869565 0.08200455580865604 0.03152173913043478
10 0.9066059225512528 0.6885869565217392 0.08200455580865604 0.03152173913043478
9 0.908883826879271 0.27880434782608693 0.08200455580865604 0.03152173913043478
8 0.908883826879271 0.5592391304347826 0.08200455580865604 0.03152173913043478
3 0.45558086560364464 0.3766304347826087 0.08200455580865604 0.03152173913043478
5 0.4533029612756264 0.7559782608695652 0.08200455580865604 0.03152173913043478
10 0.908883826879271 0.40706521739130436 0.08200455580865604 0.03152173913043478
8 0.45558086560364464 0.30380434782608695 0.0774487471526196 0.014130434782608696
0 0.4533029612756264 0.7885869565217392 0.08200455580865604 0.03152173913043478
5 0.45558086560364464 0.2722826086956522 0.0774487471526196 0.014130434782608696
10 0.4533029612756264 0.4766304347826087 0.08200455580865604 0.03152173913043478