0 0.9066059225512528 0.5929347826086957 0.08200455580865604 0.03152173913043478
7 0.908883826879271 0.5592391304347826 0.08200455580865604 0.03152173913043478
0 0.4533029612756264 0.4418478260869565 0.08200455580865604 0.03152173913043478
5 0.9066059225512528 0.6559782608695652 0.08200455580865604 0.03152173913043478
11 0.45558086560364464 0.3766304347826087 0.08200455580865604 0.03152173913043478
10 0.908883826879271 0.4429347826086957 0.08200455580865604 0.03152173913043478
8 0.45558086560364464 0.7233695652173913 0.08200455580865604 0.03152173913043478
1 0.45558086560364464 0.30380434782608695 0.0774487471526196 0.014130434782608696
1 0.45558086560364464 0.2722826086956522 0.0774487471526196 0.014130434782608696
2 0.4533029612756264 0.7559782608695652 0.08200455580865604 0.03152173913043478
5 0.9020501138952164 0.3766304347826087 0.08200455580865604 0.03152173913043478
4 0.908883826879271 0.40706521739130436 0.08200455580865604 0.03152173913043478