0 0.7617801047120419 0.4125 0.013089005235602094 0.019444444444444445
6 0.8514397905759162 0.7625 0.013089005235602094 0.019444444444444445
6 0.7257853403141361 0.43842592592592594 0.013089005235602094 0.019444444444444445
10 0.9502617801047121 0.7902777777777777 0.013089005235602094 0.019444444444444445
3 0.7238219895287958 0.7087962962962963 0.013089005235602094 0.019444444444444445
1 0.762434554973822 0.19768518518518519 0.013089005235602094 0.019444444444444445
2 0.8723821989528796 0.5217592592592593 0.013089005235602094 0.019444444444444445
11 0.7990837696335078 0.16805555555555557 0.013089005235602094 0.019444444444444445
1 0.725130890052356 0.1412037037037037 0.013089005235602094 0.019444444444444445
10 0.8717277486910995 0.2800925925925926 0.013089005235602094 0.019444444444444445
10 0.9096858638743456 0.22361111111111112 0.013089005235602094 0.019444444444444445
0 0.9109947643979057 0.3597222222222222 0.013089005235602094 0.019444444444444445
6 0.8887434554973822 0.6828703703703703 0.013089005235602094 0.019444444444444445
7 0.9476439790575916 0.46944444444444444 0.014397905759162303 0.022222222222222223
11 0.7905759162303665 0.6263888888888889 0.013089005235602094 0.019444444444444445