11 0.17604712041884818 0.5347222222222222 0.013089005235602094 0.019444444444444445
7 0.762434554973822 0.3050925925925926 0.013089005235602094 0.019444444444444445
0 0.9469895287958116 0.4148148148148148 0.014397905759162303 0.022222222222222223
1 0.8520942408376964 0.6273148148148148 0.013089005235602094 0.019444444444444445
0 0.8723821989528796 0.38657407407407407 0.013089005235602094 0.019444444444444445
5 0.9456806282722513 0.17222222222222222 0.014397905759162303 0.022222222222222223
10 0.9109947643979057 0.3597222222222222 0.013089005235602094 0.019444444444444445
9 0.762434554973822 0.19768518518518519 0.013089005235602094 0.019444444444444445
9 0.7899214659685864 0.6541666666666667 0.013089005235602094 0.019444444444444445
4 0.9456806282722513 0.25 0.014397905759162303 0.022222222222222223
1 0.800392670157068 0.5208333333333334 0.013089005235602094 0.019444444444444445
6 0.8730366492146597 0.4393518518518518 0.013089005235602094 0.019444444444444445
9 0.8514397905759162 0.7337962962962963 0.013089005235602094 0.019444444444444445