8 0.9456806282722513 0.22407407407407406 0.014397905759162303 0.022222222222222223
11 0.8887434554973822 0.6828703703703703 0.013089005235602094 0.019444444444444445
4 0.724476439790576 0.7615740740740741 0.013089005235602094 0.019444444444444445
8 0.8730366492146597 0.36157407407407405 0.013089005235602094 0.019444444444444445
7 0.7990837696335078 0.3337962962962963 0.013089005235602094 0.019444444444444445
0 0.9502617801047121 0.6532407407407408 0.013089005235602094 0.019444444444444445
11 0.8514397905759162 0.7337962962962963 0.013089005235602094 0.019444444444444445
2 0.9509162303664922 0.6282407407407408 0.013089005235602094 0.019444444444444445
2 0.4083769633507853 0.6300925925925925 0.013089005235602094 0.019444444444444445
2 0.762434554973822 0.3050925925925926 0.013089005235602094 0.019444444444444445
8 0.9476439790575916 0.38796296296296295 0.014397905759162303 0.022222222222222223
7 0.7990837696335078 0.27824074074074073 0.013089005235602094 0.019444444444444445
1 0.7886125654450262 0.7356481481481482 0.013089005235602094 0.019444444444444445