8 0.7879581151832461 0.6800925925925926 0.013089005235602094 0.019444444444444445
4 0.9469895287958116 0.44074074074074077 0.014397905759162303 0.022222222222222223
10 0.8730366492146597 0.4097222222222222 0.013089005235602094 0.019444444444444445
9 0.9096858638743456 0.38842592592592595 0.013089005235602094 0.019444444444444445
4 0.9469895287958116 0.2814814814814815 0.014397905759162303 0.022222222222222223
11 0.7990837696335078 0.1439814814814815 0.013089005235602094 0.019444444444444445
3 0.7984293193717278 0.46805555555555556 0.013089005235602094 0.019444444444444445
10 0.7899214659685864 0.6541666666666667 0.013089005235602094 0.019444444444444445
1 0.7886125654450262 0.8430555555555556 0.013089005235602094 0.019444444444444445
6 0.8514397905759162 0.7337962962962963 0.013089005235602094 0.019444444444444445
11 0.9103403141361257 0.46805555555555556 0.013089005235602094 0.025
6 0.406413612565445 0.836574074074074 0.013089005235602094 0.019444444444444445