6 0.406413612565445 0.836574074074074 0.013089005235602094 0.019444444444444445
0 0.40772251308900526 0.7347222222222223 0.013089005235602094 0.019444444444444445
3 0.7879581151832461 0.6800925925925926 0.013089005235602094 0.019444444444444445
0 0.8723821989528796 0.3050925925925926 0.013089005235602094 0.019444444444444445
1 0.9096858638743456 0.38842592592592595 0.013089005235602094 0.019444444444444445
11 0.8514397905759162 0.7337962962962963 0.013089005235602094 0.019444444444444445
11 0.725130890052356 0.38657407407407407 0.013089005235602094 0.019444444444444445
5 0.9096858638743456 0.25046296296296294 0.013089005235602094 0.019444444444444445
0 0.7990837696335078 0.3337962962962963 0.013089005235602094 0.019444444444444445
6 0.7990837696335078 0.16805555555555557 0.013089005235602094 0.019444444444444445
4 0.8887434554973822 0.763425925925926 0.013089005235602094 0.019444444444444445
8 0.8893979057591623 0.6541666666666667 0.013089005235602094 0.019444444444444445
2 0.9096858638743456 0.4134259259259259 0.013089005235602094 0.019444444444444445
3 0.9456806282722513 0.17222222222222222 0.014397905759162303 0.022222222222222223
5 0.9476439790575916 0.2 0.014397905759162303 0.022222222222222223