11 0.724476439790576 0.7615740740740741 0.013089005235602094 0.019444444444444445
0 0.9456806282722513 0.17222222222222222 0.014397905759162303 0.022222222222222223
9 0.7257853403141361 0.30416666666666664 0.013089005235602094 0.019444444444444445
4 0.725130890052356 0.19768518518518519 0.013089005235602094 0.019444444444444445
1 0.7990837696335078 0.36064814814814816 0.013089005235602094 0.019444444444444445
9 0.8717277486910995 0.16898148148148148 0.013089005235602094 0.019444444444444445
11 0.762434554973822 0.3587962962962963 0.013089005235602094 0.019444444444444445
7 0.9103403141361257 0.19768518518518519 0.013089005235602094 0.019444444444444445
10 0.9502617801047121 0.7615740740740741 0.013089005235602094 0.019444444444444445
6 0.7257853403141361 0.6550925925925926 0.013089005235602094 0.019444444444444445
9 0.8730366492146597 0.4393518518518518 0.013089005235602094 0.019444444444444445
2 0.9469895287958116 0.14444444444444443 0.014397905759162303 0.022222222222222223
0 0.762434554973822 0.19768518518518519 0.013089005235602094 0.019444444444444445