9 0.762434554973822 0.19768518518518519 0.013089005235602094 0.019444444444444445
2 0.8723821989528796 0.2523148148148148 0.013089005235602094 0.019444444444444445
0 0.7990837696335078 0.22268518518518518 0.013089005235602094 0.019444444444444445
6 0.9476439790575916 0.38796296296296295 0.014397905759162303 0.022222222222222223
6 0.8717277486910995 0.46805555555555556 0.013089005235602094 0.019444444444444445
10 0.9476439790575916 0.2 0.014397905759162303 0.022222222222222223
10 0.800392670157068 0.5208333333333334 0.013089005235602094 0.019444444444444445
2 0.725130890052356 0.6273148148148148 0.013089005235602094 0.019444444444444445
10 0.7637434554973822 0.22361111111111112 0.013089005235602094 0.019444444444444445
8 0.7257853403141361 0.6810185185185185 0.013089005235602094 0.019444444444444445
5 0.762434554973822 0.3050925925925926 0.013089005235602094 0.019444444444444445
10 0.8730366492146597 0.4097222222222222 0.013089005235602094 0.019444444444444445
8 0.725130890052356 0.35694444444444445 0.013089005235602094 0.019444444444444445
7 0.8730366492146597 0.4393518518518518 0.013089005235602094 0.019444444444444445