9 0.9103403141361257 0.4412037037037037 0.013089005235602094 0.019444444444444445
6 0.762434554973822 0.19768518518518519 0.013089005235602094 0.019444444444444445
0 0.8717277486910995 0.16898148148148148 0.013089005235602094 0.019444444444444445
2 0.7886125654450262 0.7893518518518519 0.013089005235602094 0.019444444444444445
10 0.762434554973822 0.3587962962962963 0.013089005235602094 0.019444444444444445
3 0.762434554973822 0.46620370370370373 0.013089005235602094 0.019444444444444445
11 0.7886125654450262 0.8430555555555556 0.013089005235602094 0.019444444444444445
6 0.9116492146596858 0.33194444444444443 0.013089005235602094 0.019444444444444445
6 0.7637434554973822 0.17083333333333334 0.013089005235602094 0.019444444444444445
10 0.762434554973822 0.33101851851851855 0.013089005235602094 0.019444444444444445
7 0.7990837696335078 0.22268518518518518 0.013089005235602094 0.019444444444444445
4 0.8887434554973822 0.7893518518518519 0.013089005235602094 0.019444444444444445
10 0.9469895287958116 0.33425925925925926 0.014397905759162303 0.022222222222222223