11 0.725130890052356 0.33194444444444443 0.013089005235602094 0.019444444444444445
6 0.7637434554973822 0.17083333333333334 0.013089005235602094 0.019444444444444445
5 0.8887434554973822 0.736574074074074 0.013089005235602094 0.019444444444444445
4 0.9456806282722513 0.17222222222222222 0.014397905759162303 0.022222222222222223
5 0.7617801047120419 0.3837962962962963 0.013089005235602094 0.019444444444444445
3 0.8520942408376964 0.7069444444444445 0.013089005235602094 0.019444444444444445
11 0.7257853403141361 0.1699074074074074 0.013089005235602094 0.019444444444444445
3 0.8717277486910995 0.46805555555555556 0.013089005235602094 0.019444444444444445
3 0.7238219895287958 0.7087962962962963 0.013089005235602094 0.019444444444444445
6 0.7886125654450262 0.7356481481481482 0.013089005235602094 0.019444444444444445
2 0.725130890052356 0.1412037037037037 0.013089005235602094 0.019444444444444445
10 0.8730366492146597 0.36157407407407405 0.013089005235602094 0.019444444444444445
0 0.9502617801047121 0.7615740740740741 0.013089005235602094 0.019444444444444445
3 0.7990837696335078 0.19675925925925927 0.013089005235602094 0.019444444444444445
5 0.40772251308900526 0.7347222222222223 0.013089005235602094 0.019444444444444445