1 0.7984293193717278 0.3060185185185185 0.013089005235602094 0.019444444444444445
11 0.7257853403141361 0.4162037037037037 0.013089005235602094 0.019444444444444445
0 0.9469895287958116 0.33425925925925926 0.014397905759162303 0.022222222222222223
9 0.40772251308900526 0.4375 0.013089005235602094 0.019444444444444445
8 0.762434554973822 0.46620370370370373 0.013089005235602094 0.019444444444444445
0 0.8520942408376964 0.7069444444444445 0.013089005235602094 0.019444444444444445
0 0.17670157068062828 0.8319444444444445 0.013089005235602094 0.019444444444444445
10 0.8893979057591623 0.6541666666666667 0.013089005235602094 0.019444444444444445
0 0.8723821989528796 0.3050925925925926 0.013089005235602094 0.019444444444444445
11 0.9502617801047121 0.7615740740740741 0.013089005235602094 0.019444444444444445
2 0.9096858638743456 0.30416666666666664 0.013089005235602094 0.019444444444444445
0 0.7997382198952879 0.38472222222222224 0.013089005235602094 0.019444444444444445