9 0.8723821989528796 0.38657407407407407 0.013089005235602094 0.019444444444444445
10 0.9469895287958116 0.4148148148148148 0.014397905759162303 0.022222222222222223
5 0.724476439790576 0.7615740740740741 0.013089005235602094 0.019444444444444445
11 0.9456806282722513 0.22407407407407406 0.014397905759162303 0.022222222222222223
10 0.762434554973822 0.33101851851851855 0.013089005235602094 0.019444444444444445
10 0.9476439790575916 0.46944444444444444 0.014397905759162303 0.022222222222222223
5 0.724476439790576 0.25324074074074077 0.013089005235602094 0.019444444444444445
5 0.40772251308900526 0.4375 0.013089005235602094 0.019444444444444445
4 0.7257853403141361 0.4162037037037037 0.013089005235602094 0.019444444444444445
10 0.8514397905759162 0.7625 0.013089005235602094 0.019444444444444445
7 0.725130890052356 0.19768518518518519 0.013089005235602094 0.019444444444444445
4 0.9096858638743456 0.25046296296296294 0.013089005235602094 0.019444444444444445
10 0.9109947643979057 0.3597222222222222 0.013089005235602094 0.019444444444444445
9 0.762434554973822 0.3587962962962963 0.013089005235602094 0.019444444444444445
8 0.8717277486910995 0.2800925925925926 0.013089005235602094 0.019444444444444445