6 0.4581818181818182 0.6772727272727272 0.04 0.025454545454545455
11 0.4490909090909091 0.22545454545454546 0.04 0.025454545454545455
11 0.45 0.40545454545454546 0.04 0.025454545454545455
11 0.45 0.27 0.04 0.025454545454545455
10 0.44545454545454544 0.09 0.04 0.025454545454545455
10 0.46 0.8163636363636364 0.04 0.025454545454545455
0 0.769090909090909 0.7418181818181818 0.04 0.025454545454545455
10 0.4481818181818182 0.3381818181818182 0.04 0.025454545454545455
0 0.44545454545454544 0.11090909090909092 0.04 0.025454545454545455
0 0.7372727272727273 0.9827272727272728 0.04 0.025454545454545455
0 0.45 0.36 0.04 0.025454545454545455
10 0.4536363636363636 0.54 0.04 0.025454545454545455
0 0.7718181818181818 0.8627272727272727 0.04 0.025454545454545455