9 0.4490909090909091 0.22545454545454546 0.04 0.025454545454545455
0 0.7218181818181818 0.5336363636363637 0.04 0.025454545454545455
0 0.769090909090909 0.7418181818181818 0.04 0.025454545454545455
12 0.45 0.38181818181818183 0.04 0.025454545454545455
11 0.44363636363636366 0.04818181818181818 0.04 0.025454545454545455
7 0.4590909090909091 0.7936363636363636 0.04 0.025454545454545455
0 0.7181818181818181 0.44272727272727275 0.04 0.025454545454545455
10 0.7136363636363636 0.33 0.04 0.025454545454545455
10 0.7327272727272728 0.91 0.04 0.025454545454545455
0 0.7081818181818181 0.12545454545454546 0.04 0.025454545454545455
10 0.45545454545454545 0.5627272727272727 0.04 0.025454545454545455