10 0.7727272727272727 0.91 0.04 0.025454545454545455
0 0.44363636363636366 0.04818181818181818 0.04 0.025454545454545455
3 0.7154545454545455 0.3518181818181818 0.04 0.025454545454545455
5 0.4490909090909091 0.2909090909090909 0.04 0.025454545454545455
7 0.72 0.5109090909090909 0.04 0.025454545454545455
10 0.7154545454545455 0.30818181818181817 0.04 0.025454545454545455
0 0.45545454545454545 0.5627272727272727 0.04 0.025454545454545455
0 0.46 0.89 0.04 0.025454545454545455
6 0.7718181818181818 0.8881818181818182 0.04 0.025454545454545455
10 0.7236363636363636 0.65 0.04 0.025454545454545455
10 0.7281818181818182 0.7190909090909091 0.04 0.025454545454545455
10 0.4481818181818182 0.3381818181818182 0.04 0.025454545454545455
9 0.7036363636363636 0.03909090909090909 0.04 0.025454545454545455