0 0.7081818181818181 0.10181818181818182 0.04 0.025454545454545455
10 0.7127272727272728 0.2581818181818182 0.04 0.025454545454545455
5 0.7290909090909091 0.79 0.04 0.025454545454545455
10 0.45 0.42818181818181816 0.04 0.025454545454545455
10 0.7154545454545455 0.3518181818181818 0.04 0.025454545454545455
0 0.45 0.40545454545454546 0.04 0.025454545454545455
10 0.7036363636363636 0.03909090909090909 0.04 0.025454545454545455
10 0.4581818181818182 0.7709090909090909 0.04 0.025454545454545455
0 0.44363636363636366 0.04818181818181818 0.04 0.025454545454545455
12 0.45 0.38181818181818183 0.04 0.025454545454545455
12 0.4581818181818182 0.7481818181818182 0.04 0.025454545454545455
10 0.45 0.24909090909090909 0.04 0.025454545454545455
1 0.7718181818181818 0.8627272727272727 0.04 0.025454545454545455
8 0.44363636363636366 0.07 0.04 0.025454545454545455
0 0.44272727272727275 0.026363636363636363 0.04 0.025454545454545455