0 0.45 0.24909090909090909 0.04 0.025454545454545455
10 0.4527272727272727 0.5172727272727272 0.04 0.025454545454545455
5 0.7154545454545455 0.37363636363636366 0.04 0.025454545454545455
8 0.7181818181818181 0.44272727272727275 0.04 0.025454545454545455
0 0.4581818181818182 0.6772727272727272 0.04 0.025454545454545455
4 0.7136363636363636 0.33 0.04 0.025454545454545455
9 0.7372727272727273 0.9827272727272728 0.04 0.025454545454545455
0 0.44545454545454544 0.11090909090909092 0.04 0.025454545454545455
10 0.7318181818181818 0.889090909090909 0.04 0.025454545454545455
10 0.45 0.27 0.04 0.025454545454545455
11 0.44272727272727275 0.026363636363636363 0.04 0.025454545454545455
0 0.7154545454545455 0.30818181818181817 0.04 0.025454545454545455
0 0.4481818181818182 0.20363636363636364 0.04 0.025454545454545455