10 0.7154545454545455 0.30818181818181817 0.04 0.025454545454545455
3 0.46 0.89 0.04 0.025454545454545455
0 0.7136363636363636 0.33 0.04 0.025454545454545455
6 0.45 0.36 0.04 0.025454545454545455
11 0.44545454545454544 0.11090909090909092 0.04 0.025454545454545455
0 0.7318181818181818 0.889090909090909 0.04 0.025454545454545455
10 0.7218181818181818 0.6263636363636363 0.04 0.025454545454545455
10 0.77 0.7672727272727272 0.04 0.025454545454545455
5 0.7036363636363636 0.03909090909090909 0.04 0.025454545454545455
1 0.7709090909090909 0.8390909090909091 0.04 0.025454545454545455
10 0.73 0.8154545454545454 0.04 0.025454545454545455
9 0.7290909090909091 0.79 0.04 0.025454545454545455
10 0.4509090909090909 0.4727272727272727 0.04 0.025454545454545455