10 0.45636363636363636 0.6072727272727273 0.04 0.025454545454545455
5 0.72 0.5109090909090909 0.04 0.025454545454545455
12 0.7072727272727273 0.08 0.04 0.025454545454545455
11 0.45 0.38181818181818183 0.04 0.025454545454545455
0 0.4581818181818182 0.7709090909090909 0.04 0.025454545454545455
3 0.7327272727272728 0.9581818181818181 0.04 0.025454545454545455
0 0.7281818181818182 0.7190909090909091 0.04 0.025454545454545455
10 0.730909090909091 0.8381818181818181 0.04 0.025454545454545455
6 0.7154545454545455 0.37363636363636366 0.04 0.025454545454545455
12 0.44545454545454544 0.09 0.04 0.025454545454545455
0 0.4481818181818182 0.20363636363636364 0.04 0.025454545454545455