11 0.7072727272727273 0.08 0.04 0.025454545454545455
0 0.44545454545454544 0.11090909090909092 0.04 0.025454545454545455
10 0.72 0.5109090909090909 0.04 0.025454545454545455
10 0.77 0.7672727272727272 0.04 0.025454545454545455
10 0.45636363636363636 0.6072727272727273 0.04 0.025454545454545455
0 0.7109090909090909 0.2381818181818182 0.04 0.025454545454545455
0 0.45545454545454545 0.5872727272727273 0.04 0.025454545454545455
0 0.77 0.79 0.04 0.025454545454545455
12 0.44363636363636366 0.04818181818181818 0.04 0.025454545454545455
10 0.7281818181818182 0.7190909090909091 0.04 0.025454545454545455
10 0.4481818181818182 0.3381818181818182 0.04 0.025454545454545455
1 0.4509090909090909 0.45 0.04 0.025454545454545455
11 0.7154545454545455 0.30818181818181817 0.04 0.025454545454545455
0 0.45 0.27 0.04 0.025454545454545455
11 0.46090909090909093 0.96 0.04 0.025454545454545455