10 0.7136363636363636 0.33 0.04 0.025454545454545455
10 0.77 0.79 0.04 0.025454545454545455
10 0.7218181818181818 0.5336363636363637 0.04 0.025454545454545455
10 0.4581818181818182 0.7709090909090909 0.04 0.025454545454545455
0 0.7172727272727273 0.42 0.04 0.025454545454545455
10 0.7290909090909091 0.79 0.04 0.025454545454545455
10 0.44363636363636366 0.04818181818181818 0.04 0.025454545454545455
7 0.44272727272727275 0.026363636363636363 0.04 0.025454545454545455
10 0.45 0.36 0.04 0.025454545454545455
11 0.7718181818181818 0.8627272727272727 0.04 0.025454545454545455
10 0.7754545454545455 0.96 0.04 0.025454545454545455
10 0.4490909090909091 0.2909090909090909 0.04 0.025454545454545455
10 0.46 0.9118181818181819 0.04 0.025454545454545455
0 0.7727272727272727 0.91 0.04 0.025454545454545455
3 0.7327272727272728 0.91 0.04 0.025454545454545455