10 0.4590909090909091 0.7936363636363636 0.04 0.025454545454545455
0 0.7081818181818181 0.12545454545454546 0.04 0.025454545454545455
7 0.44545454545454544 0.11090909090909092 0.04 0.025454545454545455
0 0.7136363636363636 0.33 0.04 0.025454545454545455
0 0.4581818181818182 0.7709090909090909 0.04 0.025454545454545455
10 0.7109090909090909 0.21727272727272728 0.04 0.025454545454545455
8 0.45 0.27 0.04 0.025454545454545455
2 0.45 0.24909090909090909 0.04 0.025454545454545455
10 0.44272727272727275 0.026363636363636363 0.04 0.025454545454545455
11 0.4481818181818182 0.3381818181818182 0.04 0.025454545454545455
10 0.4481818181818182 0.20363636363636364 0.04 0.025454545454545455