12 0.4509090909090909 0.4727272727272727 0.04 0.025454545454545455
10 0.45636363636363636 0.63 0.04 0.025454545454545455
11 0.77 0.7672727272727272 0.04 0.025454545454545455
0 0.4581818181818182 0.7227272727272728 0.04 0.025454545454545455
6 0.46 0.8163636363636364 0.04 0.025454545454545455
0 0.7154545454545455 0.3518181818181818 0.04 0.025454545454545455
11 0.4581818181818182 0.6772727272727272 0.04 0.025454545454545455
7 0.44545454545454544 0.11090909090909092 0.04 0.025454545454545455
12 0.7181818181818181 0.46545454545454545 0.04 0.025454545454545455
9 0.4509090909090909 0.45 0.04 0.025454545454545455
0 0.769090909090909 0.72 0.04 0.025454545454545455
0 0.4536363636363636 0.54 0.04 0.025454545454545455
12 0.4581818181818182 0.7481818181818182 0.04 0.025454545454545455
10 0.45 0.40545454545454546 0.04 0.025454545454545455
0 0.4490909090909091 0.2909090909090909 0.04 0.025454545454545455