6 0.77 0.79 0.04 0.025454545454545455
10 0.46 0.9363636363636364 0.04 0.025454545454545455
10 0.7218181818181818 0.6263636363636363 0.04 0.025454545454545455
4 0.7218181818181818 0.6018181818181818 0.04 0.025454545454545455
10 0.45636363636363636 0.63 0.04 0.025454545454545455
0 0.45 0.36 0.04 0.025454545454545455
0 0.4581818181818182 0.7481818181818182 0.04 0.025454545454545455
0 0.77 0.7672727272727272 0.04 0.025454545454545455
12 0.46 0.8163636363636364 0.04 0.025454545454545455
11 0.73 0.8154545454545454 0.04 0.025454545454545455
10 0.7327272727272728 0.9581818181818181 0.04 0.025454545454545455
10 0.46090909090909093 0.96 0.04 0.025454545454545455
0 0.7709090909090909 0.8154545454545454 0.04 0.025454545454545455