0 0.4490909090909091 0.2909090909090909 0.04 0.025454545454545455
10 0.7290909090909091 0.7681818181818182 0.04 0.025454545454545455
10 0.45 0.40545454545454546 0.04 0.025454545454545455
0 0.73 0.7436363636363637 0.04 0.025454545454545455
5 0.7154545454545455 0.3518181818181818 0.04 0.025454545454545455
10 0.4581818181818182 0.7709090909090909 0.04 0.025454545454545455
11 0.46 0.9118181818181819 0.04 0.025454545454545455
10 0.7236363636363636 0.65 0.04 0.025454545454545455
0 0.44363636363636366 0.07 0.04 0.025454545454545455
10 0.7063636363636364 0.06 0.04 0.025454545454545455
10 0.7181818181818181 0.46545454545454545 0.04 0.025454545454545455
0 0.7754545454545455 0.96 0.04 0.025454545454545455
0 0.7281818181818182 0.7190909090909091 0.04 0.025454545454545455