10 0.7054545454545454 0.015454545454545455 0.04 0.025454545454545455
10 0.7072727272727273 0.08 0.04 0.025454545454545455
7 0.77 0.7672727272727272 0.04 0.025454545454545455
10 0.7081818181818181 0.12545454545454546 0.04 0.025454545454545455
10 0.7718181818181818 0.8627272727272727 0.04 0.025454545454545455
10 0.7218181818181818 0.6718181818181819 0.04 0.025454545454545455
10 0.7218181818181818 0.6018181818181818 0.04 0.025454545454545455
5 0.7181818181818181 0.46545454545454545 0.04 0.025454545454545455
10 0.7209090909090909 0.58 0.04 0.025454545454545455
0 0.7727272727272727 0.91 0.04 0.025454545454545455
10 0.7327272727272728 0.9581818181818181 0.04 0.025454545454545455