0 0.7109090909090909 0.21727272727272728 0.04 0.025454545454545455
8 0.4581818181818182 0.7709090909090909 0.04 0.025454545454545455
10 0.730909090909091 0.8381818181818181 0.04 0.025454545454545455
12 0.4490909090909091 0.2909090909090909 0.04 0.025454545454545455
0 0.7190909090909091 0.4890909090909091 0.04 0.025454545454545455
10 0.46090909090909093 0.96 0.04 0.025454545454545455
11 0.45181818181818184 0.49636363636363634 0.04 0.025454545454545455
2 0.7718181818181818 0.8627272727272727 0.04 0.025454545454545455
0 0.4572727272727273 0.7 0.04 0.025454545454545455
10 0.730909090909091 0.8627272727272727 0.04 0.025454545454545455
0 0.7318181818181818 0.889090909090909 0.04 0.025454545454545455