3 0.4509090909090909 0.45 0.04 0.025454545454545455
10 0.44545454545454544 0.09 0.04 0.025454545454545455
5 0.7154545454545455 0.37363636363636366 0.04 0.025454545454545455
3 0.45545454545454545 0.5872727272727273 0.04 0.025454545454545455
11 0.4527272727272727 0.5172727272727272 0.04 0.025454545454545455
10 0.4490909090909091 0.2909090909090909 0.04 0.025454545454545455
10 0.45636363636363636 0.6527272727272727 0.04 0.025454545454545455
10 0.4490909090909091 0.22545454545454546 0.04 0.025454545454545455
0 0.45 0.36 0.04 0.025454545454545455
0 0.73 0.8154545454545454 0.04 0.025454545454545455
10 0.7181818181818181 0.44272727272727275 0.04 0.025454545454545455
3 0.7709090909090909 0.8390909090909091 0.04 0.025454545454545455
1 0.4581818181818182 0.7481818181818182 0.04 0.025454545454545455