0 0.7718181818181818 0.8627272727272727 0.04 0.025454545454545455
10 0.7318181818181818 0.889090909090909 0.04 0.025454545454545455
10 0.7218181818181818 0.6018181818181818 0.04 0.025454545454545455
8 0.7054545454545454 0.015454545454545455 0.04 0.025454545454545455
10 0.73 0.7436363636363637 0.04 0.025454545454545455
11 0.4572727272727273 0.7 0.04 0.025454545454545455
0 0.7218181818181818 0.6718181818181819 0.04 0.025454545454545455
8 0.45 0.27 0.04 0.025454545454545455
10 0.7154545454545455 0.3518181818181818 0.04 0.025454545454545455
0 0.7181818181818181 0.44272727272727275 0.04 0.025454545454545455
10 0.72 0.5109090909090909 0.04 0.025454545454545455
10 0.7036363636363636 0.03909090909090909 0.04 0.025454545454545455