0 0.45636363636363636 0.6527272727272727 0.04 0.025454545454545455
2 0.4572727272727273 0.7 0.04 0.025454545454545455
10 0.73 0.8154545454545454 0.04 0.025454545454545455
10 0.45 0.40545454545454546 0.04 0.025454545454545455
2 0.4536363636363636 0.54 0.04 0.025454545454545455
4 0.45636363636363636 0.63 0.04 0.025454545454545455
0 0.45181818181818184 0.49636363636363634 0.04 0.025454545454545455
0 0.46 0.9118181818181819 0.04 0.025454545454545455
0 0.7218181818181818 0.6263636363636363 0.04 0.025454545454545455
10 0.7236363636363636 0.65 0.04 0.025454545454545455
10 0.769090909090909 0.7418181818181818 0.04 0.025454545454545455
10 0.72 0.5109090909090909 0.04 0.025454545454545455
1 0.7172727272727273 0.42 0.04 0.025454545454545455
0 0.4581818181818182 0.7481818181818182 0.04 0.025454545454545455