0 0.6713810316139767 0.82 0.07154742096505824 0.035
0 0.4667221297836938 0.94375 0.07154742096505824 0.035
11 0.7329450915141431 0.36 0.07154742096505824 0.035
8 0.4617304492512479 0.4325 0.07154742096505824 0.035
10 0.7495840266222962 0.85875 0.07154742096505824 0.035
10 0.6747088186356073 0.89875 0.07154742096505824 0.035
0 0.7462562396006656 0.70375 0.07154742096505824 0.035
0 0.6747088186356073 0.93625 0.07154742096505824 0.035
6 0.7529118136439268 0.935 0.07154742096505824 0.035
10 0.7362728785357737 0.39375 0.07154742096505824 0.035
0 0.7445923460898503 0.66375 0.07154742096505824 0.035
0 0.4633943427620632 0.47125 0.07154742096505824 0.035
0 0.7362728785357737 0.50625 0.07154742096505824 0.035
0 0.7362728785357737 0.46875 0.07154742096505824 0.035