0 0.4633943427620632 0.47125 0.07154742096505824 0.035
6 0.3935108153078203 0.945 0.07154742096505824 0.035
10 0.7362728785357737 0.43 0.07154742096505824 0.035
8 0.4617304492512479 0.50875 0.07154742096505824 0.035
0 0.6713810316139767 0.82 0.07154742096505824 0.035
0 0.7529118136439268 0.935 0.07154742096505824 0.035
3 0.737936772046589 0.545 0.07154742096505824 0.035
10 0.4617304492512479 0.39625 0.07154742096505824 0.035
4 0.7362728785357737 0.39375 0.07154742096505824 0.035
10 0.4617304492512479 0.4325 0.07154742096505824 0.035
5 0.7495840266222962 0.7825 0.07154742096505824 0.035
12 0.7362728785357737 0.50625 0.07154742096505824 0.035