10 0.4617304492512479 0.39625 0.07154742096505824 0.035
10 0.4617304492512479 0.50875 0.07154742096505824 0.035
7 0.6713810316139767 0.77875 0.07154742096505824 0.035
10 0.7362728785357737 0.46875 0.07154742096505824 0.035
0 0.6747088186356073 0.89875 0.07154742096505824 0.035
0 0.6713810316139767 0.86 0.07154742096505824 0.035
5 0.7445923460898503 0.625 0.07154742096505824 0.035
10 0.737936772046589 0.545 0.07154742096505824 0.035
10 0.7462562396006656 0.70375 0.07154742096505824 0.035
10 0.4650582362728785 0.705 0.07154742096505824 0.035
10 0.4617304492512479 0.90375 0.07154742096505824 0.035
0 0.7495840266222962 0.7825 0.07154742096505824 0.035