5 0.4617304492512479 0.39625 0.07154742096505824 0.035
10 0.6713810316139767 0.82 0.07154742096505824 0.035
11 0.4617304492512479 0.90375 0.07154742096505824 0.035
4 0.7495840266222962 0.85875 0.07154742096505824 0.035
2 0.4650582362728785 0.705 0.07154742096505824 0.035
0 0.7445923460898503 0.625 0.07154742096505824 0.035
10 0.4617304492512479 0.50875 0.07154742096505824 0.035
0 0.7329450915141431 0.36 0.07154742096505824 0.035
10 0.4667221297836938 0.94375 0.07154742096505824 0.035
0 0.7495840266222962 0.7825 0.07154742096505824 0.035
0 0.7495840266222962 0.74125 0.07154742096505824 0.035