10 0.4650582362728785 0.705 0.07154742096505824 0.035
10 0.7362728785357737 0.46875 0.07154742096505824 0.035
2 0.7495840266222962 0.7825 0.07154742096505824 0.035
11 0.6747088186356073 0.93625 0.07154742096505824 0.035
0 0.6713810316139767 0.82 0.07154742096505824 0.035
2 0.4650582362728785 0.78375 0.07154742096505824 0.035
10 0.4667221297836938 0.94375 0.07154742096505824 0.035
10 0.7495840266222962 0.85875 0.07154742096505824 0.035
0 0.6713810316139767 0.86 0.07154742096505824 0.035
12 0.7445923460898503 0.625 0.07154742096505824 0.035
10 0.4617304492512479 0.865 0.07154742096505824 0.035
10 0.7529118136439268 0.935 0.07154742096505824 0.035
6 0.737936772046589 0.545 0.07154742096505824 0.035
11 0.6747088186356073 0.89875 0.07154742096505824 0.035