0 0.6713810316139767 0.86 0.07154742096505824 0.035
10 0.7362728785357737 0.46875 0.07154742096505824 0.035
10 0.3935108153078203 0.945 0.07154742096505824 0.035
10 0.4633943427620632 0.47125 0.07154742096505824 0.035
0 0.7412645590682196 0.58625 0.07154742096505824 0.035
11 0.6747088186356073 0.89875 0.07154742096505824 0.035
12 0.6713810316139767 0.82 0.07154742096505824 0.035
4 0.7495840266222962 0.7825 0.07154742096505824 0.035
0 0.4617304492512479 0.865 0.07154742096505824 0.035
8 0.7529118136439268 0.8975 0.07154742096505824 0.035
11 0.4617304492512479 0.35875 0.07154742096505824 0.035