10 0.4617304492512479 0.35875 0.07154742096505824 0.035
0 0.4650582362728785 0.74375 0.07154742096505824 0.035
0 0.4617304492512479 0.4325 0.07154742096505824 0.035
0 0.4633943427620632 0.62625 0.07154742096505824 0.035
10 0.4617304492512479 0.90375 0.07154742096505824 0.035
9 0.7362728785357737 0.39375 0.07154742096505824 0.035
11 0.737936772046589 0.545 0.07154742096505824 0.035
10 0.6747088186356073 0.93625 0.07154742096505824 0.035
0 0.6713810316139767 0.77875 0.07154742096505824 0.035
0 0.4617304492512479 0.39625 0.07154742096505824 0.035
0 0.7362728785357737 0.50625 0.07154742096505824 0.035
10 0.4667221297836938 0.94375 0.07154742096505824 0.035