10 0.737936772046589 0.545 0.07154742096505824 0.035
10 0.4667221297836938 0.94375 0.07154742096505824 0.035
10 0.4617304492512479 0.4325 0.07154742096505824 0.035
10 0.7529118136439268 0.935 0.07154742096505824 0.035
10 0.7362728785357737 0.39375 0.07154742096505824 0.035
0 0.4633943427620632 0.62625 0.07154742096505824 0.035
0 0.7495840266222962 0.7825 0.07154742096505824 0.035
10 0.7445923460898503 0.625 0.07154742096505824 0.035
4 0.4617304492512479 0.35875 0.07154742096505824 0.035
11 0.7495840266222962 0.74125 0.07154742096505824 0.035
10 0.7462562396006656 0.70375 0.07154742096505824 0.035