10 0.6747088186356073 0.93625 0.07154742096505824 0.035
0 0.4617304492512479 0.865 0.07154742096505824 0.035
10 0.4617304492512479 0.90375 0.07154742096505824 0.035
10 0.4617304492512479 0.39625 0.07154742096505824 0.035
10 0.6747088186356073 0.89875 0.07154742096505824 0.035
9 0.6713810316139767 0.86 0.07154742096505824 0.035
10 0.4650582362728785 0.78375 0.07154742096505824 0.035
10 0.7462562396006656 0.70375 0.07154742096505824 0.035
10 0.4633943427620632 0.62625 0.07154742096505824 0.035
10 0.7529118136439268 0.8975 0.07154742096505824 0.035
10 0.7362728785357737 0.50625 0.07154742096505824 0.035