10 0.426441351888668 0.5332936979785969 0.05765407554671968 0.027348394768133173
10 0.426441351888668 0.5630202140309156 0.05765407554671968 0.027348394768133173
0 0.8538767395626242 0.8668252080856124 0.061630218687872766 0.03329369797859691
11 0.4224652087475149 0.3906064209274673 0.05765407554671968 0.027348394768133173
10 0.8280318091451292 0.6575505350772889 0.061630218687872766 0.03329369797859691
10 0.8379721669980119 0.7265160523186682 0.061630218687872766 0.03329369797859691
0 0.8439363817097415 0.7954815695600476 0.061630218687872766 0.03329369797859691
0 0.426441351888668 0.5927467300832342 0.05765407554671968 0.027348394768133173
0 0.42047713717693835 0.3323424494649227 0.05765407554671968 0.027348394768133173
11 0.8101391650099403 0.5291319857312723 0.061630218687872766 0.03329369797859691
10 0.43240556660039764 0.6908442330558858 0.05765407554671968 0.0356718192627824
0 0.42445328031809143 0.4464922711058264 0.05765407554671968 0.027348394768133173
3 0.43240556660039764 0.7633769322235434 0.05765407554671968 0.0356718192627824
10 0.42445328031809143 0.4762187871581451 0.05765407554671968 0.027348394768133173