0 0.841948310139165 0.7621878715814506 0.061630218687872766 0.03329369797859691
10 0.8379721669980119 0.7265160523186682 0.061630218687872766 0.03329369797859691
0 0.4304174950298211 0.6581450653983353 0.05765407554671968 0.027348394768133173
11 0.8439363817097415 0.7954815695600476 0.061630218687872766 0.03329369797859691
0 0.4304174950298211 0.7265160523186682 0.05765407554671968 0.0356718192627824
0 0.426441351888668 0.5630202140309156 0.05765407554671968 0.027348394768133173
10 0.8101391650099403 0.5291319857312723 0.061630218687872766 0.03329369797859691
10 0.4423459244532803 0.93935790725327 0.061630218687872766 0.03329369797859691
1 0.42445328031809143 0.4762187871581451 0.05765407554671968 0.027348394768133173
0 0.43439363817097415 0.7966706302021404 0.05765407554671968 0.0356718192627824
7 0.7803180914512923 0.2699167657550535 0.05765407554671968 0.026159334126040427