9 0.426441351888668 0.5332936979785969 0.05765407554671968 0.027348394768133173
10 0.7882703777335984 0.35374554102259215 0.05765407554671968 0.027348394768133173
0 0.8001988071570576 0.4690844233055886 0.05765407554671968 0.027348394768133173
11 0.8439363817097415 0.7954815695600476 0.061630218687872766 0.03329369797859691
11 0.8280318091451292 0.6575505350772889 0.061630218687872766 0.03329369797859691
0 0.37673956262425445 0.93935790725327 0.061630218687872766 0.03329369797859691
0 0.7773359840954275 0.24435196195005945 0.05168986083499006 0.022592152199762187
0 0.7922465208747514 0.3810939357907253 0.05765407554671968 0.027348394768133173
11 0.41848906560636184 0.3055885850178359 0.05765407554671968 0.026159334126040427
0 0.8061630218687873 0.49881093935790727 0.05765407554671968 0.027348394768133173
11 0.41749502982107356 0.25386444708680145 0.05168986083499006 0.022592152199762187
10 0.4383697813121272 0.8680142687277052 0.061630218687872766 0.03329369797859691
5 0.426441351888668 0.5630202140309156 0.05765407554671968 0.027348394768133173