10 0.8499005964214712 0.83115338882283 0.061630218687872766 0.03329369797859691
12 0.8061630218687873 0.49881093935790727 0.05765407554671968 0.027348394768133173
10 0.7823061630218688 0.2978596908442331 0.05765407554671968 0.027348394768133173
2 0.4304174950298211 0.6248513674197385 0.05765407554671968 0.027348394768133173
0 0.41848906560636184 0.2806183115338882 0.05765407554671968 0.026159334126040427
6 0.7982107355864811 0.4393579072532699 0.05765407554671968 0.027348394768133173
0 0.8141153081510935 0.5636147443519619 0.061630218687872766 0.03329369797859691
11 0.4224652087475149 0.4179548156956005 0.05765407554671968 0.027348394768133173
5 0.4423459244532803 0.93935790725327 0.061630218687872766 0.03329369797859691
0 0.8001988071570576 0.4690844233055886 0.05765407554671968 0.027348394768133173
5 0.4403578528827038 0.9024970273483948 0.061630218687872766 0.03329369797859691
11 0.41749502982107356 0.25386444708680145 0.05168986083499006 0.022592152199762187
5 0.43240556660039764 0.7633769322235434 0.05765407554671968 0.0356718192627824