8 0.41848906560636184 0.2806183115338882 0.05765407554671968 0.026159334126040427
10 0.8220675944333996 0.6266349583828775 0.061630218687872766 0.03329369797859691
12 0.7773359840954275 0.24435196195005945 0.05168986083499006 0.022592152199762187
11 0.8379721669980119 0.7265160523186682 0.061630218687872766 0.03329369797859691
0 0.4304174950298211 0.7265160523186682 0.05765407554671968 0.0356718192627824
0 0.426441351888668 0.5927467300832342 0.05765407554671968 0.027348394768133173
6 0.42445328031809143 0.4464922711058264 0.05765407554671968 0.027348394768133173
2 0.8439363817097415 0.7954815695600476 0.061630218687872766 0.03329369797859691
10 0.37673956262425445 0.93935790725327 0.061630218687872766 0.03329369797859691
10 0.41848906560636184 0.36087990487514865 0.05765407554671968 0.027348394768133173
8 0.7823061630218688 0.2978596908442331 0.05765407554671968 0.027348394768133173
10 0.426441351888668 0.504756242568371 0.05765407554671968 0.027348394768133173
10 0.426441351888668 0.5332936979785969 0.05765407554671968 0.027348394768133173
0 0.8538767395626242 0.8668252080856124 0.061630218687872766 0.03329369797859691