10 0.7882703777335984 0.35374554102259215 0.05765407554671968 0.027348394768133173
10 0.8538767395626242 0.8668252080856124 0.061630218687872766 0.03329369797859691
2 0.426441351888668 0.5630202140309156 0.05765407554671968 0.027348394768133173
0 0.7803180914512923 0.2699167657550535 0.05765407554671968 0.026159334126040427
0 0.43240556660039764 0.6908442330558858 0.05765407554671968 0.0356718192627824
0 0.41848906560636184 0.36087990487514865 0.05765407554671968 0.027348394768133173
0 0.41848906560636184 0.3055885850178359 0.05765407554671968 0.026159334126040427
11 0.43240556660039764 0.7633769322235434 0.05765407554671968 0.0356718192627824
4 0.41749502982107356 0.25386444708680145 0.05168986083499006 0.022592152199762187
10 0.820079522862823 0.5957193816884662 0.061630218687872766 0.03329369797859691
0 0.4304174950298211 0.6581450653983353 0.05765407554671968 0.027348394768133173
0 0.8001988071570576 0.4690844233055886 0.05765407554671968 0.027348394768133173
12 0.4224652087475149 0.4179548156956005 0.05765407554671968 0.027348394768133173
0 0.426441351888668 0.5927467300832342 0.05765407554671968 0.027348394768133173
0 0.42445328031809143 0.4762187871581451 0.05765407554671968 0.027348394768133173