10 0.8061630218687873 0.49881093935790727 0.05765407554671968 0.027348394768133173
10 0.43240556660039764 0.6908442330558858 0.05765407554671968 0.0356718192627824
8 0.7862823061630219 0.32520808561236625 0.05765407554671968 0.027348394768133173
11 0.4403578528827038 0.9024970273483948 0.061630218687872766 0.03329369797859691
10 0.8220675944333996 0.6266349583828775 0.061630218687872766 0.03329369797859691
6 0.37673956262425445 0.93935790725327 0.061630218687872766 0.03329369797859691
6 0.42047713717693835 0.3323424494649227 0.05765407554671968 0.027348394768133173
0 0.8499005964214712 0.83115338882283 0.061630218687872766 0.03329369797859691
10 0.820079522862823 0.5957193816884662 0.061630218687872766 0.03329369797859691
0 0.8141153081510935 0.5636147443519619 0.061630218687872766 0.03329369797859691
0 0.8379721669980119 0.7265160523186682 0.061630218687872766 0.03329369797859691
0 0.41848906560636184 0.3055885850178359 0.05765407554671968 0.026159334126040427
0 0.7922465208747514 0.3810939357907253 0.05765407554671968 0.027348394768133173