8 0.820079522862823 0.5957193816884662 0.061630218687872766 0.03329369797859691
10 0.43240556660039764 0.7633769322235434 0.05765407554671968 0.0356718192627824
10 0.8101391650099403 0.5291319857312723 0.061630218687872766 0.03329369797859691
0 0.4224652087475149 0.4179548156956005 0.05765407554671968 0.027348394768133173
10 0.8001988071570576 0.4690844233055886 0.05765407554671968 0.027348394768133173
0 0.426441351888668 0.504756242568371 0.05765407554671968 0.027348394768133173
10 0.4383697813121272 0.8680142687277052 0.061630218687872766 0.03329369797859691
10 0.7982107355864811 0.4393579072532699 0.05765407554671968 0.027348394768133173
6 0.42445328031809143 0.4762187871581451 0.05765407554671968 0.027348394768133173
2 0.426441351888668 0.5630202140309156 0.05765407554671968 0.027348394768133173
0 0.426441351888668 0.5332936979785969 0.05765407554671968 0.027348394768133173
10 0.4304174950298211 0.6581450653983353 0.05765407554671968 0.027348394768133173
2 0.4403578528827038 0.9024970273483948 0.061630218687872766 0.03329369797859691
12 0.41848906560636184 0.36087990487514865 0.05765407554671968 0.027348394768133173