10 0.4383697813121272 0.8680142687277052 0.061630218687872766 0.03329369797859691
0 0.8001988071570576 0.4690844233055886 0.05765407554671968 0.027348394768133173
0 0.7823061630218688 0.2978596908442331 0.05765407554671968 0.027348394768133173
10 0.8499005964214712 0.83115338882283 0.061630218687872766 0.03329369797859691
0 0.8439363817097415 0.7954815695600476 0.061630218687872766 0.03329369797859691
11 0.8538767395626242 0.8668252080856124 0.061630218687872766 0.03329369797859691
10 0.41749502982107356 0.25386444708680145 0.05168986083499006 0.022592152199762187
10 0.8101391650099403 0.5291319857312723 0.061630218687872766 0.03329369797859691
10 0.4423459244532803 0.93935790725327 0.061630218687872766 0.03329369797859691
10 0.42445328031809143 0.4762187871581451 0.05765407554671968 0.027348394768133173
3 0.41848906560636184 0.2806183115338882 0.05765407554671968 0.026159334126040427
0 0.7882703777335984 0.35374554102259215 0.05765407554671968 0.027348394768133173
9 0.43439363817097415 0.7966706302021404 0.05765407554671968 0.0356718192627824
0 0.8061630218687873 0.49881093935790727 0.05765407554671968 0.027348394768133173