8 0.9057507987220448 0.4759825327510917 0.02875399361022364 0.017467248908296942
3 0.34132055378061765 0.9213973799126638 0.02875399361022364 0.017467248908296942
0 0.902555910543131 0.08733624454148471 0.02875399361022364 0.017467248908296942
12 0.34771033013844516 0.3529839883551674 0.02875399361022364 0.017467248908296942
8 0.9313099041533547 0.7823871906841339 0.02875399361022364 0.017467248908296942
10 0.9589989350372737 0.40611353711790393 0.02875399361022364 0.017467248908296942
12 0.29233226837060705 0.2445414847161572 0.02875399361022364 0.017467248908296942
0 0.9036208732694355 0.8005822416302766 0.02875399361022364 0.017467248908296942
0 0.645367412140575 0.653566229985444 0.0362087326943557 0.017467248908296942
5 0.29233226837060705 0.3522561863173217 0.02875399361022364 0.017467248908296942
10 0.9046858359957402 0.17321688500727803 0.02875399361022364 0.017467248908296942
0 0.654419595314164 0.11935953420669577 0.02875399361022364 0.017467248908296942
11 0.5969116080937167 0.2802037845705968 0.02875399361022364 0.017467248908296942
10 0.34771033013844516 0.37045123726346435 0.02875399361022364 0.017467248908296942