0 0.3466453674121406 0.5625909752547307 0.02875399361022364 0.017467248908296942
10 0.29233226837060705 0.2445414847161572 0.02875399361022364 0.017467248908296942
10 0.34132055378061765 0.8864628820960698 0.02875399361022364 0.017467248908296942
11 0.9611288604898829 0.5844250363901019 0.02875399361022364 0.017467248908296942
0 0.34771033013844516 0.33551673944687044 0.02875399361022364 0.017467248908296942
10 0.3423855165069223 0.7612809315866085 0.02875399361022364 0.017467248908296942
0 0.9579339723109691 0.2816593886462882 0.02875399361022364 0.017467248908296942
0 0.2912673056443025 0.4745269286754003 0.02875399361022364 0.017467248908296942
10 0.34451544195953143 0.616448326055313 0.02875399361022364 0.017467248908296942
5 0.9589989350372737 0.6557496360989811 0.02875399361022364 0.017467248908296942
10 0.874866879659212 0.4228529839883552 0.02875399361022364 0.017467248908296942
0 0.2571884984025559 0.8318777292576419 0.02875399361022364 0.017467248908296942
10 0.34451544195953143 0.5807860262008734 0.02875399361022364 0.017467248908296942