0 0.312566560170394 0.7969432314410481 0.02875399361022364 0.017467248908296942
12 0.34771033013844516 0.3180494905385735 0.02875399361022364 0.017467248908296942
11 0.9046858359957402 0.7096069868995634 0.02875399361022364 0.017467248908296942
0 0.3423855165069223 0.7248908296943232 0.02875399361022364 0.017467248908296942
10 0.654419595314164 0.19141193595342068 0.02875399361022364 0.017467248908296942
8 0.2912673056443025 0.08369723435225619 0.02875399361022364 0.017467248908296942
0 0.28913738019169327 0.6521106259097526 0.02875399361022364 0.017467248908296942
1 0.28594249201277955 0.9395924308588064 0.02875399361022364 0.017467248908296942
0 0.2571884984025559 0.7962154294032023 0.02875399361022364 0.017467248908296942
12 0.9589989350372737 0.7270742358078602 0.02875399361022364 0.017467248908296942
10 0.28594249201277955 0.7438136826783115 0.02875399361022364 0.017467248908296942
10 0.9579339723109691 0.49563318777292575 0.02875399361022364 0.017467248908296942
10 0.2912673056443025 0.5458515283842795 0.02875399361022364 0.017467248908296942
10 0.645367412140575 0.49344978165938863 0.0362087326943557 0.017467248908296942
4 0.29020234291799785 0.5975254730713246 0.02875399361022364 0.017467248908296942