8 0.34771033013844516 0.5451237263464338 0.02875399361022364 0.017467248908296942
11 0.6443024494142705 0.3697234352256186 0.0362087326943557 0.017467248908296942
10 0.3423855165069223 0.7969432314410481 0.02875399361022364 0.017467248908296942
10 0.2912673056443025 0.5101892285298398 0.02875399361022364 0.017467248908296942
0 0.2870074547390841 0.7248908296943232 0.02875399361022364 0.017467248908296942
10 0.5969116080937167 0.22707423580786026 0.02875399361022364 0.017467248908296942
10 0.284877529286475 0.7794759825327511 0.02875399361022364 0.017467248908296942
10 0.6443024494142705 0.5283842794759825 0.0362087326943557 0.017467248908296942
2 0.345580404685836 0.475254730713246 0.02875399361022364 0.017467248908296942
0 0.34451544195953143 0.5807860262008734 0.02875399361022364 0.017467248908296942
0 0.28913738019169327 0.6695778748180495 0.02875399361022364 0.017467248908296942
0 0.6464323748668797 0.4228529839883552 0.0362087326943557 0.017467248908296942