10 0.28594249201277955 0.7627365356622998 0.02875399361022364 0.017467248908296942
7 0.34771033013844516 0.19213973799126638 0.02875399361022364 0.017467248908296942
12 0.9589989350372737 0.5655021834061136 0.02875399361022364 0.017467248908296942
0 0.95580404685836 0.6921397379912664 0.02875399361022364 0.017467248908296942
5 0.29233226837060705 0.388646288209607 0.02875399361022364 0.017467248908296942
3 0.9036208732694355 0.2445414847161572 0.02875399361022364 0.017467248908296942
10 0.29233226837060705 0.40465793304221254 0.02875399361022364 0.017467248908296942
11 0.34345047923322686 0.7074235807860262 0.02875399361022364 0.017467248908296942
10 0.6070287539936102 0.616448326055313 0.0362087326943557 0.017467248908296942
11 0.3466453674121406 0.08442503639010189 0.02875399361022364 0.017467248908296942
0 0.29233226837060705 0.15429403202328967 0.02875399361022364 0.017467248908296942
10 0.2933972310969116 0.28093158660844253 0.02875399361022364 0.017467248908296942
10 0.3423855165069223 0.9395924308588064 0.02875399361022364 0.017467248908296942
0 0.8759318423855165 0.19141193595342068 0.02875399361022364 0.017467248908296942