0 0.34771033013844516 0.3180494905385735 0.02875399361022364 0.017467248908296942
10 0.34345047923322686 0.7074235807860262 0.02875399361022364 0.017467248908296942
0 0.9589989350372737 0.4228529839883552 0.02875399361022364 0.017467248908296942
0 0.654419595314164 0.2802037845705968 0.02875399361022364 0.017467248908296942
10 0.6533546325878594 0.17394468704512372 0.02875399361022364 0.017467248908296942
11 0.6464323748668797 0.4759825327510917 0.0362087326943557 0.017467248908296942
10 0.5990415335463258 0.15502183406113537 0.02875399361022364 0.017467248908296942
0 0.654419595314164 0.13828238719068414 0.02875399361022364 0.017467248908296942
0 0.9046858359957402 0.19068413391557495 0.02875399361022364 0.017467248908296942
4 0.3423855165069223 0.9395924308588064 0.02875399361022364 0.017467248908296942
0 0.2933972310969116 0.42212518195050946 0.02875399361022364 0.017467248908296942
0 0.9579339723109691 0.24526928675400292 0.02875399361022364 0.017467248908296942