10 0.2912673056443025 0.5800582241630277 0.02875399361022364 0.017467248908296942
12 0.3423855165069223 0.851528384279476 0.02875399361022364 0.017467248908296942
6 0.5990415335463258 0.11935953420669577 0.02875399361022364 0.017467248908296942
10 0.34877529286474973 0.17394468704512372 0.02875399361022364 0.017467248908296942
0 0.9600638977635783 0.5458515283842795 0.02875399361022364 0.017467248908296942
3 0.2912673056443025 0.17248908296943233 0.02875399361022364 0.017467248908296942
0 0.284877529286475 0.9570596797671034 0.02875399361022364 0.017467248908296942
0 0.9046858359957402 0.31513828238719066 0.02875399361022364 0.017467248908296942
12 0.9600638977635783 0.6011644832605532 0.02875399361022364 0.017467248908296942
11 0.9611288604898829 0.5844250363901019 0.02875399361022364 0.017467248908296942
0 0.3466453674121406 0.49272197962154296 0.02875399361022364 0.017467248908296942
10 0.5979765708200213 0.08369723435225619 0.02875399361022364 0.017467248908296942
0 0.9036208732694355 0.7270742358078602 0.02875399361022364 0.017467248908296942
0 0.9046858359957402 0.764919941775837 0.02875399361022364 0.017467248908296942
0 0.902555910543131 0.10407569141193596 0.02875399361022364 0.017467248908296942