0 0.3423855165069223 0.7969432314410481 0.02875399361022364 0.017467248908296942
5 0.9579339723109691 0.33406113537117904 0.02875399361022364 0.017467248908296942
10 0.9046858359957402 0.4228529839883552 0.02875399361022364 0.017467248908296942
10 0.9068157614483493 0.6011644832605532 0.02875399361022364 0.017467248908296942
0 0.9057507987220448 0.5312954876273653 0.02875399361022364 0.017467248908296942
11 0.9323748668796592 0.764919941775837 0.02875399361022364 0.017467248908296942
11 0.3466453674121406 0.5283842794759825 0.02875399361022364 0.017467248908296942
0 0.9036208732694355 0.6557496360989811 0.02875399361022364 0.017467248908296942
10 0.29233226837060705 0.388646288209607 0.02875399361022364 0.017467248908296942
2 0.34771033013844516 0.5451237263464338 0.02875399361022364 0.017467248908296942
5 0.9057507987220448 0.5836972343522562 0.02875399361022364 0.017467248908296942
10 0.9600638977635783 0.5458515283842795 0.02875399361022364 0.017467248908296942