10 0.50625 0.20875 0.04416666666666667 0.0425
11 0.74125 0.33875 0.04416666666666667 0.0425
7 0.49875 0.5954166666666667 0.04416666666666667 0.0425
10 0.50625 0.2529166666666667 0.04416666666666667 0.0425
0 0.49875 0.5554166666666667 0.04416666666666667 0.0425
0 0.74125 0.25625 0.04416666666666667 0.0425
10 0.4995833333333333 0.46208333333333335 0.0425 0.0575
6 0.74625 0.16791666666666666 0.04416666666666667 0.0425
10 0.4979166666666667 0.68125 0.04416666666666667 0.0425
9 0.73375 0.72625 0.04416666666666667 0.0425
0 0.50125 0.36041666666666666 0.0425 0.0575
1 0.73625 0.5954166666666667 0.04416666666666667 0.0425
10 0.50125 0.41375 0.04416666666666667 0.0425
10 0.73375 0.80875 0.04416666666666667 0.0425
0 0.49541666666666667 0.80125 0.04416666666666667 0.0425