10 0.49875 0.63875 0.04416666666666667 0.0425
1 0.50125 0.36041666666666666 0.0425 0.0575
10 0.49875 0.5554166666666667 0.04416666666666667 0.0425
9 0.4979166666666667 0.68125 0.04416666666666667 0.0425
10 0.74125 0.37875 0.04416666666666667 0.0425
10 0.50125 0.41375 0.04416666666666667 0.0425
0 0.74625 0.16791666666666666 0.04416666666666667 0.0425
0 0.73625 0.55125 0.04416666666666667 0.0425
11 0.74125 0.29625 0.04416666666666667 0.0425
12 0.5004166666666666 0.51125 0.04416666666666667 0.0425
11 0.7379166666666667 0.50875 0.04416666666666667 0.0425