0 0.74625 0.16791666666666666 0.04416666666666667 0.0425
0 0.73375 0.80875 0.04416666666666667 0.0425
11 0.7379166666666667 0.50875 0.04416666666666667 0.0425
0 0.49625 0.72375 0.04416666666666667 0.0425
10 0.49875 0.5554166666666667 0.04416666666666667 0.0425
10 0.74125 0.33875 0.04416666666666667 0.0425
0 0.7429166666666667 0.21125 0.04416666666666667 0.0425
0 0.50625 0.2529166666666667 0.04416666666666667 0.0425
10 0.4995833333333333 0.46208333333333335 0.0425 0.0575
10 0.49875 0.63875 0.04416666666666667 0.0425
7 0.5004166666666666 0.51125 0.04416666666666667 0.0425
1 0.73625 0.5954166666666667 0.04416666666666667 0.0425