0 0.74125 0.37875 0.04416666666666667 0.0425
10 0.74125 0.33875 0.04416666666666667 0.0425
10 0.74125 0.29625 0.04416666666666667 0.0425
10 0.73875 0.42291666666666666 0.04416666666666667 0.0425
0 0.49875 0.5954166666666667 0.04416666666666667 0.0425
0 0.50625 0.16541666666666666 0.04416666666666667 0.0425
10 0.73375 0.72625 0.04416666666666667 0.0425
0 0.50625 0.20875 0.04416666666666667 0.0425
0 0.50125 0.36041666666666666 0.0425 0.0575
10 0.73625 0.5954166666666667 0.04416666666666667 0.0425
9 0.49875 0.63875 0.04416666666666667 0.0425
8 0.49875 0.5554166666666667 0.04416666666666667 0.0425