0 0.50125 0.41375 0.04416666666666667 0.0425
0 0.73625 0.55125 0.04416666666666667 0.0425
3 0.74625 0.16791666666666666 0.04416666666666667 0.0425
0 0.5004166666666666 0.51125 0.04416666666666667 0.0425
10 0.73375 0.72625 0.04416666666666667 0.0425
0 0.7429166666666667 0.21125 0.04416666666666667 0.0425
10 0.50625 0.2529166666666667 0.04416666666666667 0.0425
1 0.74125 0.25625 0.04416666666666667 0.0425
0 0.49875 0.63875 0.04416666666666667 0.0425
3 0.49625 0.72375 0.04416666666666667 0.0425
11 0.50125 0.36041666666666666 0.0425 0.0575
5 0.73375 0.68125 0.04416666666666667 0.0425
0 0.49875 0.5954166666666667 0.04416666666666667 0.0425