0 0.50625 0.2529166666666667 0.04416666666666667 0.0425
0 0.7379166666666667 0.50875 0.04416666666666667 0.0425
0 0.50125 0.41375 0.04416666666666667 0.0425
0 0.73875 0.42291666666666666 0.04416666666666667 0.0425
10 0.73375 0.72625 0.04416666666666667 0.0425
0 0.49541666666666667 0.80125 0.04416666666666667 0.0425
0 0.73375 0.63875 0.04416666666666667 0.0425
10 0.4979166666666667 0.68125 0.04416666666666667 0.0425
2 0.73375 0.68125 0.04416666666666667 0.0425
0 0.74125 0.33875 0.04416666666666667 0.0425
8 0.74125 0.29625 0.04416666666666667 0.0425
0 0.74625 0.16791666666666666 0.04416666666666667 0.0425
5 0.50125 0.36041666666666666 0.0425 0.0575
0 0.5004166666666666 0.51125 0.04416666666666667 0.0425
10 0.73375 0.80875 0.04416666666666667 0.0425