0 0.49875 0.5554166666666667 0.04416666666666667 0.0425
0 0.74125 0.25625 0.04416666666666667 0.0425
10 0.73375 0.80875 0.04416666666666667 0.0425
6 0.4979166666666667 0.68125 0.04416666666666667 0.0425
0 0.49875 0.63875 0.04416666666666667 0.0425
10 0.73375 0.72625 0.04416666666666667 0.0425
12 0.73375 0.68125 0.04416666666666667 0.0425
0 0.73625 0.55125 0.04416666666666667 0.0425
10 0.73375 0.63875 0.04416666666666667 0.0425
5 0.50375 0.3020833333333333 0.0425 0.0575
10 0.50125 0.36041666666666666 0.0425 0.0575
0 0.74125 0.29625 0.04416666666666667 0.0425
10 0.74125 0.33875 0.04416666666666667 0.0425
11 0.73875 0.42291666666666666 0.04416666666666667 0.0425
9 0.7379166666666667 0.50875 0.04416666666666667 0.0425