10 0.73625 0.55125 0.04416666666666667 0.0425
10 0.50375 0.3020833333333333 0.0425 0.0575
10 0.49541666666666667 0.80125 0.04416666666666667 0.0425
4 0.7429166666666667 0.21125 0.04416666666666667 0.0425
0 0.49875 0.63875 0.04416666666666667 0.0425
0 0.4995833333333333 0.46208333333333335 0.0425 0.0575
9 0.73375 0.80875 0.04416666666666667 0.0425
10 0.73375 0.63875 0.04416666666666667 0.0425
10 0.49875 0.5554166666666667 0.04416666666666667 0.0425
10 0.73375 0.72625 0.04416666666666667 0.0425
11 0.74125 0.29625 0.04416666666666667 0.0425
0 0.50625 0.2529166666666667 0.04416666666666667 0.0425