11 0.73875 0.42291666666666666 0.04416666666666667 0.0425
10 0.50125 0.41375 0.04416666666666667 0.0425
0 0.4995833333333333 0.46208333333333335 0.0425 0.0575
10 0.50625 0.20875 0.04416666666666667 0.0425
6 0.4979166666666667 0.68125 0.04416666666666667 0.0425
6 0.49875 0.63875 0.04416666666666667 0.0425
11 0.7429166666666667 0.21125 0.04416666666666667 0.0425
9 0.49875 0.5954166666666667 0.04416666666666667 0.0425
2 0.73625 0.55125 0.04416666666666667 0.0425
0 0.74625 0.16791666666666666 0.04416666666666667 0.0425
5 0.50375 0.3020833333333333 0.0425 0.0575
10 0.73375 0.80875 0.04416666666666667 0.0425
0 0.49541666666666667 0.80125 0.04416666666666667 0.0425
8 0.49625 0.72375 0.04416666666666667 0.0425