10 0.4995833333333333 0.46208333333333335 0.0425 0.0575
0 0.73375 0.72625 0.04416666666666667 0.0425
11 0.50125 0.41375 0.04416666666666667 0.0425
0 0.73375 0.80875 0.04416666666666667 0.0425
0 0.49875 0.63875 0.04416666666666667 0.0425
10 0.4979166666666667 0.68125 0.04416666666666667 0.0425
8 0.74125 0.25625 0.04416666666666667 0.0425
4 0.73875 0.42291666666666666 0.04416666666666667 0.0425
0 0.74125 0.29625 0.04416666666666667 0.0425
12 0.50625 0.20875 0.04416666666666667 0.0425
0 0.74125 0.37875 0.04416666666666667 0.0425