6 0.80078125 0.337890625 0.078125 0.029296875
1 0.4772135416666667 0.76025390625 0.08984375 0.0341796875
10 0.8899739583333334 0.58642578125 0.08984375 0.0341796875
0 0.3704427083333333 0.3759765625 0.06380208333333333 0.02734375
10 0.4934895833333333 0.58740234375 0.06770833333333333 0.0322265625
0 0.4973958333333333 0.50830078125 0.052083333333333336 0.0361328125
10 0.8033854166666666 0.49462890625 0.052083333333333336 0.0361328125
5 0.4361979166666667 0.47412109375 0.06770833333333333 0.0322265625
4 0.8763020833333334 0.2763671875 0.078125 0.029296875
0 0.49609375 0.3486328125 0.052083333333333336 0.029296875
10 0.4772135416666667 0.73193359375 0.08984375 0.0341796875