0 0.3684895833333333 0.47412109375 0.06770833333333333 0.0322265625
7 0.80078125 0.3681640625 0.078125 0.029296875
11 0.3717447916666667 0.40234375 0.06380208333333333 0.02734375
0 0.8997395833333334 0.49560546875 0.052083333333333336 0.0361328125
0 0.900390625 0.74755859375 0.08984375 0.0341796875
7 0.373046875 0.265625 0.06380208333333333 0.02734375
10 0.4381510416666667 0.404296875 0.06380208333333333 0.02734375
8 0.4986979166666667 0.294921875 0.052083333333333336 0.029296875
0 0.7994791666666666 0.45751953125 0.052083333333333336 0.0361328125
11 0.41796875 0.587890625 0.08072916666666667 0.029296875
0 0.8528645833333334 0.49462890625 0.052083333333333336 0.0361328125
0 0.4772135416666667 0.73193359375 0.08984375 0.0341796875
0 0.4973958333333333 0.50830078125 0.052083333333333336 0.0361328125
0 0.4368489583333333 0.3486328125 0.06380208333333333 0.02734375
0 0.3717447916666667 0.294921875 0.06380208333333333 0.02734375