0 0.4986979166666667 0.294921875 0.052083333333333336 0.029296875
0 0.900390625 0.74755859375 0.08984375 0.0341796875
12 0.8502604166666666 0.45947265625 0.052083333333333336 0.0361328125
11 0.4381510416666667 0.322265625 0.06380208333333333 0.02734375
11 0.4381510416666667 0.2392578125 0.06380208333333333 0.02734375
10 0.369140625 0.322265625 0.06380208333333333 0.02734375
9 0.4368489583333333 0.3486328125 0.06380208333333333 0.02734375
12 0.3704427083333333 0.3759765625 0.06380208333333333 0.02734375
10 0.4973958333333333 0.404296875 0.052083333333333336 0.029296875
0 0.8528645833333334 0.49462890625 0.052083333333333336 0.0361328125
10 0.373046875 0.265625 0.06380208333333333 0.02734375
0 0.4381510416666667 0.404296875 0.06380208333333333 0.02734375