10 0.8528645833333334 0.49462890625 0.052083333333333336 0.0361328125
10 0.439453125 0.294921875 0.06380208333333333 0.02734375
10 0.4986979166666667 0.2685546875 0.052083333333333336 0.029296875
10 0.4921875 0.61767578125 0.06770833333333333 0.0322265625
11 0.49609375 0.47509765625 0.052083333333333336 0.0361328125
3 0.4986979166666667 0.294921875 0.052083333333333336 0.029296875
10 0.8763020833333334 0.306640625 0.078125 0.029296875
11 0.3743489583333333 0.2392578125 0.06380208333333333 0.02734375
6 0.87890625 0.3369140625 0.078125 0.029296875
11 0.3717447916666667 0.40234375 0.06380208333333333 0.02734375
10 0.369140625 0.322265625 0.06380208333333333 0.02734375
11 0.4934895833333333 0.58740234375 0.06770833333333333 0.0322265625