6 0.3717447916666667 0.294921875 0.06380208333333333 0.02734375
0 0.900390625 0.71337890625 0.08984375 0.0341796875
8 0.80078125 0.337890625 0.078125 0.029296875
6 0.369140625 0.322265625 0.06380208333333333 0.02734375
4 0.4986979166666667 0.294921875 0.052083333333333336 0.029296875
10 0.8763020833333334 0.306640625 0.078125 0.029296875
10 0.49609375 0.47509765625 0.052083333333333336 0.0361328125
10 0.439453125 0.294921875 0.06380208333333333 0.02734375
10 0.4381510416666667 0.322265625 0.06380208333333333 0.02734375
0 0.4973958333333333 0.50830078125 0.052083333333333336 0.0361328125
11 0.80078125 0.3681640625 0.078125 0.029296875
0 0.373046875 0.265625 0.06380208333333333 0.02734375
0 0.4381510416666667 0.2666015625 0.06380208333333333 0.02734375
10 0.8802083333333334 0.369140625 0.078125 0.029296875