7 0.4368489583333333 0.3486328125 0.06380208333333333 0.02734375
0 0.4772135416666667 0.73193359375 0.08984375 0.0341796875
0 0.80078125 0.3681640625 0.078125 0.029296875
10 0.8033854166666666 0.49462890625 0.052083333333333336 0.0361328125
10 0.4361979166666667 0.47412109375 0.06770833333333333 0.0322265625
0 0.900390625 0.74755859375 0.08984375 0.0341796875
5 0.8802083333333334 0.369140625 0.078125 0.029296875
0 0.4921875 0.61767578125 0.06770833333333333 0.0322265625
11 0.4973958333333333 0.404296875 0.052083333333333336 0.029296875
8 0.474609375 0.94384765625 0.08984375 0.0341796875
6 0.8763020833333334 0.2763671875 0.078125 0.029296875
11 0.8899739583333334 0.58642578125 0.08984375 0.0341796875
11 0.4381510416666667 0.404296875 0.06380208333333333 0.02734375
10 0.4381510416666667 0.322265625 0.06380208333333333 0.02734375
10 0.8763020833333334 0.306640625 0.078125 0.029296875