10 0.875 0.248046875 0.078125 0.029296875
0 0.8763020833333334 0.2763671875 0.078125 0.029296875
11 0.8899739583333334 0.58642578125 0.08984375 0.0341796875
10 0.373046875 0.265625 0.06380208333333333 0.02734375
10 0.8938802083333334 0.61767578125 0.08984375 0.0341796875
0 0.49609375 0.47509765625 0.052083333333333336 0.0361328125
11 0.87890625 0.3369140625 0.078125 0.029296875
12 0.8033854166666666 0.49462890625 0.052083333333333336 0.0361328125
10 0.4361979166666667 0.47412109375 0.06770833333333333 0.0322265625
10 0.4986979166666667 0.2685546875 0.052083333333333336 0.029296875
10 0.4973958333333333 0.50830078125 0.052083333333333336 0.0361328125
0 0.3704427083333333 0.3759765625 0.06380208333333333 0.02734375
11 0.49609375 0.3759765625 0.052083333333333336 0.029296875
0 0.3684895833333333 0.47412109375 0.06770833333333333 0.0322265625