0 0.80078125 0.3681640625 0.078125 0.029296875
10 0.900390625 0.74755859375 0.08984375 0.0341796875
6 0.4381510416666667 0.322265625 0.06380208333333333 0.02734375
12 0.41796875 0.6171875 0.08072916666666667 0.029296875
0 0.4381510416666667 0.2392578125 0.06380208333333333 0.02734375
0 0.875 0.248046875 0.078125 0.029296875
0 0.8502604166666666 0.45947265625 0.052083333333333336 0.0361328125
10 0.3704427083333333 0.3759765625 0.06380208333333333 0.02734375
2 0.3684895833333333 0.47412109375 0.06770833333333333 0.0322265625
10 0.900390625 0.71337890625 0.08984375 0.0341796875
0 0.4361979166666667 0.47412109375 0.06770833333333333 0.0322265625
12 0.4973958333333333 0.404296875 0.052083333333333336 0.029296875
7 0.7994791666666666 0.45751953125 0.052083333333333336 0.0361328125
10 0.8033854166666666 0.49462890625 0.052083333333333336 0.0361328125
0 0.369140625 0.322265625 0.06380208333333333 0.02734375