11 0.4986979166666667 0.2685546875 0.052083333333333336 0.029296875
0 0.4361979166666667 0.47412109375 0.06770833333333333 0.0322265625
3 0.369140625 0.322265625 0.06380208333333333 0.02734375
12 0.875 0.248046875 0.078125 0.029296875
0 0.3704427083333333 0.3759765625 0.06380208333333333 0.02734375
11 0.373046875 0.265625 0.06380208333333333 0.02734375
0 0.900390625 0.74755859375 0.08984375 0.0341796875
12 0.8763020833333334 0.306640625 0.078125 0.029296875
10 0.8528645833333334 0.49462890625 0.052083333333333336 0.0361328125
10 0.80078125 0.337890625 0.078125 0.029296875
0 0.4368489583333333 0.3759765625 0.06380208333333333 0.02734375
0 0.4973958333333333 0.2412109375 0.052083333333333336 0.029296875
10 0.474609375 0.94384765625 0.08984375 0.0341796875
10 0.41796875 0.587890625 0.08072916666666667 0.029296875
10 0.49609375 0.47509765625 0.052083333333333336 0.0361328125