10 0.8997395833333334 0.45947265625 0.052083333333333336 0.0361328125
4 0.9029947916666666 0.78271484375 0.08984375 0.0341796875
0 0.8899739583333334 0.58642578125 0.08984375 0.0341796875
10 0.4973958333333333 0.50830078125 0.052083333333333336 0.0361328125
5 0.4772135416666667 0.70068359375 0.08984375 0.0341796875
0 0.369140625 0.322265625 0.06380208333333333 0.02734375
0 0.4973958333333333 0.2412109375 0.052083333333333336 0.029296875
10 0.49609375 0.32421875 0.052083333333333336 0.029296875
11 0.439453125 0.294921875 0.06380208333333333 0.02734375
10 0.4986979166666667 0.2685546875 0.052083333333333336 0.029296875
10 0.4381510416666667 0.2392578125 0.06380208333333333 0.02734375
0 0.900390625 0.71337890625 0.08984375 0.0341796875
0 0.49609375 0.47509765625 0.052083333333333336 0.0361328125
10 0.4361979166666667 0.47412109375 0.06770833333333333 0.0322265625