10 0.41796875 0.6171875 0.08072916666666667 0.029296875
1 0.8502604166666666 0.45947265625 0.052083333333333336 0.0361328125
11 0.80078125 0.3681640625 0.078125 0.029296875
11 0.87890625 0.3369140625 0.078125 0.029296875
0 0.7994791666666666 0.45751953125 0.052083333333333336 0.0361328125
8 0.8997395833333334 0.45947265625 0.052083333333333336 0.0361328125
11 0.4973958333333333 0.404296875 0.052083333333333336 0.029296875
0 0.4381510416666667 0.322265625 0.06380208333333333 0.02734375
10 0.4381510416666667 0.2666015625 0.06380208333333333 0.02734375
10 0.4381510416666667 0.404296875 0.06380208333333333 0.02734375
0 0.439453125 0.294921875 0.06380208333333333 0.02734375
2 0.3743489583333333 0.2392578125 0.06380208333333333 0.02734375