9 0.7994791666666666 0.45751953125 0.052083333333333336 0.0361328125
10 0.474609375 0.79150390625 0.08984375 0.0341796875
0 0.49609375 0.47509765625 0.052083333333333336 0.0361328125
10 0.4381510416666667 0.404296875 0.06380208333333333 0.02734375
10 0.8997395833333334 0.45947265625 0.052083333333333336 0.0361328125
1 0.49609375 0.3759765625 0.052083333333333336 0.029296875
0 0.4772135416666667 0.76025390625 0.08984375 0.0341796875
10 0.4381510416666667 0.322265625 0.06380208333333333 0.02734375
10 0.3684895833333333 0.47412109375 0.06770833333333333 0.0322265625
11 0.4986979166666667 0.294921875 0.052083333333333336 0.029296875
5 0.4772135416666667 0.87451171875 0.08984375 0.0341796875
10 0.8763020833333334 0.2763671875 0.078125 0.029296875
11 0.3743489583333333 0.2392578125 0.06380208333333333 0.02734375
12 0.4921875 0.61767578125 0.06770833333333333 0.0322265625