10 0.49609375 0.3759765625 0.052083333333333336 0.029296875
10 0.4381510416666667 0.404296875 0.06380208333333333 0.02734375
1 0.369140625 0.322265625 0.06380208333333333 0.02734375
1 0.4381510416666667 0.322265625 0.06380208333333333 0.02734375
10 0.4368489583333333 0.3486328125 0.06380208333333333 0.02734375
10 0.4772135416666667 0.87451171875 0.08984375 0.0341796875
0 0.478515625 0.90966796875 0.08984375 0.0341796875
11 0.4986979166666667 0.2685546875 0.052083333333333336 0.029296875
11 0.8997395833333334 0.45947265625 0.052083333333333336 0.0361328125
12 0.8528645833333334 0.49462890625 0.052083333333333336 0.0361328125
0 0.900390625 0.74755859375 0.08984375 0.0341796875
11 0.49609375 0.32421875 0.052083333333333336 0.029296875
5 0.4368489583333333 0.3759765625 0.06380208333333333 0.02734375
8 0.900390625 0.71337890625 0.08984375 0.0341796875
4 0.80078125 0.337890625 0.078125 0.029296875