5 0.373046875 0.265625 0.06380208333333333 0.02734375
12 0.8763020833333334 0.306640625 0.078125 0.029296875
10 0.4973958333333333 0.404296875 0.052083333333333336 0.029296875
8 0.875 0.248046875 0.078125 0.029296875
10 0.49609375 0.32421875 0.052083333333333336 0.029296875
0 0.3717447916666667 0.294921875 0.06380208333333333 0.02734375
0 0.41796875 0.587890625 0.08072916666666667 0.029296875
10 0.8528645833333334 0.49462890625 0.052083333333333336 0.0361328125
10 0.4772135416666667 0.76025390625 0.08984375 0.0341796875
10 0.4368489583333333 0.3486328125 0.06380208333333333 0.02734375
10 0.8763020833333334 0.2763671875 0.078125 0.029296875
10 0.8938802083333334 0.61767578125 0.08984375 0.0341796875