10 0.8528645833333334 0.49462890625 0.052083333333333336 0.0361328125
11 0.875 0.248046875 0.078125 0.029296875
3 0.9029947916666666 0.78271484375 0.08984375 0.0341796875
0 0.4381510416666667 0.2666015625 0.06380208333333333 0.02734375
10 0.41796875 0.6171875 0.08072916666666667 0.029296875
10 0.8502604166666666 0.45947265625 0.052083333333333336 0.0361328125
10 0.4921875 0.61767578125 0.06770833333333333 0.0322265625
10 0.3717447916666667 0.294921875 0.06380208333333333 0.02734375
0 0.474609375 0.79150390625 0.08984375 0.0341796875
10 0.4368489583333333 0.3486328125 0.06380208333333333 0.02734375
0 0.3684895833333333 0.47412109375 0.06770833333333333 0.0322265625
10 0.8899739583333334 0.58642578125 0.08984375 0.0341796875
0 0.4986979166666667 0.294921875 0.052083333333333336 0.029296875