0 0.929097605893186 0.21347941567065074 0.040515653775322284 0.015272244355909695
10 0.9249539594843462 0.7775564409030544 0.011970534069981584 0.009296148738379814
4 0.6229281767955801 0.19787516600265603 0.011970534069981584 0.009296148738379814
11 0.4843462246777164 0.39741035856573703 0.020257826887661142 0.013944223107569721
0 0.7914364640883977 0.703187250996016 0.011970534069981584 0.009296148738379814
10 0.610036832412523 0.49800796812749004 0.011970534069981584 0.009296148738379814
10 0.43830570902394106 0.8243691899070386 0.040515653775322284 0.015272244355909695
11 0.6137200736648251 0.7948207171314741 0.011970534069981584 0.009296148738379814
0 0.6726519337016574 0.48273572377158036 0.011970534069981584 0.009296148738379814
10 0.8342541436464088 0.39143426294820716 0.040515653775322284 0.015272244355909695
6 0.7886740331491713 0.8240371845949536 0.011970534069981584 0.009296148738379814
0 0.35911602209944754 0.6364541832669323 0.040515653775322284 0.015272244355909695