10 0.35911602209944754 0.7333997343957503 0.040515653775322284 0.015272244355909695
3 0.17357274401473297 0.1547144754316069 0.011970534069981584 0.009296148738379814
10 0.43554327808471455 0.5886454183266933 0.040515653775322284 0.015272244355909695
11 0.8844383057090239 0.12416998671978752 0.011970534069981584 0.009296148738379814
0 0.36003683241252304 0.46646746347941564 0.040515653775322284 0.015272244355909695
10 0.43830570902394106 0.48306772908366535 0.040515653775322284 0.015272244355909695
0 0.7923572744014733 0.6367861885790173 0.011970534069981584 0.009296148738379814
0 0.9249539594843462 0.7636122177954847 0.011970534069981584 0.009296148738379814
11 0.43738489871086556 0.450531208499336 0.040515653775322284 0.015272244355909695
11 0.35911602209944754 0.5893094289508632 0.040515653775322284 0.015272244355909695
8 0.929097605893186 0.3190571049136786 0.040515653775322284 0.015272244355909695
6 0.9300184162062615 0.39209827357237714 0.040515653775322284 0.015272244355909695
10 0.9300184162062615 0.3761620185922975 0.040515653775322284 0.015272244355909695
0 0.36003683241252304 0.7639442231075697 0.040515653775322284 0.015272244355909695
0 0.36003683241252304 0.24203187250996017 0.040515653775322284 0.015272244355909695