0 0.6229281767955801 0.19787516600265603 0.011970534069981584 0.009296148738379814
0 0.9249539594843462 0.7636122177954847 0.011970534069981584 0.009296148738379814
0 0.6975138121546961 0.19853917662682602 0.011970534069981584 0.009296148738379814
10 0.21132596685082872 0.7629482071713147 0.011970534069981584 0.009296148738379814
11 0.35911602209944754 0.6523904382470119 0.040515653775322284 0.015272244355909695
6 0.35911602209944754 0.3462815405046481 0.040515653775322284 0.015272244355909695
1 0.2490791896869245 0.301460823373174 0.011970534069981584 0.009296148738379814
0 0.36003683241252304 0.4213147410358566 0.040515653775322284 0.015272244355909695
10 0.671731123388582 0.4681274900398406 0.011970534069981584 0.009296148738379814
0 0.36003683241252304 0.33233731739707834 0.040515653775322284 0.015272244355909695
0 0.9281767955801105 0.22875166002656042 0.040515653775322284 0.015272244355909695
0 0.43738489871086556 0.6039176626826029 0.040515653775322284 0.015272244355909695
11 0.6137200736648251 0.8399734395750332 0.011970534069981584 0.009296148738379814
10 0.929097605893186 0.3190571049136786 0.040515653775322284 0.015272244355909695
10 0.43738489871086556 0.7340637450199203 0.040515653775322284 0.015272244355909695