11 0.08011049723756906 0.42861885790172644 0.020257826887661142 0.013944223107569721
11 0.494475138121547 0.9169986719787516 0.016574585635359115 0.01195219123505976
0 0.36003683241252304 0.5587649402390438 0.040515653775322284 0.015272244355909695
10 0.43646408839779005 0.18293492695883135 0.040515653775322284 0.015272244355909695
11 0.9281767955801105 0.2732403718459495 0.040515653775322284 0.015272244355909695
5 0.43738489871086556 0.7805444887118194 0.040515653775322284 0.015272244355909695
0 0.2094843462246777 0.37649402390438247 0.011970534069981584 0.009296148738379814
10 0.6155616942909761 0.6221779548472776 0.011970534069981584 0.009296148738379814
0 0.35911602209944754 0.6052456839309429 0.040515653775322284 0.015272244355909695
10 0.43646408839779005 0.5268924302788844 0.040515653775322284 0.015272244355909695
11 0.6091160220994475 0.48339973439575035 0.011970534069981584 0.009296148738379814
10 0.36095764272559855 0.19754316069057104 0.040515653775322284 0.015272244355909695