3 0.2094843462246777 0.37649402390438247 0.011970534069981584 0.009296148738379814
0 0.929097605893186 0.19820717131474103 0.040515653775322284 0.015272244355909695
0 0.7886740331491713 0.7636122177954847 0.011970534069981584 0.009296148738379814
2 0.6975138121546961 0.19853917662682602 0.011970534069981584 0.009296148738379814
0 0.43738489871086556 0.4199867197875166 0.040515653775322284 0.015272244355909695
4 0.8314917127071824 0.2154714475431607 0.040515653775322284 0.015272244355909695
0 0.16896869244935545 0.6062416998671979 0.011970534069981584 0.009296148738379814
10 0.36095764272559855 0.39143426294820716 0.040515653775322284 0.015272244355909695
7 0.5128913443830571 0.2350597609561753 0.016574585635359115 0.013280212483399735
10 0.35911602209944754 0.7938247011952191 0.040515653775322284 0.015272244355909695
1 0.43830570902394106 0.8243691899070386 0.040515653775322284 0.015272244355909695
6 0.17081031307550645 0.7629482071713147 0.011970534069981584 0.009296148738379814
0 0.7932780847145487 0.6075697211155379 0.011970534069981584 0.009296148738379814