10 0.36003683241252304 0.24203187250996017 0.040515653775322284 0.015272244355909695
0 0.8342541436464088 0.3469455511288181 0.040515653775322284 0.015272244355909695
12 0.16896869244935545 0.5285524568393094 0.011970534069981584 0.009296148738379814
11 0.36003683241252304 0.4213147410358566 0.040515653775322284 0.015272244355909695
11 0.35911602209944754 0.7333997343957503 0.040515653775322284 0.015272244355909695
9 0.16988950276243095 0.6845949535192563 0.011970534069981584 0.009296148738379814
10 0.43830570902394106 0.4359229747675963 0.040515653775322284 0.015272244355909695
10 0.3614180478821363 0.15438247011952191 0.04143646408839779 0.012616201859229747
3 0.6385819521178637 0.10292164674634795 0.011970534069981584 0.009296148738379814
10 0.494475138121547 0.9169986719787516 0.016574585635359115 0.01195219123505976
7 0.2076427255985267 0.6062416998671979 0.011970534069981584 0.009296148738379814