11 0.9281767955801105 0.2871845949535193 0.040515653775322284 0.015272244355909695
12 0.5119705340699816 0.21447543160690571 0.016574585635359115 0.013280212483399735
0 0.43830570902394106 0.2851925630810093 0.040515653775322284 0.015272244355909695
6 0.21132596685082872 0.30212483399734397 0.011970534069981584 0.009296148738379814
0 0.36003683241252304 0.31772908366533864 0.040515653775322284 0.015272244355909695
10 0.43646408839779005 0.5733731739707836 0.040515653775322284 0.015272244355909695
10 0.7969613259668509 0.4674634794156706 0.011970534069981584 0.009296148738379814
10 0.17357274401473297 0.22841965471447542 0.011970534069981584 0.009296148738379814
11 0.35911602209944754 0.702855245683931 0.040515653775322284 0.015272244355909695
10 0.2094843462246777 0.45285524568393093 0.011970534069981584 0.009296148738379814
0 0.7932780847145487 0.6075697211155379 0.011970534069981584 0.009296148738379814