10 0.2472375690607735 0.3758300132802125 0.011970534069981584 0.009296148738379814
7 0.43830570902394106 0.7938247011952191 0.040515653775322284 0.015272244355909695
4 0.494475138121547 0.9169986719787516 0.016574585635359115 0.01195219123505976
0 0.9281767955801105 0.22875166002656042 0.040515653775322284 0.015272244355909695
3 0.43554327808471455 0.21281540504648075 0.040515653775322284 0.015272244355909695
0 0.6146408839779005 0.6367861885790173 0.011970534069981584 0.009296148738379814
7 0.5119705340699816 0.21447543160690571 0.016574585635359115 0.013280212483399735
0 0.610036832412523 0.45285524568393093 0.011970534069981584 0.009296148738379814
0 0.43738489871086556 0.450531208499336 0.040515653775322284 0.015272244355909695
10 0.43646408839779005 0.6351261620185923 0.040515653775322284 0.015272244355909695
10 0.7905156537753223 0.748339973439575 0.011970534069981584 0.009296148738379814
7 0.7886740331491713 0.8565737051792829 0.011970534069981584 0.009296148738379814
9 0.248158379373849 0.6852589641434262 0.011970534069981584 0.009296148738379814
0 0.929097605893186 0.19820717131474103 0.040515653775322284 0.015272244355909695
10 0.36095764272559855 0.27257636122177953 0.040515653775322284 0.015272244355909695