2 0.6146408839779005 0.6367861885790173 0.011970534069981584 0.009296148738379814
0 0.43738489871086556 0.6039176626826029 0.040515653775322284 0.015272244355909695
0 0.6155616942909761 0.6221779548472776 0.011970534069981584 0.009296148738379814
10 0.43830570902394106 0.27191235059760954 0.040515653775322284 0.015272244355909695
6 0.36095764272559855 0.37682602921646746 0.040515653775322284 0.015272244355909695
10 0.8324125230202578 0.33233731739707834 0.040515653775322284 0.015272244355909695
2 0.2490791896869245 0.301460823373174 0.011970534069981584 0.009296148738379814
0 0.6127992633517495 0.5438247011952191 0.011970534069981584 0.009296148738379814
9 0.6137200736648251 0.749667994687915 0.011970534069981584 0.009296148738379814
11 0.43738489871086556 0.39276228419654713 0.040515653775322284 0.015272244355909695
2 0.9249539594843462 0.7636122177954847 0.011970534069981584 0.009296148738379814