10 0.9281767955801105 0.2732403718459495 0.040515653775322284 0.015272244355909695
11 0.35911602209944754 0.6523904382470119 0.040515653775322284 0.015272244355909695
11 0.43554327808471455 0.21281540504648075 0.040515653775322284 0.015272244355909695
9 0.9249539594843462 0.8233731739707836 0.011970534069981584 0.009296148738379814
9 0.7923572744014733 0.5756972111553785 0.011970534069981584 0.009296148738379814
0 0.9300184162062615 0.30312084993359895 0.040515653775322284 0.015272244355909695
7 0.43738489871086556 0.5600929614873837 0.040515653775322284 0.015272244355909695
0 0.6726519337016574 0.48273572377158036 0.011970534069981584 0.009296148738379814
0 0.43830570902394106 0.16766268260292164 0.040515653775322284 0.015272244355909695
10 0.36003683241252304 0.36221779548472777 0.040515653775322284 0.015272244355909695
0 0.17081031307550645 0.3751660026560425 0.011970534069981584 0.009296148738379814
10 0.7978821362799263 0.45219123505976094 0.011970534069981584 0.009296148738379814