10 0.35911602209944754 0.3462815405046481 0.040515653775322284 0.015272244355909695
10 0.43738489871086556 0.7646082337317397 0.040515653775322284 0.015272244355909695
0 0.7905156537753223 0.7330677290836654 0.011970534069981584 0.009296148738379814
0 0.35911602209944754 0.74867197875166 0.040515653775322284 0.015272244355909695
0 0.36003683241252304 0.33233731739707834 0.040515653775322284 0.015272244355909695
10 0.43738489871086556 0.8090969455511288 0.040515653775322284 0.015272244355909695
0 0.6984346224677717 0.3472775564409031 0.011970534069981584 0.009296148738379814
0 0.17081031307550645 0.301460823373174 0.011970534069981584 0.009296148738379814
9 0.7914364640883977 0.6520584329349269 0.011970534069981584 0.009296148738379814
0 0.9281767955801105 0.3330013280212483 0.040515653775322284 0.015272244355909695
10 0.8351749539594844 0.36221779548472777 0.040515653775322284 0.015272244355909695
0 0.7923572744014733 0.5444887118193891 0.011970534069981584 0.009296148738379814
0 0.16988950276243095 0.6845949535192563 0.011970534069981584 0.009296148738379814
10 0.43830570902394106 0.33100929614873836 0.040515653775322284 0.015272244355909695
1 0.3614180478821363 0.16699867197875165 0.04143646408839779 0.012616201859229747