11 0.8314917127071824 0.24335989375830014 0.040515653775322284 0.015272244355909695
0 0.9249539594843462 0.8087649402390438 0.011970534069981584 0.009296148738379814
0 0.817219152854512 0.12284196547144755 0.011970534069981584 0.009296148738379814
10 0.43830570902394106 0.49767596281540505 0.040515653775322284 0.015272244355909695
11 0.2472375690607735 0.3758300132802125 0.011970534069981584 0.009296148738379814
12 0.43738489871086556 0.31772908366533864 0.040515653775322284 0.015272244355909695
10 0.9300184162062615 0.30312084993359895 0.040515653775322284 0.015272244355909695
0 0.6155616942909761 0.7357237715803453 0.011970534069981584 0.009296148738379814
10 0.35911602209944754 0.5740371845949536 0.040515653775322284 0.015272244355909695
10 0.8314917127071824 0.2154714475431607 0.040515653775322284 0.015272244355909695
11 0.43830570902394106 0.15438247011952191 0.040515653775322284 0.015272244355909695
4 0.6137200736648251 0.7656042496679947 0.011970534069981584 0.009296148738379814
10 0.36003683241252304 0.5129482071713147 0.040515653775322284 0.015272244355909695
10 0.36187845303867405 0.5434926958831341 0.040515653775322284 0.015272244355909695