0 0.67578125 0.7216796875 0.025390625 0.013671875
10 0.404296875 0.4736328125 0.025390625 0.013671875
3 0.8251953125 0.744140625 0.025390625 0.013671875
4 0.9169921875 0.701171875 0.025390625 0.013671875
0 0.4169921875 0.3291015625 0.025390625 0.013671875
0 0.9482421875 0.4921875 0.025390625 0.013671875
0 0.8271484375 0.6484375 0.025390625 0.013671875
3 0.826171875 0.4716796875 0.025390625 0.013671875
4 0.6416015625 0.794921875 0.025390625 0.013671875
3 0.9482421875 0.29296875 0.025390625 0.013671875
0 0.3818359375 0.3515625 0.025390625 0.013671875
0 0.625 0.3359375 0.025390625 0.013671875
0 0.3427734375 0.498046875 0.025390625 0.013671875