12 0.9169921875 0.701171875 0.025390625 0.013671875
12 0.3427734375 0.701171875 0.025390625 0.013671875
10 0.4033203125 0.572265625 0.025390625 0.013671875
0 0.404296875 0.5224609375 0.025390625 0.013671875
9 0.916015625 0.4697265625 0.025390625 0.013671875
11 0.625 0.4697265625 0.025390625 0.013671875
9 0.6416015625 0.794921875 0.025390625 0.013671875
1 0.6416015625 0.697265625 0.025390625 0.013671875
12 0.6259765625 0.2880859375 0.025390625 0.013671875
7 0.826171875 0.4716796875 0.025390625 0.013671875
1 0.640625 0.74609375 0.025390625 0.013671875
0 0.9482421875 0.4921875 0.025390625 0.013671875
7 0.9501953125 0.6748046875 0.025390625 0.013671875