11 0.916015625 0.4697265625 0.025390625 0.013671875
10 0.947265625 0.7216796875 0.025390625 0.013671875
12 0.8271484375 0.5185546875 0.025390625 0.013671875
10 0.9169921875 0.701171875 0.025390625 0.013671875
6 0.380859375 0.3984375 0.025390625 0.013671875
0 0.6259765625 0.2880859375 0.025390625 0.013671875
6 0.4501953125 0.3759765625 0.025390625 0.013671875
0 0.341796875 0.5478515625 0.025390625 0.013671875
5 0.3427734375 0.5947265625 0.025390625 0.013671875
5 0.6416015625 0.697265625 0.025390625 0.013671875
0 0.9169921875 0.6484375 0.025390625 0.013671875
3 0.6748046875 0.6767578125 0.025390625 0.013671875
4 0.67578125 0.7216796875 0.025390625 0.013671875
3 0.380859375 0.2822265625 0.025390625 0.013671875
0 0.826171875 0.4716796875 0.025390625 0.013671875