9 0.8583984375 0.7216796875 0.025390625 0.013671875
0 0.916015625 0.4697265625 0.025390625 0.013671875
7 0.6259765625 0.2880859375 0.025390625 0.013671875
9 0.826171875 0.4716796875 0.025390625 0.013671875
6 0.6240234375 0.3828125 0.025390625 0.013671875
0 0.4501953125 0.3046875 0.025390625 0.013671875
10 0.861328125 0.6728515625 0.025390625 0.013671875
2 0.947265625 0.7216796875 0.025390625 0.013671875
9 0.67578125 0.7216796875 0.025390625 0.013671875
0 0.6416015625 0.697265625 0.025390625 0.013671875
10 0.8271484375 0.6484375 0.025390625 0.013671875
3 0.6416015625 0.794921875 0.025390625 0.013671875
2 0.640625 0.74609375 0.025390625 0.013671875
5 0.6416015625 0.6484375 0.025390625 0.013671875
2 0.3447265625 0.6767578125 0.025390625 0.013671875