9 0.916015625 0.748046875 0.025390625 0.013671875
0 0.8251953125 0.744140625 0.025390625 0.013671875
2 0.6416015625 0.6484375 0.025390625 0.013671875
10 0.947265625 0.7216796875 0.025390625 0.013671875
2 0.6259765625 0.2880859375 0.025390625 0.013671875
11 0.9482421875 0.388671875 0.025390625 0.013671875
3 0.6416015625 0.697265625 0.025390625 0.013671875
10 0.8271484375 0.6484375 0.025390625 0.013671875
12 0.341796875 0.5478515625 0.025390625 0.013671875
7 0.947265625 0.33984375 0.025390625 0.013671875
0 0.625 0.4697265625 0.025390625 0.013671875
10 0.3427734375 0.5947265625 0.025390625 0.013671875
4 0.4501953125 0.3046875 0.025390625 0.013671875
0 0.6416015625 0.794921875 0.025390625 0.013671875
0 0.67578125 0.7685546875 0.025390625 0.013671875