0 0.6759185303514377 0.577334083239595 0.009984025559105431 0.011811023622047244
7 0.4910143769968051 0.4204161979752531 0.009984025559105431 0.011811023622047244
1 0.6555511182108626 0.44797525309336333 0.009984025559105431 0.011811023622047244
4 0.9388977635782748 0.7848706411698537 0.00878594249201278 0.012935883014623173
8 0.9291134185303515 0.18194600674915637 0.009984025559105431 0.011811023622047244
10 0.9291134185303515 0.22862767154105737 0.009984025559105431 0.011811023622047244
10 0.29972044728434505 0.6971316085489314 0.009984025559105431 0.011811023622047244
5 0.45507188498402557 0.5604611923509561 0.009984025559105431 0.011811023622047244
5 0.9494808306709265 0.20613048368953882 0.009984025559105431 0.011811023622047244
10 0.1619408945686901 0.7792463442069741 0.009984025559105431 0.011811023622047244
2 0.45467252396166136 0.32761529808773904 0.009984025559105431 0.011811023622047244
0 0.455870607028754 0.18644544431946006 0.009984025559105431 0.011811023622047244
12 0.9295127795527156 0.2736220472440945 0.009984025559105431 0.011811023622047244
7 0.8053115015974441 0.7786839145106862 0.009984025559105431 0.011811023622047244