10 0.8029153354632588 0.44797525309336333 0.009984025559105431 0.011811023622047244
3 0.7869408945686901 0.27249718785151855 0.009984025559105431 0.011811023622047244
2 0.45507188498402557 0.5604611923509561 0.009984025559105431 0.011811023622047244
10 0.1459664536741214 0.29893138357705284 0.009984025559105431 0.011811023622047244
10 0.6555511182108626 0.44797525309336333 0.009984025559105431 0.011811023622047244
8 0.45467252396166136 0.32761529808773904 0.009984025559105431 0.011811023622047244
0 0.3109025559105431 0.5115298087739033 0.009984025559105431 0.011811023622047244
0 0.9291134185303515 0.4620359955005624 0.009984025559105431 0.011811023622047244
0 0.45507188498402557 0.5137795275590551 0.009984025559105431 0.011811023622047244
10 0.7917332268370607 0.37935883014623173 0.009984025559105431 0.011811023622047244
4 0.8085063897763578 0.29611923509561305 0.009984025559105431 0.011811023622047244
1 0.45307507987220447 0.8883577052868391 0.009984025559105431 0.011811023622047244
0 0.42631789137380194 0.9356017997750281 0.009984025559105431 0.011811023622047244
3 0.9291134185303515 0.18194600674915637 0.009984025559105431 0.011811023622047244