7 0.49181309904153353 0.5385264341957255 0.009984025559105431 0.011811023622047244
2 0.47863418530351437 0.8658605174353206 0.009984025559105431 0.011811023622047244
10 0.49181309904153353 0.49015748031496065 0.009984025559105431 0.011811023622047244
1 0.14636581469648563 0.18363329583802024 0.009984025559105431 0.011811023622047244
10 0.4790335463258786 0.9114173228346457 0.009984025559105431 0.011811023622047244
0 0.7869408945686901 0.22581552305961755 0.009984025559105431 0.011811023622047244
0 0.3113019169329074 0.23312710911136109 0.009984025559105431 0.011811023622047244
0 0.5049920127795527 0.8883577052868391 0.009984025559105431 0.011811023622047244
10 0.16114217252396165 0.8084926884139483 0.009984025559105431 0.011811023622047244
12 0.9388977635782748 0.6217660292463442 0.00878594249201278 0.012935883014623173
0 0.6547523961661342 0.3765466816647919 0.009984025559105431 0.011811023622047244
8 0.1459664536741214 0.20500562429696287 0.009984025559105431 0.011811023622047244
7 0.6531549520766773 0.7623734533183352 0.009984025559105431 0.011811023622047244
10 0.7917332268370607 0.37935883014623173 0.009984025559105431 0.011811023622047244