0 0.45507188498402557 0.234251968503937 0.009984025559105431 0.011811023622047244
0 0.14636581469648563 0.3219910011248594 0.009984025559105431 0.011811023622047244
11 0.9644568690095847 0.7393138357705287 0.00878594249201278 0.012935883014623173
0 0.6607428115015974 0.2297525309336333 0.009984025559105431 0.011811023622047244
4 0.9388977635782748 0.7848706411698537 0.00878594249201278 0.012935883014623173
10 0.18430511182108625 0.9429133858267716 0.009984025559105431 0.011811023622047244
5 0.30011980830670926 0.8394263217097863 0.009984025559105431 0.011811023622047244
0 0.14556709265175719 0.3838582677165354 0.009984025559105431 0.011811023622047244
11 0.14516773162939298 0.4969066366704162 0.009984025559105431 0.011811023622047244
7 0.8053115015974441 0.7320022497187851 0.009984025559105431 0.011811023622047244
0 0.9388977635782748 0.7168166479190101 0.00878594249201278 0.012935883014623173
0 0.6743210862619808 0.6240157480314961 0.009984025559105431 0.011811023622047244
0 0.1619408945686901 0.7792463442069741 0.009984025559105431 0.011811023622047244
0 0.6527555910543131 0.8084926884139483 0.009984025559105431 0.011811023622047244