4 0.9303115015974441 0.53177727784027 0.009984025559105431 0.011811023622047244
0 0.16114217252396165 0.8084926884139483 0.009984025559105431 0.011811023622047244
1 0.14556709265175719 0.2516872890888639 0.009984025559105431 0.011811023622047244
3 0.7869408945686901 0.22581552305961755 0.009984025559105431 0.011811023622047244
11 0.18430511182108625 0.9429133858267716 0.009984025559105431 0.011811023622047244
0 0.8037140575079872 0.40129358830146233 0.009984025559105431 0.011811023622047244
3 0.14516773162939298 0.4969066366704162 0.009984025559105431 0.011811023622047244
10 0.45507188498402557 0.5604611923509561 0.009984025559105431 0.011811023622047244
0 0.9287140575079872 0.39004499437570306 0.009984025559105431 0.011811023622047244
11 0.9287140575079872 0.5092800899887514 0.009984025559105431 0.011811023622047244
11 0.3117012779552716 0.4423509561304837 0.009984025559105431 0.011811023622047244
10 0.3113019169329074 0.32761529808773904 0.009984025559105431 0.011811023622047244
10 0.9494808306709265 0.20613048368953882 0.009984025559105431 0.011811023622047244
7 0.9656549520766773 0.9029808773903262 0.00878594249201278 0.012935883014623173
5 0.6535543130990416 0.42604049493813273 0.009984025559105431 0.011811023622047244