10 0.8085063897763578 0.29611923509561305 0.009984025559105431 0.011811023622047244
4 0.45307507987220447 0.8883577052868391 0.009984025559105431 0.011811023622047244
0 0.8057108626198083 0.8484251968503937 0.009984025559105431 0.011811023622047244
10 0.42631789137380194 0.9356017997750281 0.009984025559105431 0.011811023622047244
0 0.4914137380191693 0.2567491563554556 0.009984025559105431 0.011811023622047244
5 0.7869408945686901 0.27249718785151855 0.009984025559105431 0.011811023622047244
9 0.3105031948881789 0.41929133858267714 0.009984025559105431 0.011811023622047244
9 0.49181309904153353 0.3737345331833521 0.009984025559105431 0.011811023622047244
10 0.659944089456869 0.18250843644544432 0.009984025559105431 0.011811023622047244
2 0.6539536741214057 0.7162542182227222 0.009984025559105431 0.011811023622047244
0 0.9376996805111821 0.9266029246344207 0.00878594249201278 0.012935883014623173
11 0.6743210862619808 0.6240157480314961 0.009984025559105431 0.011811023622047244