6 0.9059645351961311 0.29422930903568717 0.017195056421278884 0.017463933181473046
0 0.28694250403009136 0.27145026575550496 0.017195056421278884 0.017463933181473046
4 0.17033852767329394 0.564540622627183 0.017195056421278884 0.017463933181473046
6 0.28694250403009136 0.8230827638572513 0.010746910263299301 0.016704631738800303
10 0.5583019881783987 0.4832953682611997 0.017195056421278884 0.017463933181473046
5 0.7549704459967759 0.8234624145785877 0.017195056421278884 0.017463933181473046
12 0.9253089736700698 0.2718299164768413 0.010746910263299301 0.016704631738800303
7 0.5561526061257388 0.6366742596810934 0.017195056421278884 0.017463933181473046
10 0.738312735088662 0.5220197418375095 0.017195056421278884 0.017463933181473046
7 0.5126276195593766 0.6564160971905847 0.017195056421278884 0.017463933181473046
10 0.4707146695325094 0.4832953682611997 0.017195056421278884 0.017463933181473046
6 0.9043524986566363 0.4741837509491268 0.017195056421278884 0.017463933181473046
7 0.800107469102633 0.8477600607441154 0.017195056421278884 0.017463933181473046
3 0.5572272971520688 0.5060744115413819 0.017195056421278884 0.017463933181473046
10 0.5900053734551316 0.26917236142748674 0.017195056421278884 0.017463933181473046