10 0.9059645351961311 0.29422930903568717 0.017195056421278884 0.017463933181473046
2 0.47178936055883935 0.4415337889141989 0.017195056421278884 0.017463933181473046
0 0.5142396560988716 0.5273348519362187 0.017195056421278884 0.017463933181473046
11 0.737775389575497 0.5652999240698557 0.017195056421278884 0.017463933181473046
1 0.9032778076303063 0.2486712224753227 0.017195056421278884 0.017463933181473046
0 0.9253089736700698 0.31662870159453305 0.010746910263299301 0.016704631738800303
10 0.7372380440623321 0.4263477600607441 0.017195056421278884 0.017463933181473046
6 0.9247716281569048 0.4085041761579347 0.010746910263299301 0.016704631738800303
0 0.4707146695325094 0.4832953682611997 0.017195056421278884 0.017463933181473046
10 0.5921547555077915 0.24943052391799544 0.017195056421278884 0.017463933181473046
10 0.2246104245029554 0.544039483675019 0.017195056421278884 0.017463933181473046
10 0.738312735088662 0.24715261958997722 0.017195056421278884 0.017463933181473046
11 0.4723267060720043 0.54707668944571 0.017195056421278884 0.017463933181473046