0 0.9253089736700698 0.31662870159453305 0.010746910263299301 0.016704631738800303
7 0.2246104245029554 0.544039483675019 0.017195056421278884 0.017463933181473046
5 0.9247716281569048 0.4085041761579347 0.010746910263299301 0.016704631738800303
11 0.28801719505642126 0.6457858769931663 0.017195056421278884 0.017463933181473046
10 0.5572272971520688 0.4643128321943812 0.017195056421278884 0.017463933181473046
0 0.5561526061257388 0.6366742596810934 0.017195056421278884 0.017463933181473046
11 0.8017195056421279 0.8971146545178436 0.017195056421278884 0.017463933181473046
0 0.47178936055883935 0.5918754745634016 0.017195056421278884 0.017463933181473046
0 0.5857066093498119 0.785876993166287 0.010746910263299301 0.016704631738800303
10 0.9253089736700698 0.2718299164768413 0.010746910263299301 0.016704631738800303
6 0.7619559376679205 0.31662870159453305 0.010746910263299301 0.016704631738800303
0 0.9043524986566363 0.517463933181473 0.017195056421278884 0.017463933181473046
11 0.28747984954325634 0.36104783599088835 0.017195056421278884 0.017463933181473046
0 0.5900053734551316 0.2911921032649962 0.017195056421278884 0.017463933181473046
10 0.7549704459967759 0.6829916476841306 0.017195056421278884 0.017463933181473046