4 0.8575498575498576 0.403303787268332 0.018233618233618232 0.016921837228041903
5 0.09743589743589744 0.4403706688154714 0.018233618233618232 0.016921837228041903
0 0.2 0.17767929089443996 0.018233618233618232 0.016921837228041903
0 0.7350427350427351 0.6555197421434327 0.018233618233618232 0.016921837228041903
6 0.852991452991453 0.5427074939564867 0.018233618233618232 0.016921837228041903
10 0.3037037037037037 0.3098307816277196 0.018233618233618232 0.016921837228041903
0 0.9675213675213675 0.491941982272361 0.018233618233618232 0.016921837228041903
10 0.7333333333333333 0.3920225624496374 0.018233618233618232 0.016921837228041903
3 0.49230769230769234 0.15914585012087026 0.012535612535612535 0.015310233682514102
3 0.4603988603988604 0.2832393231265109 0.012535612535612535 0.015310233682514102
11 0.4603988603988604 0.38477034649476227 0.012535612535612535 0.015310233682514102
7 0.30427350427350425 0.17767929089443996 0.018233618233618232 0.016921837228041903
12 0.6136752136752137 0.8271555197421434 0.018233618233618232 0.016921837228041903
1 0.9692307692307692 0.19298952457695406 0.018233618233618232 0.016921837228041903
0 0.6153846153846154 0.3984689766317486 0.018233618233618232 0.016921837228041903