3 0.4928774928774929 0.20749395648670427 0.012535612535612535 0.015310233682514102
10 0.8547008547008547 0.6522965350523772 0.018233618233618232 0.016921837228041903
8 0.8552706552706553 0.25825946817082995 0.018233618233618232 0.016921837228041903
0 0.6153846153846154 0.8771152296535052 0.018233618233618232 0.016921837228041903
5 0.09515669515669516 0.7006446414182111 0.018233618233618232 0.016921837228041903
10 0.9686609686609686 0.878726833199033 0.018233618233618232 0.016921837228041903
0 0.7356125356125356 0.9286865431103949 0.018233618233618232 0.016921837228041903
10 0.20113960113960114 0.9601128122481869 0.018233618233618232 0.016921837228041903
0 0.49230769230769234 0.15914585012087026 0.012535612535612535 0.015310233682514102
10 0.09515669515669516 0.8311845286059629 0.018233618233618232 0.016921837228041903
8 0.09572649572649573 0.5676873489121677 0.018233618233618232 0.016921837228041903
6 0.4928774928774929 0.25906526994359386 0.012535612535612535 0.015310233682514102
5 0.4603988603988604 0.38477034649476227 0.012535612535612535 0.015310233682514102
0 0.49230769230769234 0.773972602739726 0.018233618233618232 0.016921837228041903
5 0.9669515669515669 0.6724415793714746 0.018233618233618232 0.016921837228041903