6 0.49173789173789173 0.8271555197421434 0.018233618233618232 0.016921837228041903
3 0.6148148148148148 0.30257856567284447 0.018233618233618232 0.016921837228041903
0 0.9675213675213675 0.491941982272361 0.018233618233618232 0.016921837228041903
1 0.09572649572649573 0.5676873489121677 0.018233618233618232 0.016921837228041903
12 0.4547008547008547 0.5330378726833199 0.018233618233618232 0.016921837228041903
8 0.4603988603988604 0.23569701853344077 0.012535612535612535 0.015310233682514102
7 0.6136752136752137 0.5306204673650282 0.018233618233618232 0.016921837228041903
6 0.7356125356125356 0.9286865431103949 0.018233618233618232 0.016921837228041903
3 0.6153846153846154 0.7771958098307816 0.018233618233618232 0.016921837228041903
5 0.6148148148148148 0.2550362610797744 0.018233618233618232 0.016921837228041903
1 0.09743589743589744 0.4403706688154714 0.018233618233618232 0.016921837228041903