10 0.49173789173789173 0.41055600322320707 0.012535612535612535 0.015310233682514102
0 0.4928774928774929 0.3106365834004835 0.012535612535612535 0.015310233682514102
9 0.6148148148148148 0.6305398871877518 0.018233618233618232 0.016921837228041903
7 0.4603988603988604 0.38477034649476227 0.012535612535612535 0.015310233682514102
11 0.7356125356125356 0.9286865431103949 0.018233618233618232 0.016921837228041903
0 0.6153846153846154 0.927880741337631 0.018233618233618232 0.016921837228041903
0 0.49173789173789173 0.10757453666398066 0.012535612535612535 0.015310233682514102
2 0.30313390313390315 0.5701047542304593 0.018233618233618232 0.016921837228041903
0 0.452991452991453 0.7997582594681708 0.018233618233618232 0.016921837228041903
3 0.9675213675213675 0.34206285253827556 0.018233618233618232 0.016921837228041903
10 0.30313390313390315 0.43795326349717967 0.018233618233618232 0.016921837228041903
0 0.7350427350427351 0.8279613215149073 0.018233618233618232 0.016921837228041903
1 0.8552706552706553 0.6023368251410153 0.018233618233618232 0.016921837228041903
11 0.7356125356125356 0.7038678485092668 0.018233618233618232 0.016921837228041903
10 0.7350427350427351 0.19218372280419016 0.018233618233618232 0.016921837228041903