2 0.19886039886039886 0.830378726833199 0.018233618233618232 0.016921837228041903
0 0.6148148148148148 0.5789685737308622 0.018233618233618232 0.016921837228041903
0 0.49173789173789173 0.6087832393231265 0.018233618233618232 0.016921837228041903
10 0.6153846153846154 0.4484286865431104 0.018233618233618232 0.016921837228041903
12 0.4905982905982906 0.9254633360193393 0.018233618233618232 0.016921837228041903
3 0.7350427350427351 0.8279613215149073 0.018233618233618232 0.016921837228041903
2 0.9669515669515669 0.6724415793714746 0.018233618233618232 0.016921837228041903
9 0.8552706552706553 0.4742143432715552 0.018233618233618232 0.016921837228041903
9 0.4547008547008547 0.749798549556809 0.018233618233618232 0.016921837228041903
0 0.7356125356125356 0.9286865431103949 0.018233618233618232 0.016921837228041903
7 0.7356125356125356 0.8771152296535052 0.018233618233618232 0.016921837228041903
0 0.4603988603988604 0.2832393231265109 0.012535612535612535 0.015310233682514102
6 0.7356125356125356 0.7038678485092668 0.018233618233618232 0.016921837228041903
2 0.6153846153846154 0.3984689766317486 0.018233618233618232 0.016921837228041903