7 0.2902684563758389 0.36595492289442466 0.008389261744966443 0.013048635824436536
10 0.8062080536912751 0.5154211150652431 0.008389261744966443 0.013048635824436536
6 0.8062080536912751 0.47983392645314354 0.008389261744966443 0.013048635824436536
0 0.23573825503355705 0.4845788849347568 0.008389261744966443 0.013048635824436536
12 0.5419463087248322 0.43001186239620404 0.008389261744966443 0.013048635824436536
7 0.5671140939597316 0.5 0.008389261744966443 0.013048635824436536
10 0.2902684563758389 0.34934756820877816 0.008389261744966443 0.013048635824436536
10 0.7600671140939598 0.3220640569395018 0.008389261744966443 0.013048635824436536
4 0.9001677852348994 0.3066429418742586 0.008389261744966443 0.013048635824436536
12 0.8070469798657718 0.6921708185053381 0.008389261744966443 0.013048635824436536
7 0.8296979865771812 0.9092526690391459 0.008389261744966443 0.013048635824436536