9 0.6942702394526796 0.3725806451612903 0.016818700114025087 0.01935483870967742
6 0.5276510832383124 0.9395161290322581 0.013112884834663626 0.01935483870967742
8 0.27765108323831245 0.8391129032258065 0.013112884834663626 0.01935483870967742
10 0.9378563283922463 0.8887096774193548 0.013112884834663626 0.01935483870967742
10 0.8978050171037628 0.6201612903225806 0.02708095781071836 0.02338709677419355
1 0.5025655644241733 0.9403225806451613 0.013112884834663626 0.01935483870967742
10 0.5028506271379704 0.8387096774193549 0.013112884834663626 0.01935483870967742
10 0.7363169897377423 0.8754032258064516 0.013112884834663626 0.01935483870967742
10 0.7363169897377423 0.9604838709677419 0.013112884834663626 0.01935483870967742
10 0.34734891676168755 0.6427419354838709 0.016248574686431014 0.01532258064516129
5 0.21336944127708096 0.425 0.033352337514253136 0.020967741935483872
0 0.5025655644241733 0.9641129032258065 0.013112884834663626 0.01935483870967742
6 0.51154503990878 0.3153225806451613 0.016818700114025087 0.01935483870967742
8 0.9370011402508552 0.8455645161290323 0.013112884834663626 0.01935483870967742
11 0.34763397947548463 0.725 0.016818700114025087 0.01935483870967742