8 0.34806157354618017 0.6709677419354839 0.01767388825541619 0.01935483870967742
0 0.8718643101482326 0.3556451612903226 0.016818700114025087 0.01935483870967742
1 0.5028506271379704 0.8387096774193549 0.013112884834663626 0.01935483870967742
2 0.5389110604332953 0.6366935483870968 0.016818700114025087 0.01935483870967742
10 0.30188141391106044 0.8955645161290322 0.013112884834663626 0.01935483870967742
10 0.9372862029646523 0.9358870967741936 0.013112884834663626 0.01935483870967742
5 0.7202109464082098 0.6201612903225806 0.02708095781071836 0.02338709677419355
3 0.5025655644241733 0.9641129032258065 0.013112884834663626 0.01935483870967742
7 0.7363169897377423 0.932258064516129 0.013112884834663626 0.01935483870967742
11 0.7363169897377423 0.8459677419354839 0.013112884834663626 0.01935483870967742
5 0.5276510832383124 0.8387096774193549 0.013112884834663626 0.01935483870967742