10 0.5167785234899329 0.48102016607354686 0.008389261744966443 0.013048635824436536
2 0.5679530201342282 0.3956109134045077 0.008389261744966443 0.013048635824436536
10 0.6057046979865772 0.6791221826809015 0.008389261744966443 0.013048635824436536
6 0.23657718120805368 0.5391459074733096 0.008389261744966443 0.013048635824436536
8 0.5167785234899329 0.4988137603795967 0.008389261744966443 0.013048635824436536
0 0.20553691275167785 0.22716488730723605 0.008389261744966443 0.013048635824436536
0 0.7550335570469798 0.3766310794780546 0.008389261744966443 0.013048635824436536
0 0.462248322147651 0.21648873072360617 0.008389261744966443 0.013048635824436536
4 0.8070469798657718 0.5498220640569395 0.008389261744966443 0.013048635824436536
10 0.19546979865771813 0.6672597864768683 0.008389261744966443 0.013048635824436536
12 0.8968120805369127 0.11684460260972716 0.008389261744966443 0.013048635824436536
1 0.9731543624161074 0.3766310794780546 0.008389261744966443 0.013048635824436536
2 0.5176174496644296 0.44661921708185054 0.008389261744966443 0.013048635824436536
0 0.25 0.702846975088968 0.008389261744966443 0.013048635824436536