5 0.28326076439283987 0.6633409350057012 0.007901951298177712 0.013683010262257697
7 0.5261248185776488 0.4284492588369441 0.007901951298177712 0.013683010262257697
2 0.30777293984841153 0.7728050171037628 0.007901951298177712 0.013683010262257697
11 0.3564747621351395 0.40849486887115166 0.007901951298177712 0.013683010262257697
10 0.6177229479116272 0.7970353477765109 0.007901951298177712 0.013683010262257697
11 0.5261248185776488 0.26738882554161914 0.007901951298177712 0.013683010262257697
0 0.28309950008063217 0.7998859749144812 0.007901951298177712 0.013683010262257697
0 0.3259958071278826 0.4885974914481186 0.007901951298177712 0.013683010262257697
10 0.3084179970972424 0.346921322690992 0.007901951298177712 0.013683010262257697
3 0.49548459925818417 0.30758266818700114 0.007901951298177712 0.013683010262257697
3 0.3261570714400903 0.508551881413911 0.007901951298177712 0.013683010262257697
10 0.7510885341074021 0.8480615735461802 0.007901951298177712 0.013683010262257697
8 0.3414771810998226 0.40849486887115166 0.007901951298177712 0.013683010262257697