0 0.9001677852348994 0.3066429418742586 0.008389261744966443 0.013048635824436536
4 0.46308724832214765 0.1785290628706999 0.008389261744966443 0.013048635824436536
4 0.9010067114093959 0.32562277580071175 0.008389261744966443 0.013048635824436536
6 0.8296979865771812 0.9092526690391459 0.008389261744966443 0.013048635824436536
10 0.2609060402684564 0.36595492289442466 0.008389261744966443 0.013048635824436536
6 0.6031879194630873 0.8760379596678529 0.008389261744966443 0.013048635824436536
8 0.9723154362416108 0.3066429418742586 0.008389261744966443 0.013048635824436536
2 0.8145973154362416 0.9104389086595492 0.008389261744966443 0.013048635824436536
10 0.22902684563758388 0.2615658362989324 0.008389261744966443 0.013048635824436536
8 0.22902684563758388 0.2781731909845789 0.008389261744966443 0.013048635824436536
11 0.22651006711409397 0.6838671411625148 0.008389261744966443 0.013048635824436536
6 0.8305369127516778 0.9258600237247924 0.008389261744966443 0.013048635824436536