10 0.5566750629722922 0.49347568208778175 0.010075566750629723 0.014234875444839857
11 0.6087321578505458 0.19217081850533807 0.010075566750629723 0.014234875444839857
1 0.5734676742233418 0.17319098457888493 0.010075566750629723 0.014234875444839857
7 0.1801007556675063 0.6132858837485172 0.01595298068849706 0.02372479240806643
4 0.5566750629722922 0.527876631079478 0.010075566750629723 0.014234875444839857
10 0.6213266162888329 0.19217081850533807 0.010075566750629723 0.014234875444839857
12 0.6087321578505458 0.2265717674970344 0.010075566750629723 0.014234875444839857
0 0.021410579345088162 0.6144721233689205 0.01595298068849706 0.02372479240806643
4 0.6221662468513854 0.2823250296559905 0.010075566750629723 0.014234875444839857
0 0.5608732157850546 0.26334519572953735 0.010075566750629723 0.014234875444839857
10 0.5071368597816961 0.15776986951364175 0.010075566750629723 0.014234875444839857
10 0.18261964735516373 0.19098457888493475 0.01595298068849706 0.02372479240806643
7 0.014693534844668345 0.6512455516014235 0.009235936188077247 0.009489916963226572
6 0.5071368597816961 0.2111506524317912 0.010075566750629723 0.014234875444839857
0 0.5205709487825357 0.2846975088967972 0.010075566750629723 0.014234875444839857