10 0.21336944127708096 0.425 0.033352337514253136 0.020967741935483872
10 0.2782212086659065 0.8959677419354839 0.013112884834663626 0.01935483870967742
2 0.9378563283922463 0.8887096774193548 0.013112884834663626 0.01935483870967742
2 0.5025655644241733 0.9403225806451613 0.013112884834663626 0.01935483870967742
9 0.5389110604332953 0.6366935483870968 0.016818700114025087 0.01935483870967742
1 0.8710091220068416 0.2979838709677419 0.016818700114025087 0.01935483870967742
8 0.8978050171037628 0.6201612903225806 0.02708095781071836 0.02338709677419355
10 0.511259977194983 0.3717741935483871 0.016818700114025087 0.01935483870967742
7 0.2127993158494869 0.6838709677419355 0.033352337514253136 0.020967741935483872
7 0.5276510832383124 0.9141129032258064 0.013112884834663626 0.01935483870967742
10 0.8718643101482326 0.3556451612903226 0.016818700114025087 0.01935483870967742
0 0.6948403648802737 0.3439516129032258 0.016818700114025087 0.01935483870967742
3 0.5028506271379704 0.8387096774193549 0.013112884834663626 0.01935483870967742
0 0.5028506271379704 0.8637096774193549 0.013112884834663626 0.01935483870967742