3 0.5197313182199832 0.36180308422301305 0.010075566750629723 0.014234875444839857
2 0.014693534844668345 0.35231316725978645 0.009235936188077247 0.009489916963226572
0 0.17338371116708648 0.66785290628707 0.009235936188077247 0.009489916963226572
12 0.17170445004198154 0.3701067615658363 0.009235936188077247 0.009489916963226572
6 0.023089840470193114 0.46144721233689207 0.01595298068849706 0.02372479240806643
9 0.6221662468513854 0.15658362989323843 0.010075566750629723 0.014234875444839857
12 0.6087321578505458 0.15658362989323843 0.010075566750629723 0.014234875444839857
11 0.17338371116708648 0.6512455516014235 0.009235936188077247 0.009489916963226572
6 0.5734676742233418 0.2823250296559905 0.010075566750629723 0.014234875444839857
1 0.17170445004198154 0.3428232502965599 0.009235936188077247 0.009489916963226572
1 0.6087321578505458 0.2265717674970344 0.010075566750629723 0.014234875444839857