10 0.7202109464082098 0.6201612903225806 0.02708095781071836 0.02338709677419355
3 0.3675883694412771 0.425 0.033352337514253136 0.020967741935483872
10 0.5028506271379704 0.8637096774193549 0.013112884834663626 0.01935483870967742
8 0.8978050171037628 0.6201612903225806 0.02708095781071836 0.02338709677419355
7 0.8710091220068416 0.2979838709677419 0.016818700114025087 0.01935483870967742
12 0.08338084378563283 0.6838709677419355 0.033352337514253136 0.020967741935483872
8 0.511259977194983 0.3717741935483871 0.016818700114025087 0.01935483870967742
10 0.5025655644241733 0.9641129032258065 0.013112884834663626 0.01935483870967742
10 0.21336944127708096 0.425 0.033352337514253136 0.020967741935483872
10 0.5276510832383124 0.8387096774193549 0.013112884834663626 0.01935483870967742
10 0.51154503990878 0.3153225806451613 0.016818700114025087 0.01935483870967742
6 0.7363169897377423 0.8459677419354839 0.013112884834663626 0.01935483870967742