5 0.22902684563758388 0.31494661921708184 0.008389261744966443 0.013048635824436536
0 0.25 0.702846975088968 0.008389261744966443 0.013048635824436536
12 0.9664429530201343 0.533214709371293 0.008389261744966443 0.013048635824436536
2 0.6124161073825504 0.21648873072360617 0.008389261744966443 0.013048635824436536
6 0.22902684563758388 0.24258600237247924 0.008389261744966443 0.013048635824436536
0 0.8305369127516778 0.9258600237247924 0.008389261744966443 0.013048635824436536
8 0.2902684563758389 0.31494661921708184 0.008389261744966443 0.013048635824436536
5 0.8062080536912751 0.46441281138790036 0.008389261744966443 0.013048635824436536
3 0.4773489932885906 0.6969157769869514 0.008389261744966443 0.013048635824436536
11 0.3011744966442953 0.8997627520759194 0.008389261744966443 0.013048635824436536
2 0.947986577181208 0.32443653618030843 0.008389261744966443 0.013048635824436536
10 0.9714765100671141 0.28647686832740216 0.008389261744966443 0.013048635824436536
0 0.22986577181208054 0.34934756820877816 0.008389261744966443 0.013048635824436536
5 0.5671140939597316 0.5 0.008389261744966443 0.013048635824436536
0 0.25083892617449666 0.7218268090154211 0.008389261744966443 0.013048635824436536