5 0.7363169897377423 0.8459677419354839 0.013112884834663626 0.01935483870967742
2 0.30188141391106044 0.8955645161290322 0.013112884834663626 0.01935483870967742
2 0.6934150513112884 0.3157258064516129 0.016818700114025087 0.01935483870967742
1 0.34763397947548463 0.725 0.016818700114025087 0.01935483870967742
0 0.5276510832383124 0.8879032258064516 0.013112884834663626 0.01935483870967742
12 0.9378563283922463 0.8887096774193548 0.013112884834663626 0.01935483870967742
0 0.8718643101482326 0.3556451612903226 0.016818700114025087 0.01935483870967742
0 0.5276510832383124 0.964516129032258 0.013112884834663626 0.01935483870967742
5 0.5025655644241733 0.9641129032258065 0.013112884834663626 0.01935483870967742
0 0.08338084378563283 0.6838709677419355 0.033352337514253136 0.020967741935483872
5 0.2127993158494869 0.6838709677419355 0.033352337514253136 0.020967741935483872