11 0.014693534844668345 0.5160142348754448 0.009235936188077247 0.009489916963226572
4 0.5079764903442485 0.2846975088967972 0.010075566750629723 0.014234875444839857
10 0.5079764903442485 0.17319098457888493 0.010075566750629723 0.014234875444839857
0 0.5197313182199832 0.36180308422301305 0.010075566750629723 0.014234875444839857
4 0.5566750629722922 0.34638196915776986 0.010075566750629723 0.014234875444839857
12 0.6087321578505458 0.1387900355871886 0.010075566750629723 0.014234875444839857
10 0.5608732157850546 0.2277580071174377 0.010075566750629723 0.014234875444839857
8 0.5734676742233418 0.17319098457888493 0.010075566750629723 0.014234875444839857
0 0.5079764903442485 0.1376037959667853 0.010075566750629723 0.014234875444839857
3 0.5566750629722922 0.527876631079478 0.010075566750629723 0.014234875444839857
2 0.5617128463476071 0.2823250296559905 0.010075566750629723 0.014234875444839857