8 0.7510885341074021 0.5883694412770809 0.007901951298177712 0.013683010262257697
12 0.3261570714400903 0.30758266818700114 0.007901951298177712 0.013683010262257697
7 0.4779067892275439 0.36801596351197263 0.007901951298177712 0.013683010262257697
10 0.4780680535397517 0.2460091220068415 0.007901951298177712 0.013683010262257697
10 0.5109659732301242 0.26653363740022806 0.007901951298177712 0.013683010262257697
8 0.49548459925818417 0.2671037628278221 0.007901951298177712 0.013683010262257697
0 0.28374455732946297 0.7448688711516533 0.007901951298177712 0.013683010262257697
10 0.5109659732301242 0.4278791334093501 0.007901951298177712 0.013683010262257697
6 0.6007901951298178 0.669612314709236 0.007901951298177712 0.013683010262257697
2 0.8157555233026931 0.8942417331812998 0.007901951298177712 0.013683010262257697
0 0.6186905337848734 0.8606043329532497 0.007901951298177712 0.013683010262257697
0 0.28309950008063217 0.8825541619156214 0.007901951298177712 0.013683010262257697
6 0.370020964360587 0.6354047890535918 0.007901951298177712 0.013683010262257697
10 0.3259958071278826 0.36801596351197263 0.007901951298177712 0.013683010262257697