5 0.5028506271379704 0.8637096774193549 0.013112884834663626 0.01935483870967742
1 0.5276510832383124 0.8387096774193549 0.013112884834663626 0.01935483870967742
10 0.34763397947548463 0.697983870967742 0.016818700114025087 0.01935483870967742
2 0.8710091220068416 0.2979838709677419 0.016818700114025087 0.01935483870967742
10 0.7363169897377423 0.932258064516129 0.013112884834663626 0.01935483870967742
9 0.2782212086659065 0.8959677419354839 0.013112884834663626 0.01935483870967742
0 0.34734891676168755 0.6427419354838709 0.016248574686431014 0.01532258064516129
10 0.34763397947548463 0.725 0.016818700114025087 0.01935483870967742
7 0.08338084378563283 0.6838709677419355 0.033352337514253136 0.020967741935483872
9 0.27765108323831245 0.8673387096774193 0.013112884834663626 0.01935483870967742
0 0.5276510832383124 0.9395161290322581 0.013112884834663626 0.01935483870967742
0 0.5276510832383124 0.9141129032258064 0.013112884834663626 0.01935483870967742