10 0.5079764903442485 0.19217081850533807 0.010075566750629723 0.014234875444839857
11 0.6087321578505458 0.1387900355871886 0.010075566750629723 0.014234875444839857
10 0.6221662468513854 0.26334519572953735 0.010075566750629723 0.014234875444839857
6 0.5566750629722922 0.49347568208778175 0.010075566750629723 0.014234875444839857
7 0.5071368597816961 0.36061684460260973 0.010075566750629723 0.014234875444839857
3 0.17170445004198154 0.3428232502965599 0.009235936188077247 0.009489916963226572
0 0.014693534844668345 0.35231316725978645 0.009235936188077247 0.009489916963226572
10 0.5734676742233418 0.2823250296559905 0.010075566750629723 0.014234875444839857
9 0.17338371116708648 0.6512455516014235 0.009235936188077247 0.009489916963226572
4 0.6087321578505458 0.19217081850533807 0.010075566750629723 0.014234875444839857
2 0.1809403862300588 0.2918149466192171 0.01595298068849706 0.02372479240806643
0 0.17170445004198154 0.3701067615658363 0.009235936188077247 0.009489916963226572
0 0.5734676742233418 0.15658362989323843 0.010075566750629723 0.014234875444839857
0 0.5071368597816961 0.15776986951364175 0.010075566750629723 0.014234875444839857