5 0.30728914691178844 0.8281071835803877 0.007901951298177712 0.013683010262257697
2 0.513223673601032 0.6345496009122007 0.007901951298177712 0.013683010262257697
2 0.9550878890501532 0.34578107183580387 0.007901951298177712 0.013683010262257697
0 0.30777293984841153 0.7728050171037628 0.007901951298177712 0.013683010262257697
3 0.28326076439283987 0.6633409350057012 0.007901951298177712 0.013683010262257697
2 0.9594420254797613 0.7408779931584949 0.007901951298177712 0.013683010262257697
4 0.9816965005644251 0.8942417331812998 0.007901951298177712 0.013683010262257697
10 0.28309950008063217 0.9093500570125428 0.007901951298177712 0.013683010262257697
8 0.3569585550717626 0.4885974914481186 0.007901951298177712 0.013683010262257697
12 0.6177229479116272 0.7970353477765109 0.007901951298177712 0.013683010262257697
0 0.49564586357039186 0.48831242873432157 0.007901951298177712 0.013683010262257697