4 0.5552039381153305 0.3576388888888889 0.009142053445850914 0.012152777777777778
3 0.2661744022503516 0.8146701388888888 0.009142053445850914 0.014756944444444444
0 0.5559071729957806 0.7465277777777778 0.009142053445850914 0.012152777777777778
8 0.5566104078762306 0.7092013888888888 0.009142053445850914 0.012152777777777778
10 0.3020393811533052 0.7113715277777778 0.009142053445850914 0.014756944444444444
10 0.22749648382559776 0.3424479166666667 0.009142053445850914 0.014756944444444444
6 0.5566104078762306 0.9001736111111112 0.009142053445850914 0.012152777777777778
6 0.22679324894514769 0.20182291666666666 0.009142053445850914 0.014756944444444444
1 0.5559071729957806 0.1831597222222222 0.009142053445850914 0.012152777777777778
10 0.2289029535864979 0.51171875 0.009142053445850914 0.014756944444444444
2 0.5559071729957806 0.9383680555555556 0.009142053445850914 0.012152777777777778
10 0.22749648382559776 0.4110243055555556 0.009142053445850914 0.014756944444444444
1 0.5552039381153305 0.7673611111111112 0.009142053445850914 0.012152777777777778
10 0.22749648382559776 0.4457465277777778 0.009142053445850914 0.014756944444444444
7 0.30063291139240506 0.86328125 0.009142053445850914 0.014756944444444444