10 0.22679324894514769 0.2339409722222222 0.009142053445850914 0.014756944444444444
11 0.30063291139240506 0.86328125 0.009142053445850914 0.014756944444444444
2 0.5566104078762306 0.6892361111111112 0.009142053445850914 0.012152777777777778
11 0.5559071729957806 0.1605902777777778 0.009142053445850914 0.012152777777777778
9 0.16279887482419128 0.5811631944444444 0.009142053445850914 0.014756944444444444
9 0.5566104078762306 0.9583333333333334 0.009142053445850914 0.012152777777777778
0 0.2661744022503516 0.8146701388888888 0.009142053445850914 0.014756944444444444
11 0.5566104078762306 0.8810763888888888 0.009142053445850914 0.012152777777777778
8 0.5559071729957806 0.8428819444444444 0.009142053445850914 0.012152777777777778
10 0.5552039381153305 0.7291666666666666 0.009142053445850914 0.012152777777777778
12 0.5573136427566807 0.10416666666666667 0.009142053445850914 0.012152777777777778
6 0.2668776371308017 0.7634548611111112 0.009142053445850914 0.014756944444444444
1 0.5552039381153305 0.7673611111111112 0.009142053445850914 0.012152777777777778