0 0.2633614627285513 0.5794270833333334 0.009142053445850914 0.014756944444444444
10 0.22679324894514769 0.1662326388888889 0.009142053445850914 0.014756944444444444
1 0.2640646976090014 0.16536458333333334 0.009142053445850914 0.014756944444444444
0 0.5566104078762306 0.5347222222222222 0.009142053445850914 0.012152777777777778
0 0.22679324894514769 0.37890625 0.009142053445850914 0.014756944444444444
7 0.24859353023909986 0.14366319444444445 0.009142053445850914 0.014756944444444444
6 0.5566104078762306 0.6510416666666666 0.009142053445850914 0.012152777777777778
11 0.5552039381153305 0.3576388888888889 0.009142053445850914 0.012152777777777778
6 0.5566104078762306 0.4635416666666667 0.009142053445850914 0.012152777777777778
1 0.5552039381153305 0.8046875 0.009142053445850914 0.012152777777777778
0 0.2661744022503516 0.5134548611111112 0.009142053445850914 0.014756944444444444
1 0.26547116736990156 0.8901909722222222 0.009142053445850914 0.014756944444444444
4 0.5566104078762306 0.6310763888888888 0.009142053445850914 0.012152777777777778
7 0.5580168776371308 0.4852430555555556 0.009142053445850914 0.012152777777777778