0 0.22609001406469761 0.14453125 0.009142053445850914 0.014756944444444444
12 0.5580168776371308 0.1423611111111111 0.009142053445850914 0.012152777777777778
2 0.2795358649789029 0.1449652777777778 0.009142053445850914 0.012152777777777778
10 0.26758087201125175 0.7096354166666666 0.009142053445850914 0.014756944444444444
0 0.2668776371308017 0.7634548611111112 0.009142053445850914 0.014756944444444444
0 0.3020393811533052 0.7877604166666666 0.009142053445850914 0.014756944444444444
0 0.26476793248945146 0.2009548611111111 0.009142053445850914 0.014756944444444444
4 0.5566104078762306 0.6510416666666666 0.009142053445850914 0.012152777777777778
11 0.2661744022503516 0.8146701388888888 0.009142053445850914 0.014756944444444444
8 0.30133614627285515 0.8138020833333334 0.009142053445850914 0.014756944444444444
0 0.5566104078762306 0.6892361111111112 0.009142053445850914 0.012152777777777778
0 0.26547116736990156 0.3433159722222222 0.009142053445850914 0.014756944444444444
10 0.5573136427566807 0.25 0.009142053445850914 0.012152777777777778
1 0.5552039381153305 0.7673611111111112 0.009142053445850914 0.012152777777777778
10 0.26476793248945146 0.3111979166666667 0.009142053445850914 0.014756944444444444