11 0.2661744022503516 0.8146701388888888 0.009142053445850914 0.014756944444444444
0 0.5566104078762306 0.4635416666666667 0.009142053445850914 0.012152777777777778
10 0.22609001406469761 0.3120659722222222 0.009142053445850914 0.014756944444444444
4 0.5566104078762306 0.8619791666666666 0.009142053445850914 0.012152777777777778
0 0.2640646976090014 0.16536458333333334 0.009142053445850914 0.014756944444444444
1 0.2661744022503516 0.5134548611111112 0.009142053445850914 0.014756944444444444
8 0.5552039381153305 0.3576388888888889 0.009142053445850914 0.012152777777777778
12 0.5566104078762306 0.4375 0.009142053445850914 0.012152777777777778
11 0.30133614627285515 0.8138020833333334 0.009142053445850914 0.014756944444444444
10 0.5566104078762306 0.7092013888888888 0.009142053445850914 0.012152777777777778
6 0.26476793248945146 0.5464409722222222 0.009142053445850914 0.014756944444444444
2 0.5559071729957806 0.9383680555555556 0.009142053445850914 0.012152777777777778
9 0.22538677918424754 0.5464409722222222 0.009142053445850914 0.014756944444444444