10 0.2046875 0.43701657458563536 0.00859375 0.011049723756906077
0 0.4296875 0.6165745856353592 0.00859375 0.011049723756906077
8 0.162890625 0.8756906077348067 0.00859375 0.011049723756906077
1 0.906640625 0.5359116022099447 0.00859375 0.011049723756906077
0 0.44921875 0.7303867403314918 0.00859375 0.011049723756906077
9 0.182421875 0.2861878453038674 0.00859375 0.011049723756906077
7 0.9703125 0.305524861878453 0.00859375 0.011049723756906077
12 0.40859375 0.32486187845303865 0.00859375 0.011049723756906077
5 0.44921875 0.598342541436464 0.00859375 0.011049723756906077
7 0.40859375 0.9110497237569061 0.00859375 0.011049723756906077
5 0.891796875 0.30441988950276244 0.00859375 0.011049723756906077
0 0.428515625 0.30441988950276244 0.00859375 0.011049723756906077
7 0.428515625 0.6552486187845303 0.00859375 0.011049723756906077
0 0.2046875 0.24861878453038674 0.00859375 0.011049723756906077