0 0.906640625 0.5359116022099447 0.00859375 0.011049723756906077
5 0.40859375 0.598342541436464 0.00859375 0.011049723756906077
8 0.922265625 0.9419889502762431 0.00859375 0.011049723756906077
2 0.9703125 0.24861878453038674 0.00859375 0.011049723756906077
8 0.225390625 0.7530386740331492 0.00859375 0.011049723756906077
10 0.182421875 0.49392265193370166 0.00859375 0.011049723756906077
11 0.225 0.2861878453038674 0.00859375 0.011049723756906077
10 0.18359375 0.7530386740331492 0.00859375 0.011049723756906077
9 0.641796875 0.24972375690607734 0.00859375 0.011049723756906077
2 0.2046875 0.6585635359116022 0.00859375 0.011049723756906077
2 0.8921875 0.25082872928176797 0.00859375 0.011049723756906077
12 0.90625 0.8055248618784531 0.00859375 0.011049723756906077
0 0.40859375 0.9110497237569061 0.00859375 0.011049723756906077