10 0.2046875 0.4 0.00859375 0.011049723756906077
0 0.4078125 0.3994475138121547 0.00859375 0.011049723756906077
12 0.6421875 0.43480662983425417 0.00859375 0.011049723756906077
0 0.1625 0.3983425414364641 0.00859375 0.011049723756906077
1 0.891015625 0.5176795580110497 0.00859375 0.011049723756906077
7 0.906640625 0.5359116022099447 0.00859375 0.011049723756906077
7 0.44921875 0.2861878453038674 0.00859375 0.011049723756906077
4 0.9703125 0.24861878453038674 0.00859375 0.011049723756906077
10 0.956640625 0.5176795580110497 0.00859375 0.011049723756906077
7 0.225390625 0.2668508287292818 0.00859375 0.011049723756906077
10 0.1828125 0.30441988950276244 0.00859375 0.011049723756906077
0 0.428515625 0.4176795580110497 0.00859375 0.011049723756906077
10 0.18359375 0.6756906077348066 0.00859375 0.011049723756906077