8 0.163671875 0.6574585635359116 0.00859375 0.011049723756906077
4 0.428515625 0.3806629834254144 0.00859375 0.011049723756906077
10 0.641015625 0.8453038674033149 0.00859375 0.011049723756906077
0 0.6421875 0.6176795580110497 0.00859375 0.011049723756906077
9 0.162890625 0.24861878453038674 0.00859375 0.011049723756906077
5 0.891796875 0.48066298342541436 0.00859375 0.011049723756906077
7 0.162890625 0.6204419889502762 0.00859375 0.011049723756906077
0 0.18359375 0.6756906077348066 0.00859375 0.011049723756906077
10 0.204296875 0.5121546961325967 0.00859375 0.011049723756906077
0 0.40859375 0.32486187845303865 0.00859375 0.011049723756906077
10 0.891015625 0.5176795580110497 0.00859375 0.011049723756906077
12 0.1625 0.7690607734806629 0.00859375 0.011049723756906077
10 0.96171875 0.9613259668508287 0.00859375 0.011049723756906077
1 0.891015625 0.7668508287292818 0.00859375 0.011049723756906077
9 0.8921875 0.3430939226519337 0.00859375 0.011049723756906077