7 0.162890625 0.32486187845303865 0.00859375 0.011049723756906077
9 0.8921875 0.3430939226519337 0.00859375 0.011049723756906077
10 0.18359375 0.3430939226519337 0.00859375 0.011049723756906077
3 0.6421875 0.6176795580110497 0.00859375 0.011049723756906077
3 0.4296875 0.6165745856353592 0.00859375 0.011049723756906077
12 0.44921875 0.2861878453038674 0.00859375 0.011049723756906077
1 0.428515625 0.5806629834254143 0.00859375 0.011049723756906077
9 0.182421875 0.49392265193370166 0.00859375 0.011049723756906077
9 0.906640625 0.7497237569060774 0.00859375 0.011049723756906077
10 0.891796875 0.30441988950276244 0.00859375 0.011049723756906077
0 0.162890625 0.36132596685082874 0.00859375 0.011049723756906077