1 0.2048828125 0.874585635359116 0.009765625 0.012154696132596685
0 0.40859375 0.5624309392265193 0.00859375 0.011049723756906077
1 0.2046875 0.43701657458563536 0.00859375 0.011049723756906077
12 0.1828125 0.41878453038674035 0.00859375 0.011049723756906077
10 0.4078125 0.3994475138121547 0.00859375 0.011049723756906077
5 0.8921875 0.3430939226519337 0.00859375 0.011049723756906077
8 0.891015625 0.7668508287292818 0.00859375 0.011049723756906077
7 0.9609375 0.9237569060773481 0.00859375 0.011049723756906077
4 0.20546875 0.6215469613259669 0.00859375 0.011049723756906077
7 0.4078125 0.8756906077348067 0.00859375 0.011049723756906077
0 0.162890625 0.43591160220994474 0.00859375 0.011049723756906077
0 0.4078125 0.6917127071823205 0.00859375 0.011049723756906077
0 0.40859375 0.32486187845303865 0.00859375 0.011049723756906077