0 0.3929166666666667 0.6022661243463103 0.0425 0.01801278326554329
10 0.9479166666666666 0.2547937245787333 0.0425 0.01801278326554329
0 0.44625 0.41807088901801276 0.0425 0.01801278326554329
0 0.9445833333333333 0.1147588611272516 0.0425 0.01801278326554329
10 0.8970833333333333 0.6905868680999419 0.0425 0.01801278326554329
0 0.39458333333333334 0.9177803602556653 0.0425 0.01801278326554329
0 0.8945833333333333 0.6551423590935502 0.0425 0.01801278326554329
7 0.3929166666666667 0.41807088901801276 0.0425 0.01801278326554329
6 0.4454166666666667 0.6016850668216154 0.0425 0.01801278326554329
4 0.94875 0.4494479953515398 0.0425 0.01801278326554329
5 0.4454166666666667 0.15427077280650783 0.0425 0.01801278326554329
0 0.9470833333333334 0.689424753050552 0.0425 0.01801278326554329