1 0.39208333333333334 0.6812899477048228 0.0425 0.01801278326554329
0 0.3929166666666667 0.6022661243463103 0.0425 0.01801278326554329
10 0.4454166666666667 0.6016850668216154 0.0425 0.01801278326554329
8 0.4454166666666667 0.15427077280650783 0.0425 0.01801278326554329
3 0.8970833333333333 0.6905868680999419 0.0425 0.01801278326554329
0 0.3929166666666667 0.4517722254503196 0.0425 0.01801278326554329
10 0.9479166666666666 0.2547937245787333 0.0425 0.01801278326554329
7 0.39375 0.35066821615339916 0.0425 0.01801278326554329
12 0.9479166666666666 0.29837303893085415 0.0425 0.01801278326554329
11 0.3929166666666667 0.41807088901801276 0.0425 0.01801278326554329
0 0.9445833333333333 0.1147588611272516 0.0425 0.01801278326554329
3 0.89625 0.7219639744334689 0.0425 0.01801278326554329
10 0.3929166666666667 0.637129575828007 0.0425 0.01801278326554329
3 0.3929166666666667 0.3832074375363161 0.0425 0.01801278326554329