3 0.8945833333333333 0.6551423590935502 0.0425 0.01801278326554329
0 0.39625 0.12289366647298082 0.0425 0.01801278326554329
0 0.94875 0.8904706565950029 0.0425 0.01801278326554329
0 0.3929166666666667 0.637129575828007 0.0425 0.01801278326554329
10 0.4454166666666667 0.6016850668216154 0.0425 0.01801278326554329
11 0.44375 0.637129575828007 0.0425 0.01801278326554329
4 0.44625 0.384369552585706 0.0425 0.01801278326554329
0 0.44625 0.41807088901801276 0.0425 0.01801278326554329
0 0.3929166666666667 0.4517722254503196 0.0425 0.01801278326554329
11 0.39625 0.8346891342242883 0.0425 0.01801278326554329
12 0.9470833333333334 0.7231260894828588 0.0425 0.01801278326554329
10 0.4454166666666667 0.6824520627542127 0.0425 0.01801278326554329