9 0.44625 0.35008715862870426 0.0425 0.01801278326554329
0 0.44708333333333333 0.09093550261475886 0.0425 0.01801278326554329
9 0.9470833333333334 0.08396281231841952 0.0425 0.01801278326554329
4 0.44375 0.637129575828007 0.0425 0.01801278326554329
0 0.44958333333333333 0.8352701917489832 0.0425 0.01801278326554329
3 0.9479166666666666 0.2547937245787333 0.0425 0.01801278326554329
0 0.94875 0.8544450900639163 0.0425 0.01801278326554329
8 0.4454166666666667 0.9177803602556653 0.0425 0.01801278326554329
9 0.8970833333333333 0.6905868680999419 0.0425 0.01801278326554329
0 0.9470833333333334 0.6551423590935502 0.0425 0.01801278326554329
0 0.39375 0.35066821615339916 0.0425 0.01801278326554329
4 0.39458333333333334 0.9177803602556653 0.0425 0.01801278326554329
4 0.3929166666666667 0.3832074375363161 0.0425 0.01801278326554329