1 0.44708333333333333 0.09093550261475886 0.0425 0.01801278326554329
10 0.39625 0.12289366647298082 0.0425 0.01801278326554329
0 0.39458333333333334 0.9177803602556653 0.0425 0.01801278326554329
5 0.44625 0.35008715862870426 0.0425 0.01801278326554329
1 0.9479166666666666 0.9218477629285299 0.0425 0.01801278326554329
12 0.94875 0.8544450900639163 0.0425 0.01801278326554329
4 0.39625 0.8346891342242883 0.0425 0.01801278326554329
6 0.8945833333333333 0.6551423590935502 0.0425 0.01801278326554329
0 0.4454166666666667 0.6824520627542127 0.0425 0.01801278326554329
0 0.9470833333333334 0.7231260894828588 0.0425 0.01801278326554329
0 0.4454166666666667 0.6016850668216154 0.0425 0.01801278326554329