3 0.9445833333333333 0.1147588611272516 0.0425 0.01801278326554329
10 0.9470833333333334 0.08396281231841952 0.0425 0.01801278326554329
9 0.44625 0.384369552585706 0.0425 0.01801278326554329
2 0.3929166666666667 0.6022661243463103 0.0425 0.01801278326554329
0 0.94875 0.8904706565950029 0.0425 0.01801278326554329
0 0.4454166666666667 0.9177803602556653 0.0425 0.01801278326554329
8 0.8970833333333333 0.6905868680999419 0.0425 0.01801278326554329
0 0.9470833333333334 0.7231260894828588 0.0425 0.01801278326554329
5 0.44625 0.41807088901801276 0.0425 0.01801278326554329
0 0.9479166666666666 0.29837303893085415 0.0425 0.01801278326554329
3 0.94875 0.8544450900639163 0.0425 0.01801278326554329
1 0.3929166666666667 0.4517722254503196 0.0425 0.01801278326554329
7 0.3929166666666667 0.08977338756536897 0.0425 0.01801278326554329