10 0.44625 0.35008715862870426 0.0425 0.01801278326554329
11 0.3929166666666667 0.4517722254503196 0.0425 0.01801278326554329
12 0.9470833333333334 0.7231260894828588 0.0425 0.01801278326554329
10 0.44708333333333333 0.09093550261475886 0.0425 0.01801278326554329
0 0.4454166666666667 0.15427077280650783 0.0425 0.01801278326554329
4 0.3929166666666667 0.637129575828007 0.0425 0.01801278326554329
8 0.3929166666666667 0.08977338756536897 0.0425 0.01801278326554329
12 0.39625 0.12289366647298082 0.0425 0.01801278326554329
12 0.9479166666666666 0.29837303893085415 0.0425 0.01801278326554329
12 0.4454166666666667 0.6016850668216154 0.0425 0.01801278326554329
1 0.39208333333333334 0.6812899477048228 0.0425 0.01801278326554329
10 0.9470833333333334 0.689424753050552 0.0425 0.01801278326554329