11 0.44958333333333333 0.8352701917489832 0.0425 0.01801278326554329
7 0.89625 0.7219639744334689 0.0425 0.01801278326554329
7 0.39625 0.12289366647298082 0.0425 0.01801278326554329
9 0.94875 0.8544450900639163 0.0425 0.01801278326554329
3 0.9479166666666666 0.2547937245787333 0.0425 0.01801278326554329
1 0.9470833333333334 0.6551423590935502 0.0425 0.01801278326554329
1 0.8970833333333333 0.6905868680999419 0.0425 0.01801278326554329
0 0.9479166666666666 0.29837303893085415 0.0425 0.01801278326554329
1 0.44625 0.41807088901801276 0.0425 0.01801278326554329
3 0.3929166666666667 0.4517722254503196 0.0425 0.01801278326554329
3 0.39625 0.8346891342242883 0.0425 0.01801278326554329
7 0.9479166666666666 0.9218477629285299 0.0425 0.01801278326554329
0 0.39375 0.35066821615339916 0.0425 0.01801278326554329
10 0.9445833333333333 0.1147588611272516 0.0425 0.01801278326554329