10 0.4533029612756264 0.5407608695652174 0.08200455580865604 0.03152173913043478
7 0.9066059225512528 0.8048913043478261 0.08200455580865604 0.03152173913043478
0 0.4533029612756264 0.5722826086956522 0.08200455580865604 0.03152173913043478
10 0.9066059225512528 0.6255434782608695 0.08200455580865604 0.03152173913043478
11 0.9066059225512528 0.34402173913043477 0.08200455580865604 0.03152173913043478
6 0.9066059225512528 0.6559782608695652 0.08200455580865604 0.03152173913043478
2 0.9066059225512528 0.5929347826086957 0.08200455580865604 0.03152173913043478
1 0.45558086560364464 0.3516304347826087 0.0774487471526196 0.014130434782608696
0 0.908883826879271 0.40706521739130436 0.08200455580865604 0.03152173913043478
0 0.9020501138952164 0.31032608695652175 0.08200455580865604 0.03152173913043478
12 0.45558086560364464 0.2722826086956522 0.0774487471526196 0.014130434782608696
10 0.45558086560364464 0.3766304347826087 0.08200455580865604 0.03152173913043478