6 0.7257853403141361 0.6550925925925926 0.013089005235602094 0.019444444444444445
7 0.9502617801047121 0.7902777777777777 0.013089005235602094 0.019444444444444445
11 0.8730366492146597 0.4097222222222222 0.013089005235602094 0.019444444444444445
0 0.7984293193717278 0.3060185185185185 0.013089005235602094 0.019444444444444445
11 0.762434554973822 0.3587962962962963 0.013089005235602094 0.019444444444444445
0 0.7990837696335078 0.16805555555555557 0.013089005235602094 0.019444444444444445
12 0.9096858638743456 0.2763888888888889 0.013089005235602094 0.019444444444444445
10 0.7990837696335078 0.1439814814814815 0.013089005235602094 0.019444444444444445
0 0.8717277486910995 0.1986111111111111 0.013089005235602094 0.019444444444444445
10 0.7899214659685864 0.6541666666666667 0.013089005235602094 0.019444444444444445
0 0.8507853403141361 0.6541666666666667 0.013089005235602094 0.019444444444444445
10 0.7257853403141361 0.30416666666666664 0.013089005235602094 0.019444444444444445
12 0.17670157068062828 0.8319444444444445 0.013089005235602094 0.019444444444444445