7 0.725130890052356 0.1412037037037037 0.013089005235602094 0.019444444444444445
6 0.9096858638743456 0.25046296296296294 0.013089005235602094 0.019444444444444445
6 0.8717277486910995 0.2800925925925926 0.013089005235602094 0.019444444444444445
7 0.762434554973822 0.33101851851851855 0.013089005235602094 0.019444444444444445
3 0.8723821989528796 0.14212962962962963 0.013089005235602094 0.019444444444444445
7 0.7997382198952879 0.38472222222222224 0.013089005235602094 0.019444444444444445
0 0.7990837696335078 0.36064814814814816 0.013089005235602094 0.019444444444444445
0 0.7984293193717278 0.44027777777777777 0.013089005235602094 0.019444444444444445
4 0.9502617801047121 0.7902777777777777 0.013089005235602094 0.019444444444444445
10 0.17735602094240838 0.4375 0.013089005235602094 0.019444444444444445
10 0.9476439790575916 0.2 0.014397905759162303 0.022222222222222223
2 0.7990837696335078 0.1439814814814815 0.013089005235602094 0.019444444444444445