10 0.724476439790576 0.25324074074074077 0.013089005235602094 0.019444444444444445
3 0.9456806282722513 0.22407407407407406 0.014397905759162303 0.022222222222222223
0 0.724476439790576 0.7615740740740741 0.013089005235602094 0.019444444444444445
7 0.9096858638743456 0.22361111111111112 0.013089005235602094 0.019444444444444445
0 0.8730366492146597 0.4393518518518518 0.013089005235602094 0.019444444444444445
0 0.725130890052356 0.6273148148148148 0.013089005235602094 0.019444444444444445
6 0.9096858638743456 0.2763888888888889 0.013089005235602094 0.019444444444444445
3 0.9116492146596858 0.33194444444444443 0.013089005235602094 0.019444444444444445
0 0.7997382198952879 0.38472222222222224 0.013089005235602094 0.019444444444444445
0 0.7257853403141361 0.4162037037037037 0.013089005235602094 0.019444444444444445
11 0.8723821989528796 0.2523148148148148 0.013089005235602094 0.019444444444444445
7 0.8520942408376964 0.7893518518518519 0.013089005235602094 0.019444444444444445