5 0.724476439790576 0.7615740740740741 0.013089005235602094 0.019444444444444445
10 0.9456806282722513 0.22407407407407406 0.014397905759162303 0.022222222222222223
11 0.8520942408376964 0.6273148148148148 0.013089005235602094 0.019444444444444445
12 0.8717277486910995 0.2800925925925926 0.013089005235602094 0.019444444444444445
0 0.7238219895287958 0.7087962962962963 0.013089005235602094 0.019444444444444445
2 0.9096858638743456 0.2763888888888889 0.013089005235602094 0.019444444444444445
6 0.17735602094240838 0.4375 0.013089005235602094 0.019444444444444445
3 0.9502617801047121 0.7902777777777777 0.013089005235602094 0.019444444444444445
2 0.8887434554973822 0.7893518518518519 0.013089005235602094 0.019444444444444445
10 0.9509162303664922 0.6800925925925926 0.013089005235602094 0.019444444444444445
9 0.9103403141361257 0.4412037037037037 0.013089005235602094 0.019444444444444445
2 0.762434554973822 0.19768518518518519 0.013089005235602094 0.019444444444444445