6 0.9502617801047121 0.6532407407407408 0.013089005235602094 0.019444444444444445
8 0.8887434554973822 0.6828703703703703 0.013089005235602094 0.019444444444444445
0 0.762434554973822 0.46620370370370373 0.013089005235602094 0.019444444444444445
10 0.724476439790576 0.25324074074074077 0.013089005235602094 0.019444444444444445
1 0.9476439790575916 0.30833333333333335 0.014397905759162303 0.022222222222222223
10 0.887434554973822 0.6236111111111111 0.013089005235602094 0.019444444444444445
1 0.8893979057591623 0.6541666666666667 0.013089005235602094 0.019444444444444445
10 0.7997382198952879 0.38472222222222224 0.013089005235602094 0.019444444444444445
12 0.8520942408376964 0.7893518518518519 0.013089005235602094 0.019444444444444445
0 0.8723821989528796 0.3050925925925926 0.013089005235602094 0.019444444444444445
1 0.17735602094240838 0.4375 0.013089005235602094 0.019444444444444445
0 0.725130890052356 0.33194444444444443 0.013089005235602094 0.019444444444444445
0 0.7990837696335078 0.36064814814814816 0.013089005235602094 0.019444444444444445
0 0.4083769633507853 0.6300925925925925 0.013089005235602094 0.019444444444444445
2 0.762434554973822 0.44027777777777777 0.013089005235602094 0.019444444444444445