0 0.308187 0.038967 0.017544 0.014085
0 0.365497 0.038498 0.019883 0.015023
0 0.423392 0.038028 0.016374 0.014085
0 0.480702 0.038028 0.018713 0.015962
0 0.538596 0.038498 0.017544 0.015023
0 0.597076 0.038967 0.019883 0.014085
0 0.654386 0.038498 0.017544 0.015023
0 0.307602 0.058685 0.018713 0.015962
0 0.364327 0.059624 0.019883 0.014085
0 0.422807 0.060094 0.019883 0.016901
0 0.481871 0.059624 0.018713 0.014085
0 0.538012 0.059155 0.021053 0.016901
0 0.595906 0.058685 0.019883 0.015962
0 0.654386 0.059624 0.019883 0.015962
0 0.306433 0.090141 0.021053 0.016901
0 0.364327 0.090141 0.022222 0.016901
0 0.422807 0.090610 0.019883 0.015962
0 0.482456 0.091080 0.019883 0.015023
0 0.538596 0.090610 0.017544 0.014085
0 0.482456 0.112676 0.019883 0.015023
0 0.538596 0.112207 0.017544 0.014085
0 0.598246 0.090610 0.017544 0.014085
0 0.595906 0.113146 0.017544 0.014085
0 0.654386 0.091549 0.017544 0.014085
0 0.654386 0.111268 0.017544 0.014085
0 0.365497 0.111737 0.022222 0.016901
0 0.423977 0.111737 0.022222 0.016901
0 0.307018 0.111737 0.022222 0.016901
0 0.308187 0.142723 0.022222 0.016901
0 0.364327 0.143662 0.022222 0.016901
0 0.425146 0.142723 0.022222 0.016901
0 0.482456 0.143662 0.022222 0.016901
0 0.539766 0.144601 0.022222 0.016901
0 0.598246 0.142723 0.022222 0.016901
0 0.655556 0.143662 0.022222 0.016901
0 0.654386 0.164319 0.022222 0.016901
0 0.598246 0.164319 0.022222 0.016901
0 0.540936 0.164319 0.022222 0.016901
0 0.482456 0.164319 0.022222 0.016901
0 0.425146 0.165258 0.022222 0.016901
0 0.366667 0.164319 0.022222 0.016901
0 0.308187 0.163380 0.022222 0.016901
0 0.308187 0.195305 0.022222 0.016901
0 0.307018 0.217840 0.022222 0.016901
0 0.366667 0.217840 0.022222 0.016901
0 0.364327 0.196714 0.019883 0.017840
0 0.425146 0.196244 0.022222 0.016901
0 0.425146 0.217840 0.022222 0.016901
0 0.483626 0.196244 0.022222 0.016901
0 0.540936 0.195305 0.022222 0.016901
0 0.598246 0.196244 0.022222 0.016901
0 0.655556 0.197183 0.022222 0.016901
0 0.655556 0.217840 0.022222 0.016901
0 0.599415 0.217840 0.022222 0.016901
0 0.539766 0.217840 0.022222 0.016901
0 0.483626 0.218779 0.022222 0.016901
0 0.483626 0.249765 0.022222 0.016901
0 0.483626 0.269484 0.022222 0.016901
0 0.540936 0.269484 0.022222 0.016901
0 0.597076 0.270423 0.022222 0.016901
0 0.655556 0.270423 0.022222 0.016901
0 0.655556 0.248826 0.022222 0.016901
0 0.598246 0.249765 0.022222 0.016901
0 0.540936 0.248826 0.022222 0.016901
0 0.425146 0.269484 0.022222 0.016901
0 0.426316 0.248826 0.022222 0.016901
0 0.366667 0.248826 0.022222 0.016901
0 0.365497 0.272300 0.022222 0.016901
0 0.308187 0.270423 0.022222 0.016901
0 0.309357 0.248826 0.022222 0.016901
0 0.309357 0.301408 0.022222 0.016901
0 0.309357 0.323944 0.022222 0.016901
0 0.367836 0.323944 0.022222 0.016901
0 0.366667 0.302347 0.022222 0.016901
0 0.425146 0.301408 0.022222 0.016901
0 0.425146 0.323944 0.022222 0.016901
0 0.482456 0.303286 0.022222 0.016901
0 0.484795 0.323005 0.022222 0.016901
0 0.540936 0.323944 0.022222 0.016901
0 0.540936 0.301408 0.022222 0.016901
0 0.598246 0.302347 0.022222 0.016901
0 0.599415 0.325822 0.022222 0.016901
0 0.657895 0.324883 0.022222 0.016901
0 0.656725 0.302347 0.022222 0.016901
0 0.964327 0.414085 0.022222 0.016901
0 0.964327 0.468545 0.022222 0.016901
0 0.964327 0.524883 0.022222 0.016901
0 0.965497 0.579343 0.022222 0.016901
0 0.965497 0.634742 0.022222 0.016901
0 0.965497 0.689202 0.022222 0.016901
